0.020107    1.0931
0.12569    1.0180
0.24941    0.93077
0.35664    0.88777
0.44408    0.82639
0.46222    0.81279
0.54059    0.78408
0.60410    0.76185
0.70060    0.73901
0.82873    0.67442
0.95878    0.62117
1.0413    0.60322
1.1369    0.57519
1.2425    0.53854
1.3250    0.51352
1.4116    0.49265
1.5263    0.46691
1.6681    0.43764
1.8100    0.40257
1.9519    0.37257
2.0938    0.34271
2.2356    0.31910
2.3775    0.30428
2.5194    0.28332
2.6612    0.26380
2.8031    0.24563
2.9131    0.23534
3.0431    0.22210
3.1578    0.21044
3.2997    0.19595
3.4415    0.18029
3.5834    0.17191
3.7253    0.15818
3.8672    0.14905
4.0090    0.13878
4.1509    0.12922
4.2928    0.12322
4.3819    0.11759
4.5056    0.11203
4.5691    0.10820
4.6475    0.10432
4.7893    0.098293
4.9131    0.093752
4.9865    0.089942
5.1094    0.085219
5.2150    0.080298
5.3568    0.075662
5.4987    0.070450
5.6406    0.066383
5.7824    0.061810
5.9334    0.058613
6.0480    0.055890
6.1487    0.052329
6.2353    0.050508
6.3499    0.047579
6.4918    0.044302
6.6337    0.041250
6.7756    0.038868
6.8855    0.037025
6.9884    0.034932
7.1302    0.032906
7.2721    0.030277
7.4140    0.028521
7.5559    0.026264
7.6977    0.024160
7.8396    0.022489
7.9815    0.020448
8.1233    0.019039
8.2652    0.017518
8.4071    0.016119
8.5490    0.014482
8.6908    0.013485
8.8327    0.012116
8.9746    0.011016
9.0810    0.010380
9.1874    0.0095509
9.3293    0.0085813
9.4456    0.0078521
9.5421    0.0070941
9.6485    0.0066055
9.7293    0.0060778
9.7903    0.0057269
9.8613    0.0053324
9.9322    0.0049651
10.039    0.0044083
10.145    0.0039139
10.216    0.0035587
10.287    0.0032357
10.322    0.0029772
10.393    0.0026749
10.464    0.0024321
10.528    0.0022378
10.552    0.0021086
10.606    0.0018721
10.634    0.0017743
10.686    0.0016530
10.732    0.0015477
10.749    0.0014411
10.784    0.0013103
10.811    0.0012056
10.837    0.0010832
10.854    0.00098490
10.890    0.00087445
10.917    0.00079507
10.936    0.00075813
10.943    0.00070591
10.961    0.00064952
10.978    0.00058358
10.988    0.00053061
10.996    0.00043865
11.005    0.00048244
11.057    0.00039884
11.136    0.00039884
11.165    0.00043865
11.191    0.00048244
11.208    0.00052433
11.235    0.00056986
11.238    0.00064184
11.279    0.00074031
11.315    0.00081421
11.351    0.00089550
11.398    0.00099274
11.422    0.0011360
11.493    0.0013103
11.581    0.0015294
11.643    0.0016821
11.706    0.0018281
11.777    0.0019634
11.892    0.0022114
12.007    0.0024483
12.139    0.0026927
12.309    0.0029072
12.450    0.0031222
12.592    0.0033532
12.734    0.0035587
12.876    0.0036880
13.018    0.0038677
13.160    0.0040584
13.302    0.0041549
13.444    0.0043070
13.585    0.0044377
13.664    0.0044945
13.727    0.0045144
13.869    0.0046257
14.011    0.0047659
14.153    0.0048807
14.295    0.0049706
14.437    0.0049995
14.579    0.0050888
14.720    0.0050874
14.862    0.0051185
15.004    0.0050874
15.146    0.0050552
15.288    0.0051171
15.430    0.0050874
15.572    0.0050566
15.714    0.0050874
15.855    0.0051185
15.997    0.0051185
16.139    0.0050846
16.281    0.0050860
16.423    0.0051185
16.565    0.0050874
16.707    0.0050566
16.849    0.0050566
16.990    0.0050566
17.132    0.0050259
17.274    0.0049651
17.416    0.0049363
17.558    0.0049091
17.700    0.0048807
17.842    0.0048511
17.983    0.0048216
18.125    0.0047633
18.267    0.0047344
18.409    0.0046797
18.551    0.0045976
18.693    0.0045697
18.835    0.0045420
18.977    0.0045144
19.118    0.0044623
19.260    0.0044083
19.402    0.0043562
19.544    0.0043309
19.607    0.0043381
19.686    0.0042797
19.828    0.0042549
19.970    0.0041791
20.112    0.0041803
20.199    0.0041549
20.272    0.0041115
20.395    0.0040572
20.537    0.0040082
20.679    0.0040082
20.821    0.0039378
20.963    0.0038463
21.105    0.0038240
21.247    0.0037549
21.388    0.0037549
21.530    0.0037105
21.672    0.0036890
21.814    0.0036443
21.956    0.0036222
22.114    0.0035824
22.274    0.0035390
22.434    0.0034750
22.585    0.0034349
22.736    0.0033746
22.878    0.0033136
23.029    0.0032735
23.213    0.0032374
23.400    0.0031983
23.578    0.0031422
23.729    0.0030870
23.871    0.0030312
24.022    0.0029763
24.155    0.0029257
24.297    0.0028911
24.439    0.0028396
24.581    0.0028060
24.722    0.0027401
24.864    0.0027077
25.006    0.0026749
25.148    0.0026294
25.290    0.0025819
25.432    0.0025819
25.574    0.0025059
25.716    0.0024756
25.857    0.0024605
25.999    0.0024034
26.141    0.0023749
26.283    0.0023469
26.425    0.0023191
26.567    0.0022784
26.709    0.0022646
26.851    0.0022114
26.992    0.0021594
27.134    0.0021594
27.276    0.0021086
27.418    0.0020590
27.560    0.0020590
27.702    0.0020106
27.844    0.0019869
27.986    0.0019634
28.127    0.0019172
28.269    0.0018945
28.411    0.0018500
28.553    0.0018281
28.695    0.0018065
28.837    0.0017645
28.979    0.0017432
29.120    0.0017226
29.262    0.0017022
29.404    0.0016821
29.546    0.0016425
29.688    0.0016231
29.830    0.0016039
29.972    0.0015662
30.114    0.0015294
30.255    0.0015113
30.397    0.0014934
30.539    0.0014758
30.681    0.0014668
30.823    0.0014491
30.965    0.0014245
31.107    0.0014072
31.249    0.0013906
31.390    0.0013583
31.532    0.0013418
31.674    0.0013260
31.816    0.0012952
31.958    0.0012644
32.100    0.0012494
32.242    0.0012275
32.384    0.0012133
32.525    0.0011914
32.667    0.0011848
32.809    0.0011633
32.951    0.0011496
33.093    0.0011229
33.235    0.0011093
33.377    0.0010832
33.519    0.0010704
33.660    0.0010583
33.802    0.0010329
33.900    0.0010221
33.944    0.0010086
34.086    0.0010030
34.228    0.00099696
34.370    0.00098517
34.512    0.00096174
34.654    0.00095063
34.795    0.00093913
34.937    0.00091756
35.079    0.00090646
35.221    0.00089550
35.363    0.00088540
35.505    0.00087493
35.647    0.00085389
35.770    0.00084403
35.853    0.00084496
35.967    0.00082921
36.072    0.00082396
36.214    0.00081421
36.356    0.00080037
36.498    0.00077638
36.640    0.00077638
36.782    0.00076720
36.923    0.00074917
37.065    0.00074031
37.207    0.00074031
37.349    0.00072291
37.491    0.00070591
37.633    0.00070591
37.775    0.00068932
37.917    0.00067311
38.058    0.00067311
38.200    0.00066515
38.342    0.00065729
38.484    0.00064952
38.626    0.00064184
38.768    0.00062692
38.910    0.00061951
39.052    0.00061201
39.193    0.00060478
39.335    0.00059763
39.477    0.00058358
39.619    0.00058358
39.761    0.00056986
39.903    0.00056312
40.045    0.00055646
40.187    0.00055324
40.328    0.00054670
40.470    0.00054338
40.612    0.00053696
40.754    0.00052130
40.896    0.00051813
41.038    0.00050595
41.180    0.00049997
41.322    0.00049133
41.463    0.00048244
41.605    0.00047674
41.747    0.00047110
41.889    0.00046553
42.031    0.00046003
42.173    0.00045471
42.315    0.00044921
42.457    0.00043865
42.598    0.00043096
42.740    0.00042339
42.882    0.00041827
43.024    0.00040844
43.166    0.00040844
43.308    0.00039884
43.450    0.00039412
43.591    0.00038946
43.733    0.00038475
43.875    0.00037581
44.017    0.00036697
44.159    0.00036263
44.301    0.00035216
44.443    0.00035002
44.585    0.00034579
44.726    0.00033972
44.868    0.00033376
45.010    0.00032972
45.152    0.00032393
45.294    0.00031632
45.436    0.00031258
45.578    0.00030888
45.720    0.00030701
45.880    0.00030329
46.003    0.00029453
46.145    0.00028928
46.287    0.00028428
46.456    0.00028084
46.634    0.00027576
46.784    0.00026943
46.925    0.00026617
47.067    0.00025848
47.209    0.00025380
47.351    0.00024784
47.493    0.00024201
47.635    0.00023908
47.777    0.00023359
47.919    0.00023077
48.060    0.00022534
48.202    0.00021744
48.344    0.00021233
48.486    0.00020982
48.628    0.00020489
48.770    0.00020007
48.912    0.00020007
49.054    0.00019537
49.195    0.00019077
49.337    0.00018629
49.479    0.00018191
49.621    0.00017976
49.763    0.00017346
49.905    0.00017346
50.047    0.00016738
50.189    0.00016540
50.330    0.00015960
50.472    0.00015771
50.614    0.00015219
50.756    0.00014861
50.898    0.00014685
51.040    0.00014348
51.182    0.00014003
51.263    0.00013856
51.369    0.00013681
51.465    0.00013352
51.564    0.00013049
51.678    0.00012888
51.776    0.00012675
51.875    0.00012585
51.962    0.00012140
52.023    0.00012013
52.167    0.00011855
52.246    0.00011576
52.388    0.00011439
52.529    0.00011170
52.671    0.00010779
52.813    0.00010525
52.955    0.00010346
53.097    0.00010036
53.186    0.000098683
53.310    0.000096871
53.452    0.000094594
53.593    0.000091253
53.683    0.000089726
53.806    0.000087013
53.948    0.000085984
54.090    0.000082970
54.232    0.000081019
54.374    0.000079115
54.516    0.000076341
54.658    0.000075439
54.799    0.000072373
54.941    0.000071083
55.083    0.000068591
55.225    0.000066979
55.367    0.000065404
55.465    0.000064310
55.580    0.000062365
55.641    0.000062090
55.722    0.000060899
55.863    0.000059468
55.934    0.000058489
56.005    0.000058070
56.147    0.000056704
56.289    0.000054717
56.431    0.000054070
56.573    0.000052174
56.715    0.000050948
56.857    0.000050068
56.998    0.000048581
57.140    0.000047439
57.282    0.000046055
57.424    0.000044985
57.566    0.000043939
57.708    0.000042387
57.850    0.000041644
57.992    0.000040429
58.081    0.000039533
58.179    0.000038990
58.259    0.000038338
58.355    0.000037634
58.444    0.000037004
58.541    0.000036325
58.604    0.000036164
58.701    0.000035707
58.772    0.000035334
58.843    0.000034637
58.968    0.000034057
59.101    0.000033229
59.243    0.000032646
59.386    0.000032056
59.544    0.000031510
59.694    0.000031164
59.836    0.000030617
59.978    0.000030088
