Bootstrapped Data
Energy (GeV)   Theta (Degrees)   Sigma Experimental   Uncertainties   Dataset
0.2692   90.0   1.079e-06   7.0135e-08   
0.619   85.0   2.384e-10   1.93104e-11   
0.5386   30.0   6.671e-05   3.06866e-06   
0.4649   40.0   1.89e-05   3.969e-07   
0.2692   80.0   2.389e-06   1.52896e-07   
0.247   60.0   3.46e-05   1.9e-06   
0.2832   135.0   5.67e-08   1.985e-09   
0.4649   40.0   1.94e-05   3.686e-07   
0.2292   155.0   1.548e-07   1.0062e-08   
0.5084   155.0   6.751e-12   1.768762e-12   
0.619   68.0   4.93e-09   4.2891e-10   
0.2692   45.0   0.0001025   6.56e-06   
0.5386   55.0   3.247e-07   1.52609e-08   
0.3088   155.0   1.335e-08   8.544e-10   
0.3523   60.0   4.59e-06   1.056e-07   
0.5386   55.0   3.247e-07   1.52609e-08   
0.3886   100.0   2.208e-08   1.23648e-09   
0.4589   60.0   6.33e-07   1.583e-08   
0.619   45.0   7.404e-07   3.3318e-08   
0.4589   60.0   6.49e-07   1.493e-08   
0.4687   55.0   1.12e-06   5.264e-08   
0.2832   135.0   5.67e-08   1.985e-09   
0.4687   65.0   2.267e-07   1.11083e-08   
0.4149   40.0   3.42e-05   5.13e-07   
0.2515   80.0   4.13e-06   1.28e-07   
0.247   60.0   3.46e-05   1.9e-06   
0.1777   135.0   1.17e-06   2.925e-08   
0.4286   90.0   2.006e-08   1.36408e-09   
0.6589   92.5   3.749e-11   4.72374e-12   
0.5084   45.0   3.82e-06   1.7572e-07   
0.5084   82.0   6.949e-09   4.51685e-10   
0.1892   90.0   7.87e-06   5.1155e-07   
0.6277   40.0   2.37e-06   5.925e-08   
0.4286   35.0   7.3e-05   3.358e-06   
0.3088   82.0   8.308e-07   5.31712e-08   
0.1361   135.0   3.43e-06   7.546e-08   
0.3088   155.0   1.335e-08   8.544e-10   
0.077   160.0   8.04e-06   9.3e-07   
0.2692   55.0   3.068e-05   1.96352e-06   
0.2861   60.0   1.43e-05   3.146e-07   
0.569   50.0   5.494e-07   2.4723e-08   
0.2292   65.0   2.207e-05   1.41248e-06   
0.1   60.0   0.000572   2.1e-05   
0.1174   120.0   1.06e-05   2.862e-07   
0.5386   82.0   3.35e-09   2.1775e-10   
0.2241   80.0   7.41e-06   1.853e-07   
0.5289   50.0   1.036e-06   4.662e-08   
0.3585   40.0   7.42e-05   1.336e-06   
0.5386   50.0   8.709e-07   4.00614e-08   
0.2692   82.0   2.068e-06   1.3442e-07   
0.2692   65.0   1.027e-05   6.5728e-07   
0.5386   100.0   2.678e-10   3.37428e-11   
0.1174   120.0   1.06e-05   2.862e-07   
0.3886   65.0   1.074e-06   5.1552e-08   
0.5101   40.0   1.13e-05   1.921e-07   
0.4687   100.0   2.2e-09   1.716e-10   
0.2123   135.0   4.46e-07   1.293e-08   
0.2292   155.0   1.548e-07   1.0062e-08   
0.1892   35.0   0.001194   7.761e-05   
0.5084   100.0   6.417e-10   5.58279e-11   
0.2292   155.0   1.548e-07   1.0062e-08   
0.183   160.0   5.55e-07   4.3e-08   
0.4649   40.0   1.94e-05   3.686e-07   
0.5084   65.0   9.513e-08   5.23215e-09   
0.2692   100.0   5.034e-07   3.22176e-08   
0.3486   60.0   4.432e-06   2.12736e-07   
0.4589   60.0   6.49e-07   1.493e-08   
0.4286   55.0   2.137e-06   1.02576e-07   
0.3088   45.0   6.233e-05   2.86718e-06   
0.1777   135.0   1.17e-06   2.925e-08   
0.1361   135.0   3.43e-06   7.546e-08   
0.1777   135.0   1.17e-06   2.925e-08   
0.6277   40.0   2.37e-06   5.925e-08   
0.4687   155.0   3.602e-11   4.75464e-12   
0.15   60.0   0.0002   2.9e-06   
0.4286   35.0   7.3e-05   3.358e-06   
0.4088   60.0   1.7e-06   3.23e-08   
0.2727   120.0   1.65e-07   6.93e-09   
0.4286   35.0   7.3e-05   3.358e-06   
0.2292   55.0   5.927e-05   3.85255e-06   
0.3088   100.0   1.798e-07   1.1687e-08   
0.4649   40.0   1.89e-05   3.969e-07   
0.4687   100.0   2.2e-09   1.716e-10   
0.2692   100.0   5.034e-07   3.22176e-08   
0.2832   135.0   5.67e-08   1.985e-09   
0.1892   50.0   0.0001958   1.2727e-05   
0.619   50.0   2.347e-07   1.07962e-08   
0.3486   90.0   1.585e-07   7.608e-09   
0.593   50.0   3.86e-07   6.948e-09   
0.1892   80.0   1.585e-05   1.03025e-06   
0.1581   135.0   1.88e-06   4.888e-08   
0.5909   40.0   4.03e-06   5.642e-08   
0.5084   82.0   6.949e-09   4.51685e-10   
0.6626   40.0   1.59e-06   3.021e-08   
0.5386   30.0   6.671e-05   3.06866e-06   
0.569   50.0   5.494e-07   2.4723e-08   
0.2534   100.0   8.6e-07   2.15e-08   
0.4687   155.0   3.602e-11   4.75464e-12   
0.2534   100.0   8.6e-07   2.15e-08   
0.02985   93.1   0.00093   5.5e-05   
0.3886   60.0   2.149e-06   9.8854e-08   
0.5084   45.0   3.752e-06   1.72592e-07   
0.5386   35.0   2.116e-05   1.01568e-06   
0.5084   55.0   5.536e-07   2.65728e-08   
0.3523   60.0   4.65e-06   9.3e-08   
0.2692   68.0   7.417e-06   4.74688e-07   
0.4149   40.0   3.42e-05   5.13e-07   
0.3886   60.0   2.149e-06   9.8854e-08   
0.2692   102.0   4.394e-07   2.8561e-08   
0.3088   50.0   3.218e-05   1.48028e-06   
0.2292   85.0   4.104e-06   2.6676e-07   
0.189   120.0   1.59e-06   3.498e-08   
0.5084   54.0   6.789e-07   3.12294e-08   
0.4286   60.0   1.012e-06   4.554e-08   
0.5084   50.0   1.44e-06   6.48e-08   
0.02985   162.5   2.79e-05   2.1e-06   
0.1448   120.0   5.13e-06   1.077e-07   
0.3886   50.0   9.251e-06   4.25546e-07   
0.6589   83.0   1.296e-10   9.2016e-12   
0.3416   80.0   5.39e-07   2.156e-08   
0.3486   100.0   6.536e-08   3.13728e-09   
0.5386   40.0   7.06e-06   3.3888e-07   
0.1   60.0   0.000572   2.1e-05   
0.5084   65.0   9.513e-08   5.23215e-09   
0.2692   50.0   5.51e-05   3.5815e-06   
0.2292   100.0   1.428e-06   9.1392e-08   
0.5084   60.0   2.202e-07   1.18908e-08   
0.5084   45.0   3.82e-06   1.7572e-07   
0.2861   60.0   1.47e-05   3.675e-07   
0.4687   100.0   2.2e-09   1.716e-10   
0.3486   50.0   1.7e-05   7.82e-07   
0.127   160.0   2.37e-06   2e-07   
0.5084   60.0   2.328e-07   1.07088e-08   
0.3585   40.0   7.42e-05   1.336e-06   
0.3212   80.0   9.24e-07   2.495e-08   
0.3815   60.0   2.73e-06   5.46e-08   
0.3886   40.0   4.662e-05   2.19114e-06   
0.2292   100.0   1.428e-06   9.1392e-08   
0.2292   65.0   2.207e-05   1.41248e-06   
0.2692   50.0   5.51e-05   3.5815e-06   
0.4687   100.0   2.2e-09   1.716e-10   
0.4687   155.0   3.602e-11   4.75464e-12   
0.5396   50.0   9.44e-07   1.605e-08   
0.4088   60.0   1.67e-06   3.507e-08   
0.3212   80.0   9.24e-07   2.495e-08   
0.6837   55.0   2.275e-08   1.25125e-09   
0.4345   60.0   1.03e-06   1.854e-08   
0.4286   50.0   5.071e-06   2.38337e-07   
0.5396   50.0   9.44e-07   1.605e-08   
0.3486   60.0   4.432e-06   2.12736e-07   
0.4589   60.0   6.49e-07   1.493e-08   
0.3208   60.0   8.05e-06   1.691e-07   
0.2469   60.0   3.06e-05   6.426e-07   
0.4687   65.0   2.267e-07   1.11083e-08   
0.4649   40.0   1.94e-05   3.686e-07   
0.2292   95.0   1.982e-06   1.26848e-07   
0.5084   55.0   5.536e-07   2.65728e-08   
0.593   50.0   3.86e-07   6.948e-09   
0.2727   120.0   1.65e-07   6.93e-09   
0.3088   155.0   1.335e-08   8.544e-10   
0.1892   50.0   0.0001958   1.2727e-05   
0.4345   60.0   1.02e-06   2.244e-08   
0.3886   35.0   0.0001123   5.2781e-06   
0.5386   50.0   8.709e-07   4.00614e-08   
0.619   45.0   7.404e-07   3.3318e-08   
0.2692   80.0   2.389e-06   1.52896e-07   
0.2861   60.0   1.43e-05   3.146e-07   
0.2765   80.0   2.45e-06   7.595e-08   
0.5289   50.0   1.036e-06   4.662e-08   
0.2861   60.0   1.47e-05   3.675e-07   
0.3088   100.0   1.798e-07   1.1687e-08   
0.2292   95.0   1.982e-06   1.26848e-07   
0.1892   50.0   0.0001958   1.2727e-05   
0.1892   90.0   7.87e-06   5.1155e-07   
0.4649   40.0   1.94e-05   3.686e-07   
0.3088   45.0   6.233e-05   2.86718e-06   
0.5084   50.0   1.44e-06   6.48e-08   
0.1323   100.0   1.87e-05   3.366e-07   
0.3511   120.0   1.64e-08   1.132e-09   
0.3523   60.0   4.59e-06   1.056e-07   
0.5084   40.0   1.03e-05   4.635e-07   
0.569   45.0   1.626e-06   7.8e-08   
0.3088   155.0   1.335e-08   8.544e-10   
0.3779   50.0   1.15e-05   2.53e-07   
0.6837   155.0   1.185e-12   6.4938e-13   
0.3088   82.0   8.308e-07   5.31712e-08   
0.5084   45.0   3.82e-06   1.7572e-07   
0.6626   40.0   1.55e-06   5.115e-08   
0.5386   30.0   6.671e-05   3.06866e-06   
0.3886   50.0   9.251e-06   4.25546e-07   
0.3523   60.0   4.65e-06   9.3e-08   
0.2692   45.0   0.0001025   6.56e-06   
0.4286   82.0   4.765e-08   2.6684e-09   
0.5289   155.0   3.366e-12   1.221858e-12   
0.3088   50.0   3.218e-05   1.48028e-06   
0.5084   65.0   9.513e-08   5.23215e-09   
0.6277   40.0   2.37e-06   5.925e-08   
0.4687   65.0   2.267e-07   1.11083e-08   
0.5084   54.0   6.789e-07   3.12294e-08   
0.2292   82.0   5.146e-06   3.29344e-07   
0.2692   35.0   0.0004179   2.71635e-05   
0.4286   40.0   2.837e-05   1.305e-06   
0.5084   30.0   8.67e-05   3.9015e-06   
0.2692   40.0   0.0002032   1.30048e-05   
0.2692   66.0   9.083e-06   5.90395e-07   
0.3088   60.0   8.999e-06   4.14e-07   
0.2692   55.0   3.068e-05   1.96352e-06   
0.3486   50.0   1.7e-05   7.82e-07   
0.2995   80.0   1.44e-06   3.744e-08   
0.2692   102.0   4.394e-07   2.8561e-08   
0.2692   60.0   1.762e-05   1.12768e-06   
0.6837   50.0   7.933e-08   3.80784e-09   
0.4286   82.0   4.765e-08   2.6684e-09   
0.4286   82.0   4.765e-08   2.6684e-09   
0.1892   55.0   0.0001169   7.5985e-06   
0.2292   90.0   2.842e-06   1.81888e-07   
0.4345   60.0   1.02e-06   2.244e-08   
0.2279   135.0   2.96e-07   7.4e-09   
0.6589   92.5   3.749e-11   4.72374e-12   
0.6886   50.0   7.27e-08   2.617e-09   
0.2421   120.0   3.8e-07   1.14e-08   
0.3523   60.0   4.65e-06   9.3e-08   
0.3   60.0   1.31e-05   4.3e-07   
0.2279   135.0   2.96e-07   7.4e-09   
0.183   160.0   5.55e-07   4.3e-08   
0.2008   60.0   6.77e-05   1.422e-06   
0.2692   50.0   5.51e-05   3.5815e-06   
0.3486   65.0   2.362e-06   1.08652e-07   
0.3208   60.0   7.64e-06   1.452e-07   
0.5084   65.0   9.513e-08   5.23215e-09   
0.6837   50.0   7.933e-08   3.80784e-09   
0.35   60.0   5.34e-06   1.8e-07   
0.5084   155.0   6.751e-12   1.768762e-12   
0.6837   50.0   7.933e-08   3.80784e-09   
