Bootstrapped Data
Energy (GeV)   Theta (Degrees)   Sigma Experimental   Uncertainties   Dataset
0.208   120.0   9.44e-07   2.454e-08   
0.2692   80.0   2.389e-06   1.52896e-07   
0.3088   60.0   8.999e-06   4.14e-07   
0.5396   50.0   9.44e-07   1.605e-08   
0.5084   155.0   7.831e-12   1.910764e-12   
0.3208   60.0   7.64e-06   1.452e-07   
0.5084   45.0   3.82e-06   1.7572e-07   
0.205   60.0   7.91e-05   2.4e-06   
0.1892   155.0   4.462e-07   2.9e-08   
0.3886   82.0   1.351e-07   6.3497e-09   
0.3523   60.0   4.65e-06   9.3e-08   
0.208   120.0   9.44e-07   2.454e-08   
0.4649   40.0   1.89e-05   3.969e-07   
0.2292   155.0   1.548e-07   1.0062e-08   
0.1323   100.0   1.87e-05   3.366e-07   
0.6626   40.0   1.55e-06   5.115e-08   
0.3486   82.0   3.428e-07   1.61116e-08   
0.3486   65.0   2.362e-06   1.08652e-07   
0.6837   60.0   6.653e-09   3.39303e-10   
0.3886   90.0   5.731e-08   3.15205e-09   
0.3815   60.0   2.73e-06   5.46e-08   
0.5386   82.0   3.35e-09   2.1775e-10   
0.2692   82.0   2.068e-06   1.3442e-07   
0.3088   45.0   6.233e-05   2.86718e-06   
0.02985   93.1   0.00093   5.5e-05   
0.2292   155.0   1.548e-07   1.0062e-08   
0.2292   55.0   5.927e-05   3.85255e-06   
0.4286   45.0   1.175e-05   5.5225e-07   
0.3088   45.0   6.233e-05   2.86718e-06   
0.3523   60.0   4.59e-06   1.056e-07   
0.361   80.0   3.49e-07   9.772e-09   
0.5084   100.0   6.417e-10   5.58279e-11   
0.5386   55.0   3.247e-07   1.52609e-08   
0.2241   80.0   7.41e-06   1.853e-07   
0.4286   99.0   7.798e-09   6.08244e-10   
0.5101   40.0   1.13e-05   1.921e-07   
0.1892   55.0   0.0001169   7.5985e-06   
0.4286   40.0   2.837e-05   1.305e-06   
0.6837   40.0   1.054e-06   4.8484e-08   
0.5519   40.0   6.65e-06   1.197e-07   
0.2692   35.0   0.0004179   2.71635e-05   
0.5101   40.0   1.13e-05   1.921e-07   
0.4286   82.0   4.765e-08   2.6684e-09   
0.4286   90.0   2.006e-08   1.36408e-09   
0.6626   40.0   1.55e-06   5.115e-08   
0.4687   100.0   2.2e-09   1.716e-10   
0.337   100.0   9.98e-08   2.994e-09   
0.3523   60.0   4.59e-06   1.056e-07   
0.4687   50.0   2.693e-06   1.29264e-07   
0.3486   45.0   3.497e-05   1.60862e-06   
0.5101   40.0   1.19e-05   2.023e-07   
0.3886   65.0   1.074e-06   5.1552e-08   
0.3212   80.0   9.24e-07   2.495e-08   
0.077   160.0   8.04e-06   9.3e-07   
0.247   60.0   3.46e-05   1.9e-06   
0.2292   40.0   0.0003604   2.30656e-05   
0.5084   40.0   1.03e-05   4.635e-07   
0.35   60.0   5.34e-06   1.8e-07   
0.2692   60.0   1.762e-05   1.12768e-06   
0.6837   40.0   1.054e-06   4.8484e-08   
0.5084   40.0   1.03e-05   4.635e-07   
0.6626   40.0   1.55e-06   5.115e-08   
0.5386   50.0   8.709e-07   4.00614e-08   
0.5101   40.0   1.13e-05   1.921e-07   
0.2469   60.0   3.06e-05   6.426e-07   
0.2861   60.0   1.47e-05   3.675e-07   
0.1892   155.0   4.462e-07   2.9e-08   
0.4286   35.0   7.3e-05   3.358e-06   
0.3815   60.0   2.78e-06   4.17e-08   
0.2692   55.0   3.068e-05   1.96352e-06   
0.3815   60.0   2.78e-06   4.17e-08   
0.2515   80.0   4.13e-06   1.28e-07   
0.6589   45.0   4.109e-07   1.84905e-08   
0.3886   82.0   1.351e-07   6.3497e-09   
0.4286   65.0   4.82e-07   2.3136e-08   
0.5084   55.0   5.63e-07   2.5898e-08   
0.3088   90.0   4.019e-07   2.57216e-08   
0.4687   55.0   1.12e-06   5.264e-08   
0.2421   120.0   3.8e-07   1.14e-08   
0.2692   60.0   1.762e-05   1.12768e-06   
0.2008   60.0   6.77e-05   1.422e-06   
0.5084   30.0   8.67e-05   3.9015e-06   
0.2337   100.0   1.4e-06   3.22e-08   
0.3523   60.0   4.65e-06   9.3e-08   
0.2427   135.0   1.98e-07   4.95e-09   
0.2727   120.0   1.65e-07   6.93e-09   
0.5101   40.0   1.19e-05   2.023e-07   
0.4627   80.0   3.03e-08   1.273e-09   
0.5289   45.0   2.772e-06   1.30284e-07   
0.6589   45.0   4.109e-07   1.84905e-08   
0.3088   50.0   3.218e-05   1.48028e-06   
0.6626   40.0   1.59e-06   3.021e-08   
0.1581   135.0   1.88e-06   4.888e-08   
0.02985   93.1   0.00093   5.5e-05   
0.2292   40.0   0.0003604   2.30656e-05   
0.1777   135.0   1.17e-06   2.925e-08   
0.4687   82.0   1.665e-08   1.1988e-09   
0.3208   60.0   8.05e-06   1.691e-07   
0.6837   155.0   1.185e-12   6.4938e-13   
0.2692   45.0   0.0001025   6.56e-06   
0.4149   40.0   3.42e-05   5.13e-07   
0.3486   60.0   4.432e-06   2.12736e-07   
0.077   160.0   8.04e-06   9.3e-07   
0.6837   155.0   1.185e-12   6.4938e-13   
0.3486   155.0   3.679e-09   1.8395e-10   
0.4687   82.0   1.665e-08   1.1988e-09   
0.35   60.0   5.34e-06   1.8e-07   
0.337   100.0   9.98e-08   2.994e-09   
0.3585   40.0   7.34e-05   1.615e-06   
0.5084   45.0   3.82e-06   1.7572e-07   
0.4286   45.0   1.175e-05   5.5225e-07   
0.2692   155.0   4.39e-08   2.8535e-09   
0.2469   60.0   3.06e-05   6.426e-07   
0.4149   40.0   3.42e-05   5.13e-07   
0.5084   65.0   9.513e-08   5.23215e-09   
0.619   45.0   7.404e-07   3.3318e-08   
0.619   50.0   2.347e-07   1.07962e-08   
0.6837   60.0   6.653e-09   3.39303e-10   
0.3212   80.0   9.24e-07   2.495e-08   
0.2692   35.0   0.0004179   2.71635e-05   
0.1361   135.0   3.43e-06   7.546e-08   
0.5386   60.0   1.283e-07   6e-09   
0.2292   50.0   0.0001018   6.617e-06   
0.2692   66.0   9.083e-06   5.90395e-07   
0.619   155.0   7.335e-13   2.530575e-13   
0.2727   120.0   1.65e-07   6.93e-09   
0.569   45.0   1.626e-06   7.8e-08   
0.4649   40.0   1.89e-05   3.969e-07   
0.5386   45.0   2.394e-06   1.10124e-07   
0.4149   40.0   3.42e-05   5.13e-07   
0.1777   135.0   1.17e-06   2.925e-08   
0.569   45.0   1.626e-06   7.8e-08   
0.1323   100.0   1.87e-05   3.366e-07   
0.5084   55.0   5.536e-07   2.65728e-08   
0.3886   55.0   4.314e-06   2.07072e-07   
0.5386   90.0   9.029e-10   1.119596e-10   
0.1892   45.0   0.0003262   2.08768e-05   
0.3486   55.0   8.518e-06   3.91828e-07   
0.3779   50.0   1.15e-05   2.53e-07   
0.4687   65.0   2.267e-07   1.11083e-08   
0.361   80.0   3.49e-07   9.772e-09   
0.5084   60.0   2.328e-07   1.07088e-08   
0.5084   65.0   9.513e-08   5.23215e-09   
0.2292   50.0   0.0001018   6.617e-06   
0.3886   35.0   0.0001123   5.2781e-06   
0.1957   135.0   7.08e-07   1.487e-08   
0.4649   40.0   1.94e-05   3.686e-07   
0.2292   82.0   5.146e-06   3.29344e-07   
0.5386   30.0   6.671e-05   3.06866e-06   
0.5289   45.0   2.772e-06   1.30284e-07   
0.2123   135.0   4.46e-07   1.293e-08   
0.6589   92.5   3.749e-11   4.72374e-12   
0.2861   60.0   1.43e-05   3.146e-07   
0.4286   99.0   7.798e-09   6.08244e-10   
0.3088   155.0   1.335e-08   8.544e-10   
0.4286   82.0   4.765e-08   2.6684e-09   
0.3088   60.0   8.999e-06   4.14e-07   
0.5084   100.0   6.417e-10   5.58279e-11   
0.2292   95.0   1.982e-06   1.26848e-07   
0.5084   45.0   3.752e-06   1.72592e-07   
0.6837   60.0   6.653e-09   3.39303e-10   
0.3088   55.0   1.674e-05   7.533e-07   
0.3088   35.0   0.000279   1.2555e-05   
0.5386   90.0   9.029e-10   1.119596e-10   
0.5084   40.0   1.03e-05   4.635e-07   
0.5084   40.0   1.031e-05   4.7426e-07   
0.4687   45.0   6.717e-06   3.15699e-07   
0.4687   60.0   4.832e-07   2.27104e-08   
0.2515   80.0   4.13e-06   1.28e-07   
0.4286   50.0   5.071e-06   2.38337e-07   
0.2292   82.0   5.146e-06   3.29344e-07   
0.2469   60.0   3.06e-05   6.426e-07   
0.5909   40.0   4.03e-06   5.642e-08   
0.5084   50.0   1.42e-06   6.532e-08   
0.4589   60.0   6.33e-07   1.583e-08   
0.5084   60.0   2.328e-07   1.07088e-08   
0.6837   35.0   4.244e-06   2.03712e-07   
0.3523   60.0   4.59e-06   1.056e-07   
0.5289   155.0   3.366e-12   1.221858e-12   
0.1448   120.0   5.13e-06   1.077e-07   
0.4687   90.0   6.526e-09   4.30716e-10   
0.3486   45.0   3.497e-05   1.60862e-06   
0.3886   35.0   0.0001123   5.2781e-06   
0.593   50.0   3.86e-07   6.948e-09   
0.2292   50.0   0.0001018   6.617e-06   
0.183   160.0   5.55e-07   4.3e-08   
0.5289   155.0   3.366e-12   1.221858e-12   
0.4286   60.0   1.012e-06   4.554e-08   
0.2292   55.0   5.927e-05   3.85255e-06   
0.208   120.0   9.44e-07   2.454e-08   
0.5386   155.0   1.702e-12   1.121618e-12   
0.3088   45.0   6.233e-05   2.86718e-06   
0.3886   55.0   4.314e-06   2.07072e-07   
0.2995   80.0   1.44e-06   3.744e-08   
0.4649   40.0   1.94e-05   3.686e-07   
0.619   153.6   8.749e-13   4.63697e-13   
0.2421   120.0   3.8e-07   1.14e-08   
0.5084   100.0   6.417e-10   5.58279e-11   
0.5386   82.0   3.35e-09   2.1775e-10   
0.619   68.0   4.93e-09   4.2891e-10   
0.2919   40.0   0.000169   3.211e-06   
0.3486   65.0   2.362e-06   1.08652e-07   
0.1103   135.0   7.38e-06   2.509e-07   
0.2292   45.0   0.0001968   1.2792e-05   
0.3486   82.0   3.428e-07   1.61116e-08   
0.2534   100.0   8.6e-07   2.15e-08   
0.3088   90.0   4.019e-07   2.57216e-08   
0.6837   40.0   1.054e-06   4.8484e-08   
0.2692   66.0   9.083e-06   5.90395e-07   
0.1581   135.0   1.88e-06   4.888e-08   
0.5084   90.0   2.114e-09   1.50094e-10   
0.3088   155.0   1.335e-08   8.544e-10   
0.3486   155.0   3.679e-09   1.8395e-10   
0.619   80.0   5.104e-10   3.36864e-11   
0.4687   40.0   1.712e-05   8.2176e-07   
0.3486   82.0   3.428e-07   1.61116e-08   
0.3088   90.0   4.019e-07   2.57216e-08   
0.1   60.0   0.000572   2.1e-05   
0.1777   135.0   1.17e-06   2.925e-08   
0.2861   60.0   1.43e-05   3.146e-07   
0.3212   80.0   9.24e-07   2.495e-08   
0.5386   60.0   1.283e-07   6e-09   
0.1892   95.0   5.325e-06   3.408e-07   
0.569   155.0   1.782e-13   1.52361e-13   
0.1   60.0   0.000572   2.1e-05   
0.2515   80.0   4.13e-06   1.28e-07   
0.2469   60.0   3.06e-05   6.426e-07   
0.3058   100.0   2.03e-07   6.699e-09   
0.6589   92.5   3.749e-11   4.72374e-12   
0.5386   90.0   9.029e-10   1.119596e-10   
0.4088   60.0   1.67e-06   3.507e-08   
0.6277   40.0   2.37e-06   5.925e-08   
0.5084   100.0   6.417e-10   5.58279e-11   
0.1957   135.0   7.08e-07   1.487e-08   
