Bootstrapped Data
Energy (GeV)   Theta (Degrees)   Sigma Experimental   Uncertainties   Dataset
0.5909   40.0   7.04e-06   1.9e-07   
0.3208   60.0   1.66e-05   2.99e-07   
0.481   50.0   4.14e-06   7.87e-08   
0.6626   40.0   2.04e-06   4.08e-08   
0.2718   100.0   6.49e-07   2.73e-08   
0.8726   140.66   3.24e-14   5.1e-15   
0.64   102.0   7.63e-11   1.06e-11   
0.3144   45.0   0.0001581   5.22e-06   
0.2123   135.0   3.48e-07   1.04e-08   
0.1957   135.0   6.23e-07   2.31e-08   
0.3144   35.0   0.0007973   2.55e-05   
0.3144   50.0   7.511e-05   2.48e-06   
0.4133   45.0   3.336e-05   1.17e-06   
0.4649   40.0   3.95e-05   1.3e-06   
0.21624   160.0   9.6e-08   3.36e-09   
0.4133   35.0   0.0002314   7.64e-06   
0.5111   50.0   2.12e-06   8.69e-08   
0.4133   35.0   0.0002314   7.64e-06   
0.2469   60.0   7.65e-05   1.3e-06   
0.3511   120.0   6.12e-09   5.75e-10   
0.64   78.0   3.74e-10   3.55e-11   
0.14196   60.0   0.000666   1.2e-05   
0.4133   50.0   1.32e-05   4.22e-07   
6.483   8.0   2.57e-08   4.62e-09   
0.26652   160.0   1.65e-08   3.7e-10   
0.3144   155.0   3.4e-09   1.39e-10   
0.6277   40.0   3.59e-06   8.98e-08   
0.5111   50.0   2.12e-06   8.69e-08   
0.0796   75.31   0.00108   1.48e-05   
0.6595   155.0   2.3e-12   7.71e-13   
0.7394   139.91   6.41e-13   5.9e-14   
0.2421   120.0   3.34e-07   1.64e-08   
0.6889   155.0   1.94e-12   5.89e-13   
0.2718   100.0   6.03e-07   1.39e-08   
0.2123   135.0   3.48e-07   1.04e-08   
0.34865   160.0   8.23e-10   9.91e-11   
7.959   8.0   2.7e-09   4.94e-10   
0.208   120.0   1.07e-06   3.1e-08   
0.4088   60.0   2.55e-06   5.61e-08   
0.05547   75.31   0.00257   3.33e-05   
0.5111   50.0   2.28e-06   5.02e-08   
0.64   62.0   2.79e-09   1.34e-10   
0.2893   100.0   3.44e-07   1.17e-08   
0.3208   60.0   1.66e-05   2.99e-07   
0.2125   100.0   3.98e-06   1.19e-07   
3.304   28.86   2.14e-14   7.2e-15   
0.5909   40.0   7.04e-06   1.9e-07   
0.64   58.0   1.12e-08   8.04e-10   
0.585   155.0   5.98e-12   1.46e-12   
0.30915   160.0   4.02e-09   2.81e-10   
0.64   112.0   2.78e-11   4.2e-12   
0.3144   45.0   0.0001581   5.22e-06   
0.04756   75.32   0.00375   4.52e-05   
0.1892   100.0   8.21e-06   2.55e-07   
0.3511   120.0   6.12e-09   5.75e-10   
0.10978   60.0   0.00142   2.56e-05   
10.316   8.0   9.21e-12   4.27e-12   
0.3144   35.0   0.0007973   2.55e-05   
10.316   8.0   9.21e-12   4.27e-12   
0.208   120.0   1.07e-06   3.1e-08   
3.304   20.83   1.57e-10   1e-11   
0.6295   155.0   2.58e-12   8.64e-13   
0.08492   75.14   0.000904   1.43e-05   
0.1892   100.0   8.21e-06   2.55e-07   
0.8157   113.01   1.43e-12   1.3e-13   
0.3945   53.0   1.057e-05   3.59e-07   
0.2469   60.0   7.32e-05   2.05e-06   
3.304   20.83   1.57e-10   1e-11   
0.3505   155.0   7.87e-10   5.43e-11   
0.2727   120.0   1.11e-07   9.88e-09   
0.18407   160.0   2.54e-07   3.59e-09   
0.31907   160.0   2.56e-09   2.05e-10   
0.64   102.0   7.63e-11   1.06e-11   
0.64   85.0   2.62e-10   1.91e-11   
8.607   8.0   7.64e-10   1.36e-10   
0.5909   40.0   7.04e-06   1.9e-07   
0.4088   60.0   2.5e-06   1.18e-07   
0.1682   120.0   4.01e-06   1.6e-07   
0.6039   155.0   6.32e-12   1.36e-12   
0.3511   120.0   6.12e-09   5.75e-10   
0.6626   40.0   2.09e-06   6.06e-08   
0.337   100.0   6.7e-08   4.22e-09   
0.06091   75.32   0.00207   2.62e-05   
0.9893   140.31   3.27e-15   1.3e-16   
0.3144   50.0   7.511e-05   2.48e-06   
0.481   50.0   4.14e-06   7.87e-08   
0.3005   155.0   5.52e-09   2.7e-10   
0.2256   120.0   6.63e-07   4.58e-08   
0.747   160.0   1.16e-13   3.9e-14   
0.64   94.0   1.29e-10   1.08e-11   
0.3058   100.0   2.08e-07   8.32e-09   
0.02883   75.31   0.0112   0.000179   
0.3815   60.0   4.69e-06   1.03e-07   
0.1581   135.0   2.24e-06   7.62e-08   
6.483   8.0   2.57e-08   4.62e-09   
0.5101   40.0   2.27e-05   3.63e-07   
0.6886   50.0   4.49e-08   1.98e-09   
0.09037   75.35   0.000784   1.15e-05   
0.361   80.0   3.86e-07   1.27e-08   
0.3144   30.0   0.001923   6.3459e-05   
0.157   80.0   9.62e-05   3.27e-06   
0.2515   80.0   7.52e-06   2.41e-07   
0.1892   100.0   8.21e-06   2.55e-07   
0.6886   50.0   4.49e-08   1.98e-09   
0.08492   75.14   0.000904   1.43e-05   
0.64   58.0   1.12e-08   8.04e-10   
0.2861   60.0   3.3e-05   6.6e-07   
0.1933   80.0   3.49e-05   1.12e-06   
10.316   8.0   9.21e-12   4.27e-12   
0.04751   75.32   0.00373   6.15e-05   
0.3144   55.0   3.622e-05   1.2e-06   
9.778   8.0   6.66e-11   1.89e-11   
0.5519   40.0   1.19e-05   2.26e-07   
0.05448   75.14   0.00281   4.23e-05   
0.64   112.0   2.78e-11   4.2e-12   
0.4088   60.0   2.5e-06   1.18e-07   
0.4005   155.0   8.91e-11   1.11e-11   
0.2337   100.0   2.09e-06   6.69e-08   
0.2893   100.0   3.44e-07   1.17e-08   
0.0796   75.31   0.00108   1.48e-05   
7.959   8.0   2.7e-09   4.94e-10   
0.585   155.0   5.98e-12   1.46e-12   
0.1448   120.0   8.85e-06   3.1e-07   
0.2125   100.0   3.98e-06   1.19e-07   
0.6277   40.0   3.59e-06   8.98e-08   
0.1174   120.0   2.23e-05   5.58e-07   
0.2427   135.0   1.25e-07   3.88e-09   
0.06462   75.14   0.00186   3.02e-05   
0.2256   120.0   5.69e-07   2.11e-08   
0.0739   75.31   0.00134   1.85e-05   
0.2727   120.0   1.11e-07   9.88e-09   
0.2919   40.0   0.000498   6.97e-06   
0.1581   135.0   2.24e-06   7.62e-08   
9.778   8.0   6.66e-11   1.89e-11   
0.3585   40.0   0.000196   3.53e-06   
0.3354   155.0   1.65e-09   8.26e-11   
0.4088   60.0   2.67e-06   6.14e-08   
0.1323   100.0   4.74e-05   8.06e-07   
0.3058   100.0   1.96e-07   1e-08   
0.2718   100.0   6.03e-07   1.39e-08   
0.31243   160.0   3.11e-09   1.59e-10   
0.64   35.0   1.292e-05   4.78e-07   
10.316   8.0   9.21e-12   4.27e-12   
0.3815   60.0   4.69e-06   1.03e-07   
0.1777   135.0   1.18e-06   3.89e-08   
0.05448   75.14   0.00281   4.23e-05   
0.7394   139.91   6.41e-13   5.9e-14   
0.1174   120.0   2.26e-05   9.04e-07   
0.03427   75.14   0.00753   8.28e-05   
3.304   20.83   1.57e-10   1e-11   
0.822   160.0   2.84e-14   1.65e-14   
0.933   119.94   6.84e-14   1.1e-14   
3.304   28.86   2.14e-14   7.2e-15   
3.304   28.86   2.14e-14   7.2e-15   
0.6595   155.0   2.3e-12   7.71e-13   
0.64   123.0   8.13e-12   2.41e-12   
0.64   85.0   2.62e-10   1.91e-11   
0.1448   120.0   8.81e-06   1.76e-07   
0.9893   140.31   3.27e-15   1.3e-16   
0.3743   55.0   1.155e-05   3.7e-07   
0.14935   160.0   7.68e-07   1.09e-08   
8.607   8.0   7.64e-10   1.36e-10   
0.3354   50.0   5.232e-05   1.67e-06   
0.933   119.94   6.84e-14   1.1e-14   
0.2765   80.0   4.4e-06   1.45e-07   
0.64   94.0   1.29e-10   1.08e-11   
0.4589   60.0   8.3e-07   2.08e-08   
0.2919   40.0   0.000501   1.05e-05   
0.1892   100.0   8.4e-06   2.77e-07   
0.64   50.0   1.51e-07   5.89e-09   
6.06   8.0   4.85e-08   1.25e-08   
0.337   100.0   6.7e-08   4.22e-09   
0.2369   50.0   0.000302   5.74e-06   
0.4133   45.0   3.336e-05   1.17e-06   
3.304   22.82   3.3e-11   2.1e-12   
0.3144   40.0   0.0003486   1.15e-05   
0.4133   155.0   6.42e-11   5.01e-12   
0.5101   40.0   2.12e-05   6.57e-07   
0.8157   113.01   1.43e-12   1.3e-13   
0.3779   50.0   2.58e-05   5.42e-07   
0.26652   160.0   1.65e-08   3.7e-10   
0.1174   120.0   2.23e-05   5.58e-07   
0.4005   155.0   8.91e-11   1.11e-11   
0.05448   75.14   0.00281   4.23e-05   
0.3523   60.0   8.79e-06   1.76e-07   
0.5111   50.0   2.28e-06   5.02e-08   
0.6876   139.99   1.51e-12   1.9e-13   
0.3208   60.0   1.61e-05   3.38e-07   
0.2718   100.0   6.49e-07   2.73e-08   
0.208   120.0   1.05e-06   4.2e-08   
0.5519   40.0   1.2e-05   2.52e-07   
0.08135   75.32   0.00108   1.54e-05   
10.954   8.0   2.19e-12   1.33e-12   
0.4088   60.0   2.5e-06   1.18e-07   
0.64   58.0   1.12e-08   8.04e-10   
0.1957   135.0   6.23e-07   2.31e-08   
0.64   66.0   9.06e-10   5.8e-11   
0.481   50.0   4.14e-06   7.87e-08   
3.304   22.82   3.3e-11   2.1e-12   
0.747   160.0   1.16e-13   3.9e-14   
0.508   160.0   3.55e-12   3.7e-13   
0.2241   80.0   1.51e-05   4.98e-07   
0.2017   60.0   0.000185   3.34e-06   
0.2567   135.0   6.95e-08   4.31e-09   
0.1103   135.0   1.26e-05   4.16e-07   
0.4005   155.0   8.91e-11   1.11e-11   
0.28979   160.0   7.41e-09   2.34e-10   
0.2008   60.0   0.000197   4.14e-06   
0.6595   155.0   2.3e-12   7.71e-13   
3.304   22.82   3.3e-11   2.1e-12   
0.1174   120.0   2.26e-05   9.04e-07   
0.27153   160.0   1.41e-08   6.35e-10   
0.3743   155.0   3.29e-10   1.98e-11   
0.2256   120.0   5.69e-07   2.11e-08   
0.36825   160.0   4e-10   4.2e-11   
0.4149   40.0   8.49e-05   1.19e-06   
0.5111   50.0   2.12e-06   8.69e-08   
0.2919   40.0   0.000501   1.05e-05   
0.2256   120.0   5.69e-07   2.11e-08   
0.0739   75.31   0.00134   1.85e-05   
0.3779   50.0   2.58e-05   5.42e-07   
0.2241   80.0   1.51e-05   4.98e-07   
0.3511   120.0   6.12e-09   5.75e-10   
0.5101   40.0   2.18e-05   6.32e-07   
0.3523   60.0   8.57e-06   2.74e-07   
0.2008   60.0   0.000197   4.14e-06   
0.3144   40.0   0.0003486   1.15e-05   
0.2919   40.0   0.000501   1.05e-05   
0.0586   60.0   0.00661   0.00014   
0.2369   50.0   0.000302   5.74e-06   
7.257   8.0   8.38e-09   1.69e-09   
0.6876   139.99   1.51e-12   1.9e-13   
9.778   8.0   6.66e-11   1.89e-11   
3.304   24.28   7.56e-12   7.5e-13   
0.3505   155.0   7.87e-10   5.43e-11   
0.2421   120.0   3.34e-07   1.64e-08   
0.3255   155.0   2e-09   1.26e-10   
0.6626   40.0   2.04e-06   4.08e-08   
0.3208   60.0   1.61e-05   3.38e-07   
0.06091   75.32   0.00207   2.62e-05   
0.1892   100.0   8.27e-06   2.65e-07   
0.64   54.0   4.24e-08   2.89e-09   
0.5909   40.0   7.04e-06   1.9e-07   
0.2727   120.0   1.11e-07   9.88e-09   
0.2241   80.0   1.51e-05   4.98e-07   
3.304   25.47   2.13e-12   3.5e-13   
0.6595   155.0   2.3e-12   7.71e-13   
0.25783   160.0   2.18e-08   1.09e-09   
0.28351   160.0   8.64e-09   3.89e-10   
0.3144   30.0   0.001923   6.3459e-05   
0.29826   160.0   5.51e-09   3.31e-10   
0.02883   75.31   0.0112   0.000179   
3.304   22.82   3.3e-11   2.1e-12   
0.31243   160.0   3.11e-09   1.59e-10   
0.36825   160.0   4e-10   4.2e-11   
0.157   80.0   9.62e-05   3.27e-06   
0.05547   75.31   0.00257   3.33e-05   
0.4133   50.0   1.32e-05   4.22e-07   
0.5101   40.0   2.27e-05   3.63e-07   
