Bootstrapped Data
Energy (GeV)   Theta (Degrees)   Sigma Experimental   Uncertainties   Dataset
0.6277   40.0   3.63e-06   7.26e-08   
11.558   8.0   4.91e-13   5.27e-13   
0.4149   50.0   1.33e-05   1.73e-07   
0.2912   50.0   0.000116   3.71e-06   
3.304   27.24   2.77e-13   3.9e-14   
0.2718   100.0   6.49e-07   2.73e-08   
0.7391   118.99   3.95e-12   3.8e-13   
0.933   119.94   6.84e-14   1.1e-14   
0.05448   75.14   0.00281   4.23e-05   
0.6295   155.0   2.58e-12   8.64e-13   
0.4133   40.0   8.687e-05   2.78e-06   
0.3652   55.0   1.379e-05   4.41e-07   
0.64   54.0   4.24e-08   2.89e-09   
0.3354   50.0   5.232e-05   1.67e-06   
0.64   64.0   1.48e-09   9.45e-11   
0.04756   75.32   0.00375   4.52e-05   
0.3585   40.0   0.000194   3.1e-06   
0.7391   118.99   3.95e-12   3.8e-13   
0.2125   100.0   3.98e-06   1.19e-07   
0.08541   160.0   5.93e-06   8.38e-08   
0.4505   155.0   1.59e-11   3.62e-12   
0.361   80.0   3.86e-07   1.27e-08   
0.3511   120.0   6.12e-09   5.75e-10   
0.3511   120.0   6.12e-09   5.75e-10   
0.2008   60.0   0.000195   6.83e-06   
0.6277   40.0   3.63e-06   7.26e-08   
0.747   160.0   1.16e-13   3.9e-14   
0.4149   40.0   8.29e-05   2.82e-06   
0.03405   75.31   0.00772   0.000125   
0.2832   135.0   2.75e-08   1.16e-09   
0.4088   60.0   2.5e-06   1.18e-07   
0.2567   135.0   6.95e-08   4.31e-09   
1.052   140.51   1.13e-15   8e-16   
0.6889   155.0   1.94e-12   5.89e-13   
3.304   25.47   2.13e-12   3.5e-13   
0.7391   118.99   3.95e-12   3.8e-13   
0.2727   120.0   1.27e-07   8.26e-09   
0.3354   155.0   1.65e-09   8.26e-11   
0.3144   45.0   0.0001581   5.22e-06   
0.4133   35.0   0.0002314   7.64e-06   
0.7394   139.91   6.41e-13   5.9e-14   
0.421   155.0   4.45e-11   5.21e-12   
0.3288   160.0   1.43e-09   1.36e-10   
0.933   119.94   6.84e-14   1.1e-14   
0.2995   80.0   2.06e-06   8.65e-08   
0.28979   160.0   7.41e-09   2.34e-10   
0.2427   135.0   1.37e-07   8.36e-09   
0.04756   75.32   0.00375   4.52e-05   
0.64   78.0   3.74e-10   3.55e-11   
0.2515   80.0   7.52e-06   2.41e-07   
0.7391   118.99   3.95e-12   3.8e-13   
0.6595   155.0   2.3e-12   7.71e-13   
0.2534   100.0   1.05e-06   3.15e-08   
0.2241   80.0   1.51e-05   4.98e-07   
0.3144   40.0   0.0003486   1.15e-05   
0.1448   120.0   8.81e-06   1.76e-07   
0.4149   40.0   8.49e-05   1.19e-06   
0.6277   40.0   3.63e-06   7.26e-08   
0.21624   160.0   9.6e-08   3.36e-09   
0.5909   40.0   7.04e-06   1.9e-07   
0.0586   60.0   0.00661   0.00014   
0.421   155.0   4.45e-11   5.21e-12   
0.4133   30.0   0.0006547   2.1e-05   
0.2727   120.0   1.27e-07   8.26e-09   
0.18407   160.0   2.54e-07   3.59e-09   
0.2718   100.0   6.49e-07   2.73e-08   
0.3255   155.0   2e-09   1.26e-10   
0.5685   155.0   3.23e-12   1.32e-12   
0.3058   100.0   1.96e-07   1e-08   
0.6295   155.0   2.58e-12   8.64e-13   
0.37785   160.0   1.91e-10   8.6e-11   
0.25783   160.0   2.18e-08   1.09e-09   
0.6626   40.0   2.09e-06   6.06e-08   
0.2256   120.0   6.63e-07   4.58e-08   
0.6595   155.0   2.3e-12   7.71e-13   
0.04432   75.14   0.00426   5.4e-05   
0.585   155.0   5.98e-12   1.46e-12   
0.2718   100.0   6.03e-07   1.39e-08   
3.304   27.24   2.77e-13   3.9e-14   
0.1747   60.0   0.000323   5.81e-06   
0.3354   155.0   1.65e-09   8.26e-11   
0.30915   160.0   4.02e-09   2.81e-10   
0.0586   60.0   0.00661   0.00014   
0.4005   155.0   8.91e-11   1.11e-11   
0.4133   35.0   0.0002314   7.64e-06   
0.2515   80.0   7.2e-06   2.74e-07   
0.0796   75.31   0.00108   1.48e-05   
0.2017   60.0   0.000185   3.34e-06   
0.64   82.0   3.09e-10   2.5e-11   
0.1892   100.0   8.27e-06   2.65e-07   
0.03405   75.31   0.00772   0.000125   
0.3144   55.0   3.622e-05   1.2e-06   
0.5909   40.0   7.04e-06   1.9e-07   
0.64   62.0   2.79e-09   1.34e-10   
0.2727   120.0   1.11e-07   9.88e-09   
0.02883   75.31   0.0112   0.000179   
0.23811   160.0   4.5e-08   1.58e-09   
3.304   27.24   2.77e-13   3.9e-14   
0.3144   155.0   3.4e-09   1.39e-10   
0.27153   160.0   1.41e-08   6.35e-10   
0.208   120.0   1.05e-06   4.2e-08   
0.4133   50.0   1.32e-05   4.22e-07   
0.3144   40.0   0.0003486   1.15e-05   
0.07476   75.14   0.00129   2.01e-05   
0.64   58.0   1.12e-08   8.04e-10   
0.07299   75.32   0.00144   2.12e-05   
0.2567   135.0   6.95e-08   4.31e-09   
0.3144   55.0   3.622e-05   1.2e-06   
0.822   160.0   2.84e-14   1.65e-14   
7.257   8.0   8.38e-09   1.69e-09   
0.2727   120.0   1.27e-07   8.26e-09   
0.4505   155.0   1.59e-11   3.62e-12   
0.593   50.0   4.76e-07   1e-08   
0.3144   45.0   0.0001581   5.22e-06   
11.558   8.0   4.91e-13   5.27e-13   
0.1933   80.0   3.49e-05   1.12e-06   
9.778   8.0   6.66e-11   1.89e-11   
0.64   74.0   4.4e-10   4.01e-11   
0.4133   40.0   8.687e-05   2.78e-06   
0.4149   50.0   1.33e-05   1.73e-07   
0.2421   120.0   3.34e-07   1.64e-08   
0.5111   50.0   2.28e-06   5.02e-08   
0.6277   40.0   3.63e-06   7.26e-08   
0.1448   120.0   8.85e-06   3.1e-07   
0.64   66.0   9.06e-10   5.8e-11   
0.2919   40.0   0.000498   6.97e-06   
0.64   70.0   4.88e-10   3.17e-11   
0.508   160.0   3.55e-12   3.7e-13   
0.64   35.0   1.292e-05   4.78e-07   
0.5909   40.0   7.04e-06   1.9e-07   
0.3144   35.0   0.0007973   2.55e-05   
0.02883   75.31   0.0112   0.000179   
0.64   82.0   3.09e-10   2.5e-11   
0.02883   75.31   0.0112   0.000179   
0.04432   75.14   0.00426   5.4e-05   
0.1174   120.0   2.23e-05   5.58e-07   
0.26652   160.0   1.65e-08   3.7e-10   
0.933   119.94   6.84e-14   1.1e-14   
0.07299   75.32   0.00144   2.12e-05   
0.4133   35.0   0.0002314   7.64e-06   
0.1682   120.0   4.01e-06   1.6e-07   
0.03405   75.31   0.00772   0.000125   
0.3255   155.0   2e-09   1.26e-10   
0.157   80.0   9.62e-05   3.27e-06   
0.208   120.0   1.07e-06   3.1e-08   
0.1581   135.0   2.24e-06   7.62e-08   
0.2337   100.0   2.05e-06   4.51e-08   
0.3416   80.0   6.89e-07   3.1e-08   
0.64   45.0   6.77e-07   2.57e-08   
0.8726   140.66   3.24e-14   5.1e-15   
0.2995   80.0   2.06e-06   8.65e-08   
0.508   160.0   3.55e-12   3.7e-13   
0.08135   75.32   0.00108   1.54e-05   
0.3212   80.0   1.19e-06   3.81e-08   
0.1174   120.0   2.26e-05   9.04e-07   
3.304   17.52   2.29e-09   1.2e-10   
0.2534   100.0   1.04e-06   5.41e-08   
0.1957   135.0   5.98e-07   1.85e-08   
3.356   20.5127   1.34e-10   9.39e-12   
0.23811   160.0   4.5e-08   1.58e-09   
3.304   22.82   3.3e-11   2.1e-12   
0.2567   135.0   6.95e-08   4.31e-09   
0.27153   160.0   1.41e-08   6.35e-10   
0.1103   135.0   1.26e-05   4.16e-07   
0.0796   75.31   0.00108   1.48e-05   
0.593   50.0   4.76e-07   1e-08   
7.959   8.0   2.7e-09   4.94e-10   
0.3208   60.0   1.66e-05   2.99e-07   
0.06462   75.14   0.00186   3.02e-05   
0.337   100.0   6.7e-08   4.22e-09   
0.64   123.0   8.13e-12   2.41e-12   
0.2727   120.0   1.11e-07   9.88e-09   
0.1747   60.0   0.000323   5.81e-06   
3.304   28.86   2.14e-14   7.2e-15   
0.3585   40.0   0.000194   3.1e-06   
0.2256   120.0   6.63e-07   4.58e-08   
0.2256   120.0   5.69e-07   2.11e-08   
0.36825   160.0   4e-10   4.2e-11   
0.1448   120.0   8.81e-06   1.76e-07   
0.31243   160.0   3.11e-09   1.59e-10   
0.2256   120.0   5.69e-07   2.11e-08   
0.2256   120.0   5.69e-07   2.11e-08   
0.64   78.0   3.74e-10   3.55e-11   
0.4649   40.0   4.08e-05   6.53e-07   
0.6889   155.0   1.94e-12   5.89e-13   
0.095   75.14   0.00068   1.26e-05   
3.356   20.5127   1.34e-10   9.39e-12   
0.64   58.0   1.12e-08   8.04e-10   
0.514   155.0   5.19e-12   1.58e-12   
0.31243   160.0   3.11e-09   1.59e-10   
0.3255   155.0   2e-09   1.26e-10   
0.27153   160.0   1.41e-08   6.35e-10   
0.2515   80.0   7.52e-06   2.41e-07   
0.593   50.0   4.76e-07   1e-08   
0.2534   100.0   1.05e-06   3.15e-08   
0.2469   60.0   7.65e-05   1.3e-06   
12.685   8.0   5.31e-13   5.97e-13   
0.189   120.0   2e-06   4.6e-08   
10.954   8.0   2.19e-12   1.33e-12   
0.2421   120.0   3.34e-07   1.64e-08   
0.2718   100.0   6.03e-07   1.39e-08   
0.4133   155.0   6.42e-11   5.01e-12   
0.3372   50.0   5.01e-05   8.02e-07   
0.64   102.0   7.63e-11   1.06e-11   
0.6277   40.0   3.63e-06   7.26e-08   
0.1174   120.0   2.23e-05   5.58e-07   
0.4088   60.0   2.55e-06   5.61e-08   
0.4005   155.0   8.91e-11   1.11e-11   
0.3815   60.0   4.55e-06   9.56e-08   
0.36825   160.0   4e-10   4.2e-11   
0.5101   40.0   2.18e-05   6.32e-07   
0.3779   50.0   2.58e-05   5.42e-07   
0.4005   155.0   8.91e-11   1.11e-11   
0.2861   60.0   3.31e-05   1.09e-06   
0.822   160.0   2.84e-14   1.65e-14   
0.4133   35.0   0.0002314   7.64e-06   
0.6876   139.99   1.51e-12   1.9e-13   
0.0897   60.0   0.00241   4.64e-05   
0.2369   50.0   0.000302   5.74e-06   
0.1103   135.0   1.26e-05   4.16e-07   
0.1957   135.0   5.98e-07   1.85e-08   
0.7394   139.91   6.41e-13   5.9e-14   
6.06   8.0   4.85e-08   1.25e-08   
0.2241   80.0   1.55e-05   3.72e-07   
10.954   8.0   2.19e-12   1.33e-12   
0.2861   60.0   3.3e-05   6.6e-07   
0.3144   155.0   3.4e-09   1.39e-10   
0.1682   120.0   4.13e-06   1.12e-07   
0.4505   155.0   1.59e-11   3.62e-12   
0.1323   100.0   4.74e-05   8.06e-07   
0.2241   80.0   1.55e-05   3.72e-07   
10.954   8.0   2.19e-12   1.33e-12   
9.778   8.0   6.66e-11   1.89e-11   
0.4088   60.0   2.5e-06   1.18e-07   
0.26652   160.0   1.65e-08   3.7e-10   
0.552   160.0   2.49e-12   3e-13   
0.3144   55.0   3.622e-05   1.2e-06   
0.2256   120.0   5.69e-07   2.11e-08   
0.2765   80.0   4.4e-06   1.45e-07   
0.64   35.0   1.292e-05   4.78e-07   
0.3585   40.0   0.000194   3.1e-06   
0.21624   160.0   9.6e-08   3.36e-09   
0.04751   75.32   0.00373   6.15e-05   
0.6595   155.0   2.3e-12   7.71e-13   
0.6277   40.0   3.59e-06   8.98e-08   
0.07476   75.14   0.00129   2.01e-05   
0.2919   40.0   0.000501   1.05e-05   
0.7394   139.91   6.41e-13   5.9e-14   
0.6626   40.0   2.02e-06   6.46e-08   
0.03427   75.14   0.00753   8.28e-05   
0.8157   113.01   1.43e-12   1.3e-13   
0.06728   75.31   0.0016   2.54e-05   
0.1892   100.0   8.27e-06   2.65e-07   
0.2469   60.0   7.32e-05   2.05e-06   
0.5685   155.0   3.23e-12   1.32e-12   
0.26652   160.0   1.65e-08   3.7e-10   
0.449   50.0   7.32e-06   1.39e-07   
0.3585   40.0   0.000196   3.53e-06   
0.4149   40.0   8.29e-05   2.82e-06   
