Bootstrapped Data
Energy (GeV)   Theta (Degrees)   Sigma Experimental   Uncertainties   Dataset
0.6295   155.0   2.58e-12   8.64e-13   
0.0739   75.31   0.00134   1.85e-05   
0.2995   80.0   2.06e-06   8.65e-08   
0.208   120.0   1.05e-06   4.2e-08   
0.3585   40.0   0.000196   3.53e-06   
0.4627   80.0   1.67e-08   9.19e-10   
0.31243   160.0   3.11e-09   1.59e-10   
0.3144   30.0   0.001923   6.3459e-05   
0.2008   60.0   0.000195   6.83e-06   
0.1892   100.0   8.4e-06   2.77e-07   
0.6626   40.0   2.09e-06   6.06e-08   
0.1777   135.0   1.19e-06   4.64e-08   
0.02883   75.31   0.0112   0.000179   
0.6295   155.0   2.58e-12   8.64e-13   
3.304   20.83   1.57e-10   1e-11   
0.14935   160.0   7.68e-07   1.09e-08   
0.2469   60.0   7.32e-05   2.05e-06   
0.37785   160.0   1.91e-10   8.6e-11   
0.6277   40.0   3.59e-06   8.98e-08   
0.06091   75.32   0.00207   2.62e-05   
0.18407   160.0   2.54e-07   3.59e-09   
0.64   62.0   2.79e-09   1.34e-10   
0.3212   80.0   1.19e-06   3.81e-08   
0.3354   50.0   5.232e-05   1.67e-06   
3.304   19.5   5.16e-10   2.9e-11   
0.4088   60.0   2.67e-06   6.14e-08   
0.3511   120.0   6.12e-09   5.75e-10   
0.64   112.0   2.78e-11   4.2e-12   
0.37785   160.0   1.91e-10   8.6e-11   
0.23811   160.0   4.5e-08   1.58e-09   
0.421   155.0   4.45e-11   5.21e-12   
0.08135   75.32   0.00108   1.54e-05   
0.6295   155.0   2.58e-12   8.64e-13   
0.07476   75.14   0.00129   2.01e-05   
0.06091   75.32   0.00207   2.62e-05   
0.64   35.0   1.292e-05   4.78e-07   
0.4149   40.0   8.29e-05   2.82e-06   
0.06728   75.31   0.0016   2.54e-05   
0.18407   160.0   2.54e-07   3.59e-09   
0.2241   80.0   1.51e-05   4.98e-07   
0.2832   135.0   2.75e-08   1.16e-09   
0.1777   135.0   1.18e-06   3.89e-08   
0.2008   60.0   0.000197   4.14e-06   
0.04756   75.32   0.00375   4.52e-05   
0.1747   60.0   0.000323   5.81e-06   
0.4649   40.0   4.18e-05   8.36e-07   
0.095   75.14   0.00068   1.26e-05   
0.4649   40.0   4.08e-05   6.53e-07   
0.08492   75.14   0.000904   1.43e-05   
0.04763   75.32   0.00372   4.83e-05   
0.3144   35.0   0.0007973   2.55e-05   
0.2861   60.0   3.3e-05   6.6e-07   
0.8177   139.53   1.24e-13   1.6e-14   
0.64   35.0   1.292e-05   4.78e-07   
0.4149   50.0   1.33e-05   1.73e-07   
0.095   75.14   0.00068   1.26e-05   
0.04432   75.14   0.00426   5.4e-05   
0.208   120.0   1.05e-06   4.2e-08   
0.2123   135.0   3.81e-07   2.36e-08   
0.64   58.0   1.12e-08   8.04e-10   
0.822   160.0   2.84e-14   1.65e-14   
0.07476   75.14   0.00129   2.01e-05   
0.4649   40.0   4.08e-05   6.53e-07   
0.208   120.0   1.05e-06   4.2e-08   
0.4589   60.0   8.3e-07   2.08e-08   
0.05547   75.31   0.00257   3.33e-05   
0.1581   135.0   2.24e-06   7.62e-08   
0.08135   75.32   0.00108   1.54e-05   
0.8726   140.66   3.24e-14   5.1e-15   
0.64   40.0   2.953e-06   1.09e-07   
0.5909   40.0   7.04e-06   1.9e-07   
0.2718   100.0   6.03e-07   1.39e-08   
0.361   80.0   3.86e-07   1.27e-08   
0.08541   160.0   5.93e-06   8.38e-08   
0.04751   75.32   0.00373   6.15e-05   
0.8726   140.66   3.24e-14   5.1e-15   
0.3212   80.0   1.19e-06   3.81e-08   
0.2123   135.0   3.81e-07   2.36e-08   
0.04756   75.32   0.00375   4.52e-05   
0.2337   100.0   2.05e-06   4.51e-08   
0.4133   45.0   3.336e-05   1.17e-06   
0.5519   40.0   1.21e-05   3.75e-07   
0.1581   135.0   2.24e-06   7.62e-08   
0.2515   80.0   7.2e-06   2.74e-07   
0.4133   30.0   0.0006547   2.1e-05   
3.304   22.82   3.3e-11   2.1e-12   
0.5519   40.0   1.19e-05   2.26e-07   
0.2241   80.0   1.51e-05   4.98e-07   
0.64   54.0   4.24e-08   2.89e-09   
12.685   8.0   5.31e-13   5.97e-13   
0.163   100.0   1.73e-05   6.57e-07   
0.508   160.0   3.55e-12   3.7e-13   
0.0739   75.31   0.00134   1.85e-05   
0.514   155.0   5.19e-12   1.58e-12   
0.0897   60.0   0.00241   4.64e-05   
0.64   40.0   2.953e-06   1.09e-07   
3.304   20.83   1.57e-10   1e-11   
0.3505   155.0   7.87e-10   5.43e-11   
0.4345   60.0   1.41e-06   3.53e-08   
0.4005   155.0   8.91e-11   1.11e-11   
0.1777   135.0   1.18e-06   3.89e-08   
0.2256   120.0   5.69e-07   2.11e-08   
0.4149   50.0   1.33e-05   1.73e-07   
6.06   8.0   4.85e-08   1.25e-08   
0.4345   60.0   1.38e-06   2.9e-08   
0.4149   40.0   8.45e-05   1.69e-06   
0.337   100.0   6.7e-08   4.22e-09   
0.2567   135.0   6.95e-08   4.31e-09   
0.6886   50.0   4.49e-08   1.98e-09   
0.8726   140.66   3.24e-14   5.1e-15   
0.9893   140.31   3.27e-15   1.3e-16   
0.5519   40.0   1.19e-05   2.26e-07   
0.2995   80.0   2.06e-06   8.65e-08   
0.6886   50.0   4.49e-08   1.98e-09   
0.337   100.0   6.7e-08   4.22e-09   
0.2123   135.0   3.81e-07   2.36e-08   
0.3255   155.0   2e-09   1.26e-10   
0.4589   60.0   8.3e-07   2.08e-08   
0.4649   40.0   4.08e-05   6.53e-07   
0.3288   160.0   1.43e-09   1.36e-10   
0.4649   40.0   4.18e-05   8.36e-07   
0.189   120.0   2e-06   4.6e-08   
0.1361   135.0   5.03e-06   1.46e-07   
0.64   78.0   3.74e-10   3.55e-11   
0.06728   75.31   0.0016   2.54e-05   
3.304   22.82   3.3e-11   2.1e-12   
0.64   64.0   1.48e-09   9.45e-11   
0.22487   160.0   6.87e-08   1.24e-09   
0.3945   53.0   1.057e-05   3.59e-07   
0.18407   160.0   2.54e-07   3.59e-09   
3.304   20.83   1.57e-10   1e-11   
0.1103   135.0   1.26e-05   4.16e-07   
0.2427   135.0   1.25e-07   3.88e-09   
0.4589   60.0   8.46e-07   2.45e-08   
0.585   155.0   5.98e-12   1.46e-12   
0.4345   60.0   1.41e-06   3.53e-08   
0.4649   40.0   3.95e-05   1.3e-06   
0.64   74.0   4.4e-10   4.01e-11   
0.747   160.0   1.16e-13   3.9e-14   
0.64   62.0   2.79e-09   1.34e-10   
0.64   102.0   7.63e-11   1.06e-11   
0.26652   160.0   1.65e-08   3.7e-10   
0.1581   135.0   2.24e-06   7.62e-08   
0.3144   55.0   3.622e-05   1.2e-06   
0.04432   75.14   0.00426   5.4e-05   
0.04751   75.32   0.00373   6.15e-05   
0.163   100.0   1.73e-05   6.57e-07   
0.2123   135.0   3.81e-07   2.36e-08   
0.481   50.0   4.14e-06   7.87e-08   
0.6626   40.0   2.02e-06   6.46e-08   
0.22487   160.0   6.87e-08   1.24e-09   
0.337   100.0   6.7e-08   4.22e-09   
0.2727   120.0   1.27e-07   8.26e-09   
0.2515   80.0   7.52e-06   2.41e-07   
0.4133   35.0   0.0002314   7.64e-06   
0.4149   40.0   8.29e-05   2.82e-06   
0.0897   60.0   0.00241   4.64e-05   
0.3255   155.0   2e-09   1.26e-10   
0.18407   160.0   2.54e-07   3.59e-09   
0.4133   50.0   1.32e-05   4.22e-07   
1.052   140.51   1.13e-15   8e-16   
0.22487   160.0   6.87e-08   1.24e-09   
3.304   22.82   3.3e-11   2.1e-12   
0.4088   60.0   2.55e-06   5.61e-08   
0.2534   100.0   1.05e-06   3.15e-08   
0.3144   30.0   0.001923   6.3459e-05   
0.64   102.0   7.63e-11   1.06e-11   
0.2718   100.0   6.03e-07   1.39e-08   
0.4088   60.0   2.67e-06   6.14e-08   
9.778   8.0   6.66e-11   1.89e-11   
0.3288   160.0   1.43e-09   1.36e-10   
0.14196   60.0   0.000666   1.2e-05   
0.06738   75.31   0.00163   2.26e-05   
0.3815   60.0   4.55e-06   9.56e-08   
0.8726   140.66   3.24e-14   5.1e-15   
0.64   58.0   1.12e-08   8.04e-10   
0.208   120.0   1.07e-06   3.1e-08   
0.1957   135.0   5.98e-07   1.85e-08   
0.3288   160.0   1.43e-09   1.36e-10   
0.1174   120.0   2.26e-05   9.04e-07   
0.4133   155.0   6.42e-11   5.01e-12   
3.304   22.82   3.3e-11   2.1e-12   
0.3945   155.0   1.48e-10   1.14e-11   
0.2469   60.0   7.65e-05   1.3e-06   
0.265   160.0   1.81e-08   1.2e-09   
0.3354   155.0   1.65e-09   8.26e-11   
0.2515   80.0   7.52e-06   2.41e-07   
0.4133   45.0   3.336e-05   1.17e-06   
0.64   102.0   7.63e-11   1.06e-11   
10.954   8.0   2.19e-12   1.33e-12   
1.052   140.51   1.13e-15   8e-16   
0.1581   135.0   2.24e-06   7.62e-08   
0.3755   155.0   2.76e-10   2.87e-11   
0.10339   160.0   3.27e-06   4.63e-08   
0.64   78.0   3.74e-10   3.55e-11   
0.9893   140.31   3.27e-15   1.3e-16   
0.3255   155.0   2e-09   1.26e-10   
6.483   8.0   2.57e-08   4.62e-09   
0.2008   60.0   0.000197   4.14e-06   
3.304   28.86   2.14e-14   7.2e-15   
0.8177   139.53   1.24e-13   1.6e-14   
0.1777   135.0   1.18e-06   3.89e-08   
0.64   35.0   1.292e-05   4.78e-07   
0.04756   75.32   0.00375   4.52e-05   
0.5519   40.0   1.19e-05   2.26e-07   
0.30915   160.0   4.02e-09   2.81e-10   
0.2008   60.0   0.000197   4.14e-06   
0.2919   40.0   0.000501   1.05e-05   
1.052   140.51   1.13e-15   8e-16   
7.257   8.0   8.38e-09   1.69e-09   
0.4133   50.0   1.32e-05   4.22e-07   
0.2256   120.0   6.63e-07   4.58e-08   
0.3511   120.0   6.12e-09   5.75e-10   
0.08135   75.32   0.00108   1.54e-05   
0.1361   135.0   5.03e-06   1.46e-07   
0.163   100.0   1.73e-05   6.57e-07   
0.4345   60.0   1.38e-06   2.9e-08   
0.64   66.0   9.06e-10   5.8e-11   
0.6876   139.99   1.51e-12   1.9e-13   
0.4133   35.0   0.0002314   7.64e-06   
0.37785   160.0   1.91e-10   8.6e-11   
0.095   75.14   0.00068   1.26e-05   
0.06728   75.31   0.0016   2.54e-05   
0.3585   40.0   0.000196   3.53e-06   
0.10978   60.0   0.00142   2.56e-05   
0.3652   55.0   1.379e-05   4.41e-07   
3.304   22.82   3.3e-11   2.1e-12   
0.3945   50.0   1.825e-05   6.21e-07   
0.04763   75.32   0.00372   4.83e-05   
0.747   160.0   1.16e-13   3.9e-14   
0.5519   40.0   1.19e-05   2.26e-07   
0.3144   35.0   0.0007973   2.55e-05   
0.3945   50.0   1.825e-05   6.21e-07   
0.1361   135.0   5.03e-06   1.46e-07   
0.8726   140.66   3.24e-14   5.1e-15   
0.3779   50.0   2.58e-05   5.42e-07   
0.6595   155.0   2.3e-12   7.71e-13   
0.6277   40.0   3.59e-06   8.98e-08   
0.31907   160.0   2.56e-09   2.05e-10   
0.2008   60.0   0.000195   6.83e-06   
3.304   28.86   2.14e-14   7.2e-15   
0.3523   60.0   8.73e-06   1.92e-07   
0.4133   35.0   0.0002314   7.64e-06   
0.8726   140.66   3.24e-14   5.1e-15   
0.4627   80.0   1.67e-08   9.19e-10   
0.1682   120.0   4.01e-06   1.6e-07   
0.4133   30.0   0.0006547   2.1e-05   
0.3144   55.0   3.622e-05   1.2e-06   
10.954   8.0   2.19e-12   1.33e-12   
0.7394   139.91   6.41e-13   5.9e-14   
0.04763   75.32   0.00372   4.83e-05   
0.2421   120.0   3.34e-07   1.64e-08   
0.8726   140.66   3.24e-14   5.1e-15   
0.06462   75.14   0.00186   3.02e-05   
0.64   50.0   1.51e-07   5.89e-09   
0.64   50.0   1.51e-07   5.89e-09   
0.1777   135.0   1.18e-06   3.89e-08   
0.5909   40.0   7.04e-06   1.9e-07   
0.3354   50.0   5.232e-05   1.67e-06   
