Bootstrapped Data
Energy (GeV)   Theta (Degrees)   Sigma Experimental   Uncertainties   Dataset
0.3945   50.0   1.825e-05   6.21e-07   
0.1682   120.0   4.01e-06   1.6e-07   
0.08541   160.0   5.93e-06   8.38e-08   
0.552   160.0   2.49e-12   3e-13   
0.5101   40.0   2.27e-05   3.63e-07   
0.5519   40.0   1.2e-05   2.52e-07   
0.189   120.0   2e-06   4.6e-08   
0.64   54.0   4.24e-08   2.89e-09   
0.25783   160.0   2.18e-08   1.09e-09   
0.4149   50.0   1.33e-05   1.73e-07   
0.18523   160.0   2.43e-07   8.51e-09   
0.2832   135.0   2.75e-08   1.16e-09   
0.2718   100.0   6.03e-07   1.39e-08   
0.2919   40.0   0.000501   1.05e-05   
0.3144   30.0   0.001923   6.3459e-05   
0.585   155.0   5.98e-12   1.46e-12   
0.7391   118.99   3.95e-12   3.8e-13   
0.421   155.0   4.45e-11   5.21e-12   
0.25783   160.0   2.18e-08   1.09e-09   
0.2279   135.0   2.01e-07   6.63e-09   
0.4088   60.0   2.5e-06   1.18e-07   
0.2995   80.0   2.18e-06   6.32e-08   
7.959   8.0   2.7e-09   4.94e-10   
0.3945   50.0   1.825e-05   6.21e-07   
0.6876   139.99   1.51e-12   1.9e-13   
0.0586   60.0   0.00661   0.00014   
0.07299   75.32   0.00144   2.12e-05   
0.2337   100.0   2.05e-06   4.51e-08   
0.6626   40.0   2.09e-06   6.06e-08   
0.10339   160.0   3.27e-06   4.63e-08   
0.4345   60.0   1.38e-06   2.9e-08   
0.1892   100.0   8.27e-06   2.65e-07   
0.1103   135.0   1.26e-05   4.16e-07   
0.361   80.0   3.86e-07   1.27e-08   
0.2008   60.0   0.000195   6.83e-06   
0.3652   55.0   1.379e-05   4.41e-07   
0.2861   60.0   3.3e-05   6.6e-07   
0.3144   55.0   3.622e-05   1.2e-06   
0.2369   50.0   0.000302   5.74e-06   
9.21   8.0   2.07e-10   4.08e-11   
0.2017   60.0   0.000185   3.34e-06   
0.1448   120.0   8.81e-06   1.76e-07   
0.585   155.0   5.98e-12   1.46e-12   
0.4133   35.0   0.0002314   7.64e-06   
0.2912   50.0   0.000116   3.71e-06   
0.4149   40.0   8.45e-05   1.69e-06   
0.64   62.0   2.79e-09   1.34e-10   
0.3652   55.0   1.379e-05   4.41e-07   
0.2256   120.0   5.69e-07   2.11e-08   
0.6876   139.99   1.51e-12   1.9e-13   
0.2861   60.0   3.3e-05   6.6e-07   
0.3523   60.0   8.57e-06   2.74e-07   
0.4649   40.0   4.08e-05   6.53e-07   
0.2427   135.0   1.37e-07   8.36e-09   
0.1747   60.0   0.000323   5.81e-06   
0.1933   80.0   3.49e-05   1.12e-06   
0.4627   80.0   1.67e-08   9.19e-10   
0.3354   60.0   1.174e-05   3.76e-07   
0.189   120.0   2e-06   4.6e-08   
0.64   50.0   1.51e-07   5.89e-09   
0.3585   40.0   0.000186   5.39e-06   
0.3372   50.0   5.01e-05   8.02e-07   
0.2469   60.0   7.65e-05   1.3e-06   
0.4149   40.0   8.29e-05   2.82e-06   
0.3585   40.0   0.000186   5.39e-06   
0.64   40.0   2.953e-06   1.09e-07   
0.2256   120.0   6.63e-07   4.58e-08   
0.3144   40.0   0.0003486   1.15e-05   
0.189   120.0   2e-06   4.6e-08   
0.28351   160.0   8.64e-09   3.89e-10   
0.10978   60.0   0.00142   2.56e-05   
0.2534   100.0   1.04e-06   5.41e-08   
0.4649   40.0   4.18e-05   8.36e-07   
0.2008   60.0   0.000197   4.14e-06   
0.02883   75.31   0.0112   0.000179   
0.64   66.0   9.06e-10   5.8e-11   
0.1892   100.0   8.4e-06   2.77e-07   
0.2718   100.0   6.49e-07   2.73e-08   
0.3005   155.0   5.52e-09   2.7e-10   
3.304   28.86   2.14e-14   7.2e-15   
3.356   20.5127   1.34e-10   9.39e-12   
0.747   160.0   1.16e-13   3.9e-14   
0.4649   40.0   4.18e-05   8.36e-07   
0.0796   75.31   0.00108   1.48e-05   
0.64   35.0   1.292e-05   4.78e-07   
0.1682   120.0   4.13e-06   1.12e-07   
0.04432   75.14   0.00426   5.4e-05   
0.06728   75.31   0.0016   2.54e-05   
0.552   160.0   2.49e-12   3e-13   
0.10339   160.0   3.27e-06   4.63e-08   
0.1747   60.0   0.000323   5.81e-06   
0.3743   155.0   3.29e-10   1.98e-11   
0.8157   113.01   1.43e-12   1.3e-13   
0.25783   160.0   2.18e-08   1.09e-09   
0.4133   35.0   0.0002314   7.64e-06   
0.03405   75.31   0.00772   0.000125   
0.2241   80.0   1.51e-05   4.98e-07   
0.04756   75.32   0.00375   4.52e-05   
0.2337   100.0   2.05e-06   4.51e-08   
0.361   80.0   3.86e-07   1.27e-08   
0.6277   40.0   3.59e-06   8.98e-08   
0.5101   40.0   2.18e-05   6.32e-07   
0.5519   40.0   1.19e-05   2.26e-07   
0.5111   50.0   2.28e-06   5.02e-08   
0.1682   120.0   4.01e-06   1.6e-07   
0.64   66.0   9.06e-10   5.8e-11   
0.265   160.0   1.81e-08   1.2e-09   
0.6626   40.0   2.04e-06   4.08e-08   
0.08541   160.0   5.93e-06   8.38e-08   
0.64   40.0   2.953e-06   1.09e-07   
0.23811   160.0   4.5e-08   1.58e-09   
0.5101   40.0   2.27e-05   3.63e-07   
0.2337   100.0   2.05e-06   4.51e-08   
0.4133   30.0   0.0006547   2.1e-05   
0.6595   155.0   2.3e-12   7.71e-13   
0.208   120.0   1.05e-06   4.2e-08   
0.28979   160.0   7.41e-09   2.34e-10   
0.64   74.0   4.4e-10   4.01e-11   
0.2279   135.0   2.01e-07   6.63e-09   
0.2337   100.0   2.09e-06   6.69e-08   
0.3511   120.0   6.12e-09   5.75e-10   
0.2765   80.0   4.4e-06   1.45e-07   
3.304   20.83   1.57e-10   1e-11   
0.1103   135.0   1.26e-05   4.16e-07   
0.4149   40.0   8.49e-05   1.19e-06   
0.64   112.0   2.78e-11   4.2e-12   
0.6295   155.0   2.58e-12   8.64e-13   
0.2534   100.0   1.05e-06   3.15e-08   
0.04432   75.14   0.00426   5.4e-05   
0.8726   140.66   3.24e-14   5.1e-15   
0.2534   100.0   1.05e-06   3.15e-08   
0.64   66.0   9.06e-10   5.8e-11   
0.2256   120.0   6.63e-07   4.58e-08   
0.2919   40.0   0.000498   6.97e-06   
0.2241   80.0   1.51e-05   4.98e-07   
0.7394   139.91   6.41e-13   5.9e-14   
0.3372   50.0   5.01e-05   8.02e-07   
0.8726   140.66   3.24e-14   5.1e-15   
0.04756   75.32   0.00375   4.52e-05   
0.02883   75.31   0.0112   0.000179   
0.23811   160.0   4.5e-08   1.58e-09   
0.64   35.0   1.292e-05   4.78e-07   
0.4133   50.0   1.32e-05   4.22e-07   
0.1747   60.0   0.000323   5.81e-06   
0.4088   60.0   2.55e-06   5.61e-08   
0.1777   135.0   1.18e-06   3.89e-08   
0.3005   155.0   5.52e-09   2.7e-10   
0.1103   135.0   1.26e-05   4.16e-07   
0.6626   40.0   2.09e-06   6.06e-08   
0.27153   160.0   1.41e-08   6.35e-10   
0.05448   75.14   0.00281   4.23e-05   
0.25783   160.0   2.18e-08   1.09e-09   
0.2534   100.0   1.04e-06   5.41e-08   
0.3144   45.0   0.0001581   5.22e-06   
0.7391   118.99   3.95e-12   3.8e-13   
0.1892   100.0   8.27e-06   2.65e-07   
0.5519   40.0   1.2e-05   2.52e-07   
0.4589   60.0   8.3e-07   2.08e-08   
6.483   8.0   2.57e-08   4.62e-09   
0.14935   160.0   7.68e-07   1.09e-08   
0.4133   40.0   8.687e-05   2.78e-06   
0.6626   40.0   2.02e-06   6.46e-08   
0.07476   75.14   0.00129   2.01e-05   
0.2279   135.0   2.01e-07   6.63e-09   
0.3144   155.0   3.4e-09   1.39e-10   
0.361   80.0   3.86e-07   1.27e-08   
1.052   140.51   1.13e-15   8e-16   
0.4149   40.0   8.29e-05   2.82e-06   
0.2123   135.0   3.48e-07   1.04e-08   
0.7391   97.78   2.8e-11   2e-12   
0.2893   100.0   3.44e-07   1.17e-08   
0.6626   40.0   2.04e-06   4.08e-08   
0.23811   160.0   4.5e-08   1.58e-09   
0.5111   50.0   2.28e-06   5.02e-08   
0.4345   60.0   1.38e-06   2.9e-08   
0.2534   100.0   1.05e-06   3.15e-08   
0.3208   60.0   1.61e-05   3.38e-07   
0.2919   40.0   0.000501   1.05e-05   
0.3058   100.0   2.08e-07   8.32e-09   
0.2123   135.0   3.48e-07   1.04e-08   
0.0796   75.31   0.00108   1.48e-05   
3.304   19.5   5.16e-10   2.9e-11   
0.23811   160.0   4.5e-08   1.58e-09   
0.18407   160.0   2.54e-07   3.59e-09   
0.0897   60.0   0.00241   4.64e-05   
6.483   8.0   2.57e-08   4.62e-09   
0.04763   75.32   0.00372   4.83e-05   
0.2534   100.0   1.04e-06   5.41e-08   
0.5111   50.0   2.12e-06   8.69e-08   
0.2912   50.0   0.000116   3.71e-06   
0.2369   50.0   0.000302   5.74e-06   
0.6277   40.0   3.59e-06   8.98e-08   
0.2534   100.0   1.04e-06   5.41e-08   
10.316   8.0   9.21e-12   4.27e-12   
0.9893   140.31   3.27e-15   1.3e-16   
0.3743   55.0   1.155e-05   3.7e-07   
0.1682   120.0   4.01e-06   1.6e-07   
0.4649   40.0   4.18e-05   8.36e-07   
0.2534   100.0   1.05e-06   3.15e-08   
0.1682   120.0   4.13e-06   1.12e-07   
0.4133   40.0   8.687e-05   2.78e-06   
0.3058   100.0   2.08e-07   8.32e-09   
0.337   100.0   6.7e-08   4.22e-09   
0.3815   60.0   4.69e-06   1.03e-07   
0.2469   60.0   7.65e-05   1.3e-06   
0.6039   155.0   6.32e-12   1.36e-12   
0.2256   120.0   5.69e-07   2.11e-08   
9.21   8.0   2.07e-10   4.08e-11   
0.2279   135.0   2.01e-07   6.63e-09   
0.508   160.0   3.55e-12   3.7e-13   
0.64   40.0   2.953e-06   1.09e-07   
0.4589   60.0   8.46e-07   2.45e-08   
0.3755   155.0   2.76e-10   2.87e-11   
0.3144   35.0   0.0007973   2.55e-05   
0.26652   160.0   1.65e-08   3.7e-10   
0.3208   60.0   1.61e-05   3.38e-07   
0.4133   40.0   8.687e-05   2.78e-06   
3.304   28.86   2.14e-14   7.2e-15   
0.4133   50.0   1.32e-05   4.22e-07   
0.37785   160.0   1.91e-10   8.6e-11   
0.06728   75.31   0.0016   2.54e-05   
0.64   74.0   4.4e-10   4.01e-11   
0.3144   60.0   1.835e-05   5.87e-07   
3.304   28.86   2.14e-14   7.2e-15   
0.2337   100.0   2.09e-06   6.69e-08   
0.2256   120.0   5.69e-07   2.11e-08   
12.685   8.0   5.31e-13   5.97e-13   
0.3755   155.0   2.76e-10   2.87e-11   
0.4649   40.0   3.95e-05   1.3e-06   
0.163   100.0   1.73e-05   6.57e-07   
0.07476   75.14   0.00129   2.01e-05   
0.2727   120.0   1.11e-07   9.88e-09   
0.4133   45.0   3.336e-05   1.17e-06   
0.64   85.0   2.62e-10   1.91e-11   
0.64   64.0   1.48e-09   9.45e-11   
3.304   17.52   2.29e-09   1.2e-10   
0.05448   75.14   0.00281   4.23e-05   
6.483   8.0   2.57e-08   4.62e-09   
0.4133   155.0   6.42e-11   5.01e-12   
0.64   85.0   2.62e-10   1.91e-11   
0.4133   50.0   1.32e-05   4.22e-07   
0.2427   135.0   1.25e-07   3.88e-09   
0.4149   40.0   8.45e-05   1.69e-06   
0.337   100.0   6.7e-08   4.22e-09   
0.2912   50.0   0.000116   3.71e-06   
0.1448   120.0   8.81e-06   1.76e-07   
0.26652   160.0   1.65e-08   3.7e-10   
0.06738   75.31   0.00163   2.26e-05   
0.64   62.0   2.79e-09   1.34e-10   
0.822   160.0   2.84e-14   1.65e-14   
0.64   123.0   8.13e-12   2.41e-12   
0.6595   155.0   2.3e-12   7.71e-13   
0.3815   60.0   4.69e-06   1.03e-07   
0.64   74.0   4.4e-10   4.01e-11   
0.06091   75.32   0.00207   2.62e-05   
0.29826   160.0   5.51e-09   3.31e-10   
0.3058   100.0   1.96e-07   1e-08   
0.2125   100.0   3.98e-06   1.19e-07   
3.304   27.24   2.77e-13   3.9e-14   
