Bootstrapped Data
Energy (GeV)   Theta (Degrees)   Sigma Experimental   Uncertainties   Dataset
0.4627   80.0   1.67e-08   9.19e-10   
0.1933   80.0   3.49e-05   1.12e-06   
0.04751   75.32   0.00373   6.15e-05   
0.449   50.0   7.32e-06   1.39e-07   
0.208   120.0   1.07e-06   3.1e-08   
0.4649   40.0   3.95e-05   1.3e-06   
10.954   8.0   2.19e-12   1.33e-12   
0.6595   155.0   2.3e-12   7.71e-13   
0.14935   160.0   7.68e-07   1.09e-08   
0.2919   40.0   0.000498   6.97e-06   
0.04751   75.32   0.00373   6.15e-05   
0.64   62.0   2.79e-09   1.34e-10   
0.5909   40.0   7.04e-06   1.9e-07   
0.64   50.0   1.51e-07   5.89e-09   
0.6295   155.0   2.58e-12   8.64e-13   
0.2369   50.0   0.000302   5.74e-06   
0.552   160.0   2.49e-12   3e-13   
0.5519   40.0   1.2e-05   2.52e-07   
0.2123   135.0   3.48e-07   1.04e-08   
0.2008   60.0   0.000195   6.83e-06   
0.05448   75.14   0.00281   4.23e-05   
0.6626   40.0   2.09e-06   6.06e-08   
0.28351   160.0   8.64e-09   3.89e-10   
0.933   119.94   6.84e-14   1.1e-14   
0.6889   155.0   1.94e-12   5.89e-13   
0.03405   75.31   0.00772   0.000125   
0.3523   60.0   8.73e-06   1.92e-07   
0.2241   80.0   1.55e-05   3.72e-07   
0.4088   60.0   2.67e-06   6.14e-08   
0.208   120.0   1.05e-06   4.2e-08   
0.337   100.0   6.7e-08   4.22e-09   
12.685   8.0   5.31e-13   5.97e-13   
11.558   8.0   4.91e-13   5.27e-13   
0.1448   120.0   8.85e-06   3.1e-07   
0.4133   50.0   1.32e-05   4.22e-07   
0.593   50.0   4.76e-07   1e-08   
0.4149   50.0   1.33e-05   1.73e-07   
0.5685   155.0   3.23e-12   1.32e-12   
0.2718   100.0   6.49e-07   2.73e-08   
0.2337   100.0   2.05e-06   4.51e-08   
0.3005   155.0   5.52e-09   2.7e-10   
0.64   40.0   2.953e-06   1.09e-07   
0.2123   135.0   3.81e-07   2.36e-08   
0.18523   160.0   2.43e-07   8.51e-09   
0.2515   80.0   7.52e-06   2.41e-07   
0.5101   40.0   2.12e-05   6.57e-07   
0.2427   135.0   1.25e-07   3.88e-09   
0.3144   30.0   0.001923   6.3459e-05   
0.64   45.0   6.77e-07   2.57e-08   
0.5101   40.0   2.27e-05   3.63e-07   
0.2256   120.0   5.69e-07   2.11e-08   
0.3144   55.0   3.622e-05   1.2e-06   
0.4149   40.0   8.29e-05   2.82e-06   
0.64   45.0   6.77e-07   2.57e-08   
0.4133   45.0   3.336e-05   1.17e-06   
0.4088   60.0   2.67e-06   6.14e-08   
0.4505   155.0   1.59e-11   3.62e-12   
0.337   100.0   6.7e-08   4.22e-09   
0.4589   60.0   8.46e-07   2.45e-08   
0.3005   155.0   5.52e-09   2.7e-10   
0.4088   60.0   2.55e-06   5.61e-08   
0.7391   97.78   2.8e-11   2e-12   
9.21   8.0   2.07e-10   4.08e-11   
0.2995   80.0   2.18e-06   6.32e-08   
0.5909   40.0   6.82e-06   1.02e-07   
0.1103   135.0   1.26e-05   4.16e-07   
0.3058   100.0   1.96e-07   1e-08   
0.3743   55.0   1.155e-05   3.7e-07   
0.64   78.0   3.74e-10   3.55e-11   
0.2567   135.0   6.95e-08   4.31e-09   
0.5111   50.0   2.12e-06   8.69e-08   
0.2832   135.0   2.75e-08   1.16e-09   
0.18523   160.0   2.43e-07   8.51e-09   
1.052   140.51   1.13e-15   8e-16   
10.954   8.0   2.19e-12   1.33e-12   
0.3523   60.0   8.57e-06   2.74e-07   
7.257   8.0   8.38e-09   1.69e-09   
0.08541   160.0   5.93e-06   8.38e-08   
0.04432   75.14   0.00426   5.4e-05   
0.157   80.0   9.62e-05   3.27e-06   
0.08492   75.14   0.000904   1.43e-05   
0.3058   100.0   2.08e-07   8.32e-09   
0.02915   75.32   0.0105   0.000165   
0.2861   60.0   3.31e-05   1.09e-06   
0.36825   160.0   4e-10   4.2e-11   
0.3058   100.0   1.96e-07   1e-08   
0.1682   120.0   4.01e-06   1.6e-07   
0.5101   40.0   2.28e-05   4.1e-07   
0.1892   100.0   8.21e-06   2.55e-07   
0.6595   155.0   2.3e-12   7.71e-13   
1.052   140.51   1.13e-15   8e-16   
0.095   75.14   0.00068   1.26e-05   
0.4133   30.0   0.0006547   2.1e-05   
0.1957   135.0   6.23e-07   2.31e-08   
0.4649   40.0   4.08e-05   6.53e-07   
0.3585   40.0   0.000194   3.1e-06   
0.18407   160.0   2.54e-07   3.59e-09   
0.37785   160.0   1.91e-10   8.6e-11   
7.959   8.0   2.7e-09   4.94e-10   
0.8157   113.01   1.43e-12   1.3e-13   
0.4088   60.0   2.67e-06   6.14e-08   
0.3945   53.0   1.057e-05   3.59e-07   
7.257   8.0   8.38e-09   1.69e-09   
0.31907   160.0   2.56e-09   2.05e-10   
0.3523   60.0   8.79e-06   1.76e-07   
0.0586   60.0   0.00661   0.00014   
0.08135   75.32   0.00108   1.54e-05   
0.64   35.0   1.292e-05   4.78e-07   
0.4627   80.0   1.67e-08   9.19e-10   
0.1777   135.0   1.19e-06   4.64e-08   
0.4005   155.0   8.91e-11   1.11e-11   
0.2995   80.0   2.06e-06   8.65e-08   
0.06091   75.32   0.00207   2.62e-05   
0.9893   140.31   3.27e-15   1.3e-16   
0.37785   160.0   1.91e-10   8.6e-11   
0.1957   135.0   6.23e-07   2.31e-08   
0.64   45.0   6.77e-07   2.57e-08   
0.514   155.0   5.19e-12   1.58e-12   
0.0897   60.0   0.00241   4.64e-05   
0.1747   60.0   0.000323   5.81e-06   
0.6277   40.0   3.63e-06   7.26e-08   
0.2718   100.0   6.49e-07   2.73e-08   
0.2515   80.0   7.52e-06   2.41e-07   
0.14935   160.0   7.68e-07   1.09e-08   
0.6886   50.0   4.49e-08   1.98e-09   
0.64   66.0   9.06e-10   5.8e-11   
0.2017   60.0   0.000185   3.34e-06   
0.64   50.0   1.51e-07   5.89e-09   
0.421   155.0   4.45e-11   5.21e-12   
0.3144   60.0   1.835e-05   5.87e-07   
0.208   120.0   1.05e-06   4.2e-08   
0.593   50.0   4.76e-07   1e-08   
0.2912   50.0   0.000117   2.11e-06   
0.3372   50.0   5.01e-05   8.02e-07   
0.208   120.0   1.07e-06   3.1e-08   
0.36825   160.0   4e-10   4.2e-11   
0.2919   40.0   0.000498   6.97e-06   
0.36825   160.0   4e-10   4.2e-11   
0.1448   120.0   8.81e-06   1.76e-07   
0.5519   40.0   1.21e-05   3.75e-07   
0.5519   40.0   1.21e-05   3.75e-07   
12.685   8.0   5.31e-13   5.97e-13   
0.5111   50.0   2.12e-06   8.69e-08   
0.3585   40.0   0.000186   5.39e-06   
0.4133   35.0   0.0002314   7.64e-06   
10.316   8.0   9.21e-12   4.27e-12   
11.558   8.0   4.91e-13   5.27e-13   
0.64   40.0   2.953e-06   1.09e-07   
0.8157   113.01   1.43e-12   1.3e-13   
0.6595   155.0   2.3e-12   7.71e-13   
0.2427   135.0   1.37e-07   8.36e-09   
0.64   50.0   1.51e-07   5.89e-09   
0.208   120.0   1.05e-06   4.2e-08   
0.36825   160.0   4e-10   4.2e-11   
0.64   70.0   4.88e-10   3.17e-11   
0.5685   155.0   3.23e-12   1.32e-12   
0.3144   60.0   1.835e-05   5.87e-07   
0.4149   40.0   8.29e-05   2.82e-06   
0.5519   40.0   1.2e-05   2.52e-07   
0.1323   100.0   4.74e-05   8.06e-07   
0.04751   75.32   0.00373   6.15e-05   
0.1892   100.0   8.27e-06   2.65e-07   
0.1682   120.0   4.01e-06   1.6e-07   
0.64   50.0   1.51e-07   5.89e-09   
0.2241   80.0   1.55e-05   3.72e-07   
0.3523   60.0   8.57e-06   2.74e-07   
0.481   50.0   4.14e-06   7.87e-08   
0.05547   75.31   0.00257   3.33e-05   
0.2718   100.0   6.49e-07   2.73e-08   
0.2008   60.0   0.000195   6.83e-06   
0.1777   135.0   1.18e-06   3.89e-08   
0.3354   50.0   5.232e-05   1.67e-06   
0.06728   75.31   0.0016   2.54e-05   
0.5519   40.0   1.21e-05   3.75e-07   
0.2256   120.0   5.69e-07   2.11e-08   
0.5519   40.0   1.2e-05   2.52e-07   
0.36825   160.0   4e-10   4.2e-11   
0.3523   60.0   8.57e-06   2.74e-07   
11.558   8.0   4.91e-13   5.27e-13   
0.1174   120.0   2.23e-05   5.58e-07   
0.2995   80.0   2.18e-06   6.32e-08   
9.21   8.0   2.07e-10   4.08e-11   
0.3144   155.0   3.4e-09   1.39e-10   
0.449   50.0   7.32e-06   1.39e-07   
0.4149   40.0   8.49e-05   1.19e-06   
0.31243   160.0   3.11e-09   1.59e-10   
0.03405   75.31   0.00772   0.000125   
0.1581   135.0   2.38e-06   7.62e-08   
0.4133   40.0   8.687e-05   2.78e-06   
0.4133   35.0   0.0002314   7.64e-06   
0.3354   50.0   5.232e-05   1.67e-06   
0.6277   40.0   3.63e-06   7.26e-08   
0.3144   45.0   0.0001581   5.22e-06   
0.3255   155.0   2e-09   1.26e-10   
0.2279   135.0   2.01e-07   6.63e-09   
7.959   8.0   2.7e-09   4.94e-10   
9.21   8.0   2.07e-10   4.08e-11   
0.3945   155.0   1.48e-10   1.14e-11   
0.09037   75.35   0.000784   1.15e-05   
0.1103   135.0   1.26e-05   4.16e-07   
0.552   160.0   2.49e-12   3e-13   
0.1174   120.0   2.26e-05   9.04e-07   
0.64   62.0   2.79e-09   1.34e-10   
0.06728   75.31   0.0016   2.54e-05   
0.585   155.0   5.98e-12   1.46e-12   
0.02883   75.31   0.0112   0.000179   
0.64   58.0   1.12e-08   8.04e-10   
0.64   123.0   8.13e-12   2.41e-12   
0.4649   40.0   4.18e-05   8.36e-07   
0.2861   60.0   3.31e-05   1.09e-06   
0.28351   160.0   8.64e-09   3.89e-10   
0.4149   40.0   8.49e-05   1.19e-06   
0.2765   80.0   4.4e-06   1.45e-07   
0.05448   75.14   0.00281   4.23e-05   
0.2893   100.0   3.44e-07   1.17e-08   
0.3743   155.0   3.29e-10   1.98e-11   
0.4149   40.0   8.45e-05   1.69e-06   
3.304   19.5   5.16e-10   2.9e-11   
0.6277   40.0   3.63e-06   7.26e-08   
0.3354   50.0   5.232e-05   1.67e-06   
0.1933   80.0   3.49e-05   1.12e-06   
0.2995   80.0   2.06e-06   8.65e-08   
0.64   58.0   1.12e-08   8.04e-10   
0.2369   50.0   0.000302   5.74e-06   
6.06   8.0   4.85e-08   1.25e-08   
12.685   8.0   5.31e-13   5.97e-13   
0.3585   40.0   0.000196   3.53e-06   
0.9893   140.31   3.27e-15   1.3e-16   
0.2241   80.0   1.51e-05   4.98e-07   
0.30915   160.0   4.02e-09   2.81e-10   
0.18407   160.0   2.54e-07   3.59e-09   
0.64   64.0   1.48e-09   9.45e-11   
0.6277   40.0   3.63e-06   7.26e-08   
0.3058   100.0   1.96e-07   1e-08   
0.3144   45.0   0.0001581   5.22e-06   
0.157   80.0   9.62e-05   3.27e-06   
0.3208   60.0   1.61e-05   3.38e-07   
0.3354   155.0   1.65e-09   8.26e-11   
0.5519   40.0   1.2e-05   2.52e-07   
0.2893   100.0   3.44e-07   1.17e-08   
0.02883   75.31   0.0112   0.000179   
0.2123   135.0   3.81e-07   2.36e-08   
0.1581   135.0   2.38e-06   7.62e-08   
0.1581   135.0   2.38e-06   7.62e-08   
0.31907   160.0   2.56e-09   2.05e-10   
0.6277   40.0   3.59e-06   8.98e-08   
0.64   82.0   3.09e-10   2.5e-11   
0.4149   40.0   8.49e-05   1.19e-06   
0.21624   160.0   9.6e-08   3.36e-09   
0.0897   60.0   0.00241   4.64e-05   
0.585   155.0   5.98e-12   1.46e-12   
0.10339   160.0   3.27e-06   4.63e-08   
0.5101   40.0   2.28e-05   4.1e-07   
0.163   100.0   1.73e-05   6.57e-07   
0.3523   60.0   8.57e-06   2.74e-07   
0.6626   40.0   2.04e-06   4.08e-08   
0.1747   60.0   0.000323   5.81e-06   
0.4345   60.0   1.38e-06   2.9e-08   
0.64   64.0   1.48e-09   9.45e-11   
