Chi2   rChi2   BIC   AIC    Qichtot    Qimtot  R[0]  R[1]  R[2]  R[3]  R[4]  R[5]  R[6]  R[7]  R[8]  R[9]  R[10]  R[11]  Q0ch    Q1ch    Q2ch    Q3ch    Q4ch    Q5ch    Q6ch    Q7ch    Q8ch    Q9ch    Q10ch    Q11ch    Q0m    Q1m    Q2m    Q3m    Q4m    Q5m    Q6m    Q7m    Q8m    Q9m    Q10m    Q11m
497.6 2.1265 235.801 193.119 1.00913 1.06417 0.2 0.5 0.9 1.2 1.6 1.9 2.2 2.9 3.4 3.8 4.5 5.3 0.106878 0.0701062 0.18263 0.20693 0.192979 0.0880354 0.0483465 0.0638196 0.0453861 1.07859e-11 1.2689e-11 0.00401995 0.0797212 0.137087 0.209413 0.127468 0.202107 0.019916 0.13116 0.0831914 0.0325808 0.0172534 1.6556e-08 0.024272
418.628 1.78901 191.042 148.36 1.00648 1.03258 0.3 0.4 0.8 0.9 1.4 1.7 2.2 2.8 3.3 4 4.4 6 0.0834429 0.041872 0.247002 0.0625695 0.254908 0.0792625 0.142348 0.0522135 0.0312246 0.00666811 0.00496418 1.72723e-12 0.136556 0.0385304 0.0223377 0.274058 0.160317 0.138598 0.124129 0.065989 0.038001 0.0199823 0.0019983 0.0120839
513.654 2.1951 244.025 201.343 1.00673 0.994545 0.2 0.6 0.7 1.1 1.5 1.7 2.3 2.9 3.2 3.3 4.2 4.7 0.110521 0.110642 0.0097399 0.33088 0.024452 0.256949 0.0635195 0.0372748 4.66987e-10 0.0627531 3.7359e-14 1.47143e-12 0.088927 0.20274 1.45262e-12 0.271418 0.0195753 0.208894 0.115209 0.0267706 0.0577981 0.00321321 5.79536e-14 1.49203e-12
420.692 1.79783 192.316 149.634 1.00615 1.03254 0.0001 0.5 0.7 1 1.4 1.6 2.2 2.7 3.2 3.8 4.3 4.5 0.0288759 0.153084 0.0825508 0.225627 0.109862 0.171282 0.135169 0.0459133 0.0401707 0.00712048 0.00649303 7.85053e-10 0.0587084 0.168964 0.00962149 0.268748 0.0781353 0.174121 0.129051 0.0734289 0.0303034 0.0343908 0.00706779 6.97362e-11
420.197 1.79571 192.011 149.329 1.0062 1.04282 0.0001 0.5 0.8 1.1 1.5 1.8 2.2 2.7 3.3 3.8 4.3 4.4 0.0286336 0.160966 0.151569 0.176812 0.203978 0.0609716 0.117919 0.0577607 0.037832 0.00160104 0.00815401 3.98946e-10 0.0606129 0.152825 0.106345 0.213764 0.168181 0.0704768 0.112664 0.0847141 0.0313983 0.031311 0.0105325 1.71889e-09
427.417 1.82657 196.423 153.741 1.0063 1.02287 0.0001 0.5 0.7 1 1.5 1.7 2.3 2.8 3.3 4 4.4 4.3 0.0260244 0.178568 0.0355677 0.271454 0.170006 0.111532 0.132016 0.0328278 0.039126 0.00387683 0.00530102 6.55692e-12 0.049783 0.189574 2.69035e-12 0.284518 0.0829767 0.185755 0.109751 0.0542388 0.0405241 0.0198 0.0059542 9.40854e-09
420.608 1.79747 192.264 149.582 1.00619 1.03711 0.2 0.5 0.7 1.1 1.5 1.9 2.2 2.7 3.2 3.8 4.3 4.4 0.0557537 0.0577602 0.216036 0.182455 0.227905 0.0432102 0.121445 0.048338 0.0394328 0.00709308 0.00676037 1.48013e-07 0.0858012 0.0806913 0.149897 0.217503 0.157619 0.117566 0.0730307 0.0745648 0.042116 0.0263016 0.0120217 2.95797e-12
421.804 1.80258 193 150.318 1.00652 1.03027 0.1 0.5 0.9 1.3 1.5 2 2.4 2.9 3.5 3.8 4.5 4.4 0.0308804 0.168225 0.247166 0.089439 0.201472 0.105732 0.0862352 0.0431212 0.0281386 1.66858e-10 0.00422682 0.00188728 0.0650956 0.156266 0.190334 0.209555 0.082211 0.135617 0.075287 0.0711499 5.63701e-10 0.0447569 1.19203e-09 2.43744e-09
419.741 1.79377 191.73 149.048 1.00618 1.04529 0.1 0.4 0.7 1.1 1.3 1.8 2.2 2.7 3.3 3.8 4.3 4.8 0.0360945 0.0481417 0.277991 0.016452 0.291023 0.126245 0.101598 0.0621655 0.0360031 0.00257935 0.00788195 3.78253e-13 0.0704932 0.048978 0.224578 0.0705187 0.24432 0.124909 0.0984929 0.0897622 0.0298108 0.0331213 0.0103086 6.94445e-14
420.692 1.79783 192.316 149.634 1.00621 1.03833 0.2 0.4 0.7 1.2 1.6 1.8 2.2 2.8 3.3 3.8 4.3 4.4 0.0531578 0.032085 0.266614 0.227808 0.188546 0.00137287 0.141494 0.0528742 0.0304161 0.0045131 0.00733099 4.82973e-09 0.083112 0.0427272 0.221174 0.251724 0.0721092 0.115542 0.106435 0.0782297 0.0295 0.025047 0.012731 1.29933e-09
418.85 1.78996 191.179 148.497 1.00632 1.03723 0.1 0.5 0.7 0.9 1.3 1.8 2.2 2.8 3.4 3.9 4.3 4.4 0.0423419 0.0557368 0.266684 1.21887e-11 0.311087 0.112173 0.118124 0.062858 0.0287968 4.05231e-15 0.00852012 2.17049e-13 0.0654574 0.150571 0.0190637 0.164587 0.264422 0.10767 0.122808 0.0853763 0.0198938 0.0373856 2.53519e-13 0
419.559 1.79299 191.618 148.936 1.00634 1.03976 0.0001 0.4 0.7 1.1 1.4 1.9 2.3 2.8 3.3 3.9 4.4 4.9 0.0288897 0.0651188 0.253238 0.114194 0.243537 0.114618 0.0963089 0.0466524 0.0323473 0.00521733 0.00622082 3.90465e-13 0.0488011 0.106693 0.150909 0.202695 0.173809 0.127344 0.0921105 0.0735345 0.0240134 0.0398468 2.32037e-14 1.2248e-12
417.963 1.78617 190.63 147.948 1.00636 1.04343 0.0001 0.4 0.7 1.1 1.4 1.9 2.1 2.7 3.3 3.6 4.2 4.4 0.0304659 0.0590087 0.263856 0.095803 0.267663 0.0423726 0.131799 0.0710677 0.0291431 0.00797905 7.37349e-11 0.0072043 0.0597661 0.0675874 0.20771 0.138392 0.226966 0.0544533 0.119355 0.100382 0.01216 0.0379548 0.0187039 2.43509e-08
419.777 1.79392 191.752 149.07 1.00617 1.04556 0.0001 0.4 0.7 1.1 1.3 1.8 2.2 2.7 3.3 3.8 4.3 4.9 0.0308782 0.0562935 0.273626 0.0195883 0.289033 0.126681 0.101389 0.0622404 0.0359715 0.00258715 0.00788673 7.01383e-13 0.0602956 0.0649424 0.215986 0.0767857 0.240317 0.12584 0.0980553 0.0900181 0.0297605 0.0332362 0.0103216 8.8507e-13
420.569 1.7973 192.24 149.558 1.00592 1.03488 0.2 0.5 0.7 1 1.3 1.8 2.1 2.5 3.1 3.7 4.2 4.5 0.0621147 0.0148147 0.291204 3.03729e-08 0.30549 0.110224 0.0832748 0.0741896 0.0469589 0.0108679 0.00678515 1.74449e-11 0.0830168 0.0997639 0.110742 0.15126 0.18345 0.176482 0.0400951 0.0916652 0.0583839 0.0229259 0.0170935 1.40943e-13
418.381 1.78795 190.889 148.207 1.00635 1.03708 0.2 0.5 0.7 1.2 1.4 2 2.1 2.7 3.3 3.9 4.4 4.4 0.0641339 0.00376039 0.305251 0.0867783 0.262018 0.0530424 0.117175 0.0687704 0.0341359 0.00509257 0.00619258 1.86018e-13 0.10495 0.0184898 0.217971 0.204732 0.146274 0.131448 0.0488213 0.0980497 0.0283588 0.0379876 7.42184e-14 8.23619e-13
420.314 1.79621 192.083 149.401 1.00623 1.04143 0.2 0.5 0.8 1.3 1.6 1.9 2.3 2.8 3.3 3.8 4.3 4.4 0.0509079 0.105522 0.24021 0.237002 0.0909426 0.0910622 0.101182 0.0452675 0.0330845 0.00325517 0.00779474 4.44487e-10 0.0858825 0.0965273 0.21163 0.253076 0.0242076 0.157879 0.0678535 0.0742284 0.032157 0.0241799 0.0138094 7.95666e-09
419.017 1.79067 191.282 148.6 1.00666 1.04232 0.2 0.6 0.7 1.2 1.7 1.9 2.3 2.9 3.5 4.2 4.5 6 0.0587408 0.110909 0.165876 0.273635 0.190053 5.77339e-08 0.124498 0.0500289 0.026322 2.0725e-05 0.00658018 8.36116e-11 0.0930543 0.108686 0.136935 0.27091 0.121956 0.0820716 0.0920835 0.0739922 0.0317952 0.0184447 6.32213e-07 0.0123959
620.343 2.65104 292.904 250.222 1.00854 1.08459 0.2 0.3 0.7 1.1 1.6 1.9 2.2 2.7 3.2 3.7 4.4 4.6 0.0537733 0.0782355 0.0985564 0.357319 0.171863 0.0805414 8.42559e-11 0.147277 0.00195276 1.38778e-15 0.0190265 3.4972e-15 0.0815006 0.0457443 0.184133 0.237021 0.22161 4.40525e-10 0.131409 0.0674256 0.0568204 0.0269543 0.0319741 9.63674e-13
495.881 2.11915 234.905 192.223 1.00854 1.12977 0.2 0.3 0.9 1.3 1.7 2.2 2.7 3.1 3.5 4.1 3.6 5.3 0.0580243 0.0943622 0.254395 0.20403 0.215673 0.0728526 0.0168173 0.0679573 0.0203303 1.68043e-12 1.49637e-08 0.0040955 0.00770269 0.162574 0.287343 0.1583 0.175408 0.0966556 0.114489 6.41182e-09 0.0376227 0.014135 0.0329661 0.0425728
500.184 2.13754 237.142 194.461 1.00917 1.06858 0.0001 0.4 0.6 1.2 1.7 2 2.4 2.9 3.4 3.9 4.6 5.3 0.0737742 9.58678e-14 0.196683 0.35249 0.156687 0.108462 0.00503074 0.068518 0.0430674 1.34337e-14 7.21645e-16 0.00445305 0.058814 0.00370355 0.262364 0.295216 0.119108 0.116919 0.056894 0.0758053 0.0392985 0.015617 1.0858e-09 0.0248383
541.029 2.31209 257.473 214.791 1.00902 1.04761 0.1 0.5 0.9 1 1.4 1.7 2.2 2.7 3.3 3.8 4.6 5.2 0.0497465 0.129164 0.0521977 0.304788 0.119008 0.0901827 0.191142 0.00103551 0.0637428 1.05471e-15 0.00800905 1.45439e-14 0.0652207 0.156866 0.168195 0.0535927 0.263639 0.0385172 0.154346 0.0739429 0.0286497 0.0410291 5.04835e-12 0.00361009
516.756 2.20836 245.584 202.902 1.00875 1.11803 0.2 0.3 0.9 1 1.6 1.8 2.3 2.7 3.3 3.8 3.9 5.2 0.0275551 0.138864 4.58117e-11 0.350787 0.261654 0.0617868 0.0577579 0.0361167 0.0706824 1.85718e-12 4.86278e-13 0.0035481 6.21503e-13 0.174603 0.154232 0.197933 0.255838 9.10599e-12 0.126493 0.0646789 0.0616168 3.55962e-10 0.0450955 0.0375431
417.995 1.7863 190.65 147.968 1.00633 1.03826 0.0001 0.5 0.7 1.2 1.3 1.8 2.2 2.8 3.4 3.9 4.3 4.9 0.03744 0.0663631 0.26013 2.52864e-09 0.312414 0.111314 0.118624 0.0627218 0.0287172 2.31901e-11 0.00860686 1.76652e-10 0.0616411 0.120205 0.141296 0.238526 0.0912334 0.123999 0.116262 0.0877467 0.0194794 0.0378751 5.99047e-11 2.40168e-10
419.268 1.79174 191.438 148.756 1.00599 1.04024 0.2 0.6 0.7 1 1.4 1.6 2.1 2.7 3.3 3.7 4.2 4.4 0.0598571 0.114475 0.138752 0.133729 0.241306 0.0514758 0.153947 0.0669974 0.0351192 0.001385 0.00894426 2.89702e-08 0.108694 0.0438231 0.150279 0.155659 0.216015 0.0535479 0.148715 0.0941761 0.0233967 0.0304461 0.015486 4.08016e-09
507.474 2.16869 240.89 198.208 1.00888 1.11304 0.2 0.3 0.9 1.3 1.5 1.9 2.3 2.9 3.5 3.8 3.7 5.3 0.0593003 0.0921714 0.259284 0.15071 0.156275 0.151834 0.0255517 0.0700166 0.0417485 4.44089e-16 7.82707e-15 0.00199077 0.0234339 0.140115 0.321808 4.88938e-08 0.264365 0.0382552 0.143182 0.0760916 0.0342243 0.03097 8.88781e-07 0.0405921
422.075 1.80374 193.166 150.484 1.00646 1.08076 0.1 0.6 0.7 1.1 1.5 1.9 2.3 2.8 3.4 3.9 4.4 6 0.0407682 0.228327 0.0349316 0.223176 0.197953 0.0882935 0.102697 0.0494246 0.0332333 8.8095e-10 0.00765268 5.62106e-13 0.0690685 0.215574 0.0322494 0.214267 0.160781 0.139318 0.0695951 0.0757453 0.0533619 0.00119748 0.0262942 0.0233117
501.471 2.14304 237.808 195.126 1.0092 1.06692 0.2 0.5 0.7 1.1 1.4 1.9 2.3 2.9 3.4 3.8 4.3 5.3 0.116235 3.56604e-13 0.162537 0.193423 0.221732 0.186631 0.0120954 0.0692317 0.042754 4.64517e-13 3.12528e-14 0.0045636 0.090799 0.0533802 0.193839 0.152211 0.186665 0.155279 0.0751694 0.0833694 0.0321313 0.0181427 0.00130517 0.0246307
497.104 2.12438 235.542 192.86 1.0091 1.04499 0.2 0.5 0.7 1.2 1.3 1.8 2.1 2.7 3.3 3.7 3.8 5.3 0.114979 0.00311947 0.16836 0.30912 0.036687 0.230738 0.016062 0.0605914 0.0648553 3.58144e-09 7.40767e-10 0.00458887 0.091262 0.0459981 0.214182 0.164116 0.1246 0.144065 0.0922517 0.0833753 0.0557266 3.42259e-10 0.0101658 0.0192479
495.021 2.11547 234.455 191.773 1.00886 1.10765 0.2 0.5 0.8 1.1 1.5 1.8 2.3 2.8 3.3 3.4 4.2 5.3 0.105437 0.073808 0.0754613 0.287966 0.125852 0.19009 0.0349666 0.0513925 0.0469424 0.0125251 0 0.00442287 0.0877362 0.0977292 0.180369 0.155784 0.159977 0.131065 0.102437 0.0713824 0.00741392 0.061385 0.0202538 0.0321143
496.757 2.12289 235.362 192.68 1.00916 1.06937 0.2 0.5 0.8 1.2 1.6 1.8 2.1 2.7 3.3 3.9 4.2 5.3 0.108825 0.0541516 0.141318 0.304 0.0543044 0.191677 0.025659 0.0594202 0.0649449 1.20709e-12 3.69382e-12 0.00485509 0.0828305 0.114297 0.171372 0.220147 0.115198 0.0641012 0.114877 0.0844506 0.0625352 0.0145194 0.00257479 0.0224626
498.644 2.13096 236.344 193.662 1.0092 1.0606 0.1 0.5 0.8 1.2 1.7 1.8 2.2 2.7 3.3 3.4 3.9 5.3 0.0746536 0.117736 0.0938841 0.339138 0.0106965 0.231995 0.0108576 0.061847 0.0537099 0.0102605 1.49158e-11 0.0044253 0.0562394 0.166272 0.127245 0.262435 0.0652438 0.128879 0.0787429 0.0785306 0.0623359 1.53477e-09 0.0137968 0.020879
501.857 2.14469 238.007 195.325 1.00927 1.06063 0.2 0.4 0.8 1.2 1.6 2 2.2 3 3.5 3.7 3.8 5.3 0.107134 0.032864 0.188574 0.24112 0.205371 0.0854043 0.0390194 0.0776813 0.0277051 2.26692e-10 5.18184e-11 0.00440094 0.0699733 0.0917495 0.232918 0.161674 0.206498 4.70733e-08 0.149095 0.0944506 2.25166e-07 0.029316 0.00192193 0.0230361
505.392 2.15979 239.825 197.143 1.00901 1.05565 0.1 0.5 0.9 1.3 1.7 2 2.4 2.9 3.4 3.7 3.8 5.3 0.0762595 0.114658 0.18062 0.278335 0.116575 0.125474 1.20913e-09 0.0709581 0.0417923 1.70906e-09 2.06865e-11 0.00434095 0.059388 0.160666 0.221356 0.165407 0.162092 0.0694227 0.0767367 0.0666465 0.0343094 0.0155925 4.18035e-08 0.0240318
499.35 2.13398 236.71 194.028 1.00932 1.07805 0.2 0.5 0.9 1.3 1.6 2 2.3 2.9 3.4 4 4.8 5.3 0.109098 0.0603665 0.225235 0.211753 0.15156 0.130344 0.00511616 0.0673815 0.0438593 1.8108e-11 1.89782e-11 0.00460236 0.0805399 0.133175 0.230699 0.145161 0.148721 0.0965865 0.0781207 0.0792806 0.0436207 0.0168985 0.000191319 0.0250589
482.88 2.06359 228.024 185.342 1.00664 1.01958 0.3 0.6 0.9 1.2 1.6 1.9 2.3 2.8 3.4 3.9 4.3 4.8 0.109283 0.0640065 0.271797 0.13911 0.0875492 0.207199 2.38753e-12 0.10594 2.57572e-14 0.0217601 4.93494e-14 6.53461e-12 0.151475 0.0539934 0.230274 0.11304 0.192201 0.0569037 0.104158 0.0628298 0.0327981 0.0203139 0.00159356 2.55572e-11
628.116 2.68426 296.129 253.447 1.0078 1.11155 0.0001 0.3 0.9 1 1.4 1.6 2.2 2.7 3.2 3.8 4.3 4.7 0.00574698 0.150721 9.33697e-11 0.376433 0.0368422 0.233822 0.047517 0.134454 0.00333628 7.81042e-14 0.0189246 7.03326e-14 0.00929832 0.156713 0.31223 4.74945e-10 0.112909 0.178768 0.137838 0.0674376 0.0665573 0.0294886 0.0245918 0.0157239
422.324 1.8048 193.318 150.636 1.00641 1.03416 0.2 0.4 0.8 1.3 1.4 1.7 2.1 2.7 3.3 3.9 4.4 4.7 0.0373731 0.0882337 0.294494 2.50946e-10 0.299102 0.0193642 0.154943 0.0669843 0.0349293 0.00435435 0.00662881 3.80814e-10 0.0853022 0.0722155 0.229135 0.276161 5.49372e-10 0.0687907 0.145857 0.0900683 0.0312321 0.0353992 1.15641e-12 1.701e-10
621.006 2.65387 293.181 250.499 1.00842 1.10267 0.1 0.3 0.9 1.3 1.5 1.8 2.2 2.7 3.2 3.8 4.4 4.6 0.0193588 0.125991 0.257531 0.273045 1.20083e-11 0.159248 0.00636859 0.145278 0.00288423 5.09037e-14 0.0187201 7.23865e-14 0.0122701 0.152724 0.316842 1.48976e-11 0.257141 0.0314009 0.136057 0.0663889 0.0638237 0.0320443 0.0196224 0.0143565
420.647 1.79764 192.288 149.606 1.00617 1.04203 0.2 0.4 0.8 1.2 1.5 1.8 2.2 2.7 3.2 3.8 4.3 4.4 0.0329403 0.0996695 0.268041 0.121066 0.209848 0.0440669 0.130201 0.0466459 0.0399206 0.00693996 0.00683329 5.38644e-09 0.064789 0.102557 0.216027 0.181098 0.0970774 0.129333 0.0963807 0.0691916 0.046497 0.0254196 0.013659 2.06043e-10
420.116 1.79537 191.961 149.279 1.00619 1.04295 0.1 0.5 0.8 1.2 1.5 1.7 2.2 2.7 3.3 3.8 4.3 4.4 0.0335914 0.144401 0.192227 0.19729 0.0968484 0.116587 0.120052 0.0576011 0.0378356 0.00161325 0.00814675 8.50631e-10 0.0700764 0.125682 0.161632 0.232784 0.0461464 0.133439 0.115383 0.0844573 0.0314918 0.0312874 0.0105674 8.65003e-11
419.859 1.79427 191.802 149.12 1.00614 1.03731 0.1 0.4 0.8 1.2 1.4 1.8 2.1 2.6 3.2 3.8 4.3 4.5 0.0228797 0.108479 0.281095 0.0285584 0.269513 0.0468218 0.125663 0.0674831 0.042311 0.00663005 0.00670552 3.96553e-09 0.0594354 0.0984472 0.229794 0.115925 0.17679 0.0800787 0.0985976 0.0988915 0.0372716 0.0333775 0.00870143 7.61212e-11
420.062 1.79514 191.928 149.246 1.0062 1.05426 0.1 0.3 0.7 0.9 1.4 1.6 2.1 2.7 3.3 3.8 4.3 5.5 0.00781073 0.0868128 0.194189 0.139676 0.274488 0.0350571 0.155537 0.0671276 0.0341907 0.0036279 0.00768215 5.68977e-11 0.0378063 0.0969128 0.113867 0.191974 0.249964 0.0369547 0.151575 0.0955646 0.028792 0.0349066 0.0115122 0.00442757
1981.15 8.46646 593.645 550.963 1.00209 1.69244 0.0001 0.5 0.7 1.1 1.4 1.7 2.2 2.6 3.1 3.5 4.1 3.6 0.0362938 0.0866111 0.219558 0.134043 0.201352 0.0957627 0.126742 0.0276424 0.0740861 1.51168e-12 1.07803e-13 3.475e-14 0.030212 0.127936 0.0386139 0.381709 0.0143733 0.37802 0.0537939 0.0258544 0.0807242 0.214417 0.346787 1.06287e-11
419.435 1.79246 191.541 148.859 1.00631 1.04614 0.1 0.3 0.6 1 1.3 1.6 2.2 2.8 3.4 3.6 4.2 4.4 0.0325561 0.0184947 0.222998 0.186494 0.122177 0.187711 0.139072 0.0580799 0.0308838 3.02453e-06 0.00117876 0.00666219 0.0629038 0.0309506 0.173204 0.199474 0.118156 0.171 0.142612 0.0851119 1.22117e-09 0.0449153 0.0178151 5.33315e-08
421.919 1.80307 193.07 150.388 1.00628 1.0476 0.1 0.5 0.9 1.2 1.6 2 2.4 3 3.4 3.9 4.3 4.9 0.0291963 0.177395 0.206568 0.148937 0.204264 0.063174 0.108131 0.0348018 0.0252566 2.43773e-11 0.00855105 2.89586e-10 0.0634379 0.165439 0.146451 0.217241 0.140884 0.0902724 0.107487 0.0651756 0.00541263 0.044401 2.11567e-10 0.00139624
420.865 1.79857 192.422 149.74 1.00634 1.03709 0.2 0.4 0.7 1.2 1.6 1.9 2.3 2.9 3.5 4.2 4.4 4.5 0.0500429 0.0402294 0.257031 0.242067 0.155597 0.0627494 0.114435 0.0524184 0.0253578 3.36184e-08 0.00641234 1.91057e-06 0.0840096 0.0403024 0.224654 0.244139 0.106335 0.116748 0.0901577 0.0750759 0.0335554 0.0221129 3.52588e-10 9.04896e-11
544.783 2.32813 259.264 216.582 1.00913 1.03518 0.0001 0.5 1 1.4 1.5 2 2.3 2.9 3.3 3.7 4.6 5.4 0.0436058 0.143195 0.360936 0.0388437 0.116969 0.124044 0.111369 1.00142e-13 0.0620892 4.21829e-13 0.00808051 1.32261e-12 0.0560019 0.183671 0.254604 0.0365598 0.212802 0.033824 0.149354 0.0590229 5.14808e-11 0.0481196 3.54967e-10 0.0012194
418.955 1.79041 191.244 148.563 1.00651 1.03247 0.0001 0.4 0.8 1.2 1.5 1.9 2.3 2.8 3.3 4 4.4 6 0.0168912 0.122713 0.253283 0.140626 0.1921 0.0868408 0.105645 0.0435037 0.0337907 0.00582903 0.00528875 3.98626e-12 0.0360182 0.139304 0.205979 0.176773 0.125249 0.138929 0.0730513 0.0635386 0.0384538 0.0169906 0.00375074 0.0144305
419.071 1.7909 191.316 148.634 1.00639 1.0371 0.1 0.4 0.7 1.1 1.3 1.7 2 2.5 3.1 3.6 4.1 4.4 0.0375181 0.0429885 0.286766 2.19395e-05 0.304667 0.0583614 0.130372 0.081986 0.0428365 0.0138838 2.92139e-10 0.00698686 0.0439287 0.114497 0.154142 0.208602 0.0773432 0.156757 0.0884478 0.0943202 0.0575335 0.0175971 0.0239333 2.91656e-13
420.666 1.79772 192.3 149.618 1.00628 1.0444 0.2 0.5 0.8 1.1 1.4 1.6 2.1 2.7 3.2 3.8 4.4 4.8 0.0544821 0.0891361 0.272267 4.60417e-09 0.308283 0.00899254 0.163266 0.0590797 0.0356062 0.00953529 0.00562769 3.52508e-10 0.0809791 0.122996 0.134624 0.192385 0.0388643 0.172519 0.139265 0.0771582 0.0431408 0.0292767 0.0131878 2.07974e-10
419.962 1.79471 191.866 149.184 1.00618 1.04329 0.1 0.5 0.8 1.1 1.4 1.8 2.2 2.7 3.3 3.8 4.3 4.4 0.0342843 0.140692 0.195812 0.0942155 0.226335 0.0978456 0.110242 0.0596459 0.0370571 0.00204982 0.00800504 2.2656e-09 0.0702168 0.125889 0.152296 0.139226 0.189479 0.100246 0.106379 0.0865537 0.0307284 0.0319071 0.0103698 6.58362e-13
420.054 1.7951 191.923 149.241 1.00634 1.0314 0.2 0.5 0.8 1.2 1.6 1.8 2.3 2.9 3.4 4 4.3 4.4 0.0477842 0.121286 0.202113 0.20853 0.155547 0.0640828 0.125439 0.0457098 0.0274144 9.04005e-12 0.00843429 9.89764e-14 0.0827032 0.112496 0.172127 0.22255 0.0779409 0.133145 0.10835 0.0676272 0.0276318 0.024772 0.00205879 2.13718e-13
418.017 1.7864 190.663 147.981 1.00637 1.03855 0.0001 0.4 0.7 1.1 1.3 1.7 2.1 2.6 3.1 3.6 4.1 4.4 0.0325896 0.0497504 0.284238 0.00534986 0.29353 0.0882789 0.131413 0.0613282 0.0379018 0.0152855 5.41178e-12 0.0067039 0.0578871 0.074477 0.198244 0.11936 0.187122 0.115951 0.108033 0.0953756 0.0297356 0.032007 0.0203557 2.96265e-11
420.348 1.79636 192.104 149.422 1.00646 1.03505 0.2 0.4 0.8 1.2 1.5 1.9 2.3 2.9 3.5 4.1 4.4 5.2 0.031407 0.103269 0.262379 0.130684 0.202072 0.0788373 0.113668 0.0520718 0.0253438 3.44114e-13 0.00673115 7.49678e-13 0.067502 0.0959675 0.227614 0.15392 0.147571 0.122199 0.092215 0.0752531 0.0301161 0.0226924 1.77422e-09 1.35353e-12
422.103 1.80386 193.183 150.501 1.00626 1.04075 0.0001 0.5 0.9 1.1 1.5 2 2.4 2.9 3.4 3.9 4.3 4.4 0.0265589 0.179851 0.202979 0.0901708 0.242984 0.0973423 0.0915586 0.0367116 0.0300999 3.61105e-09 0.00800091 1.15294e-08 0.055528 0.183553 0.0834423 0.215604 0.178309 0.116606 0.0880528 0.0637038 0.0166972 0.0392511 3.34747e-10 3.38849e-09
420.393 1.79655 192.132 149.45 1.00617 1.0438 0.0001 0.4 0.8 1 1.4 1.5 2.1 2.7 3.3 3.8 4.3 4.4 0.0194562 0.11439 0.265898 0.033728 0.224528 0.0792699 0.156504 0.0666262 0.034955 0.00313311 0.00767934 2.15355e-08 0.0499171 0.116356 0.178386 0.114059 0.159822 0.108237 0.15122 0.0940338 0.0284287 0.0335757 0.00976583 2.13117e-07
420.099 1.7953 191.951 149.269 1.00598 1.03497 0.2 0.4 0.7 1 1.4 1.6 2.1 2.7 3.2 3.7 4.2 4.4 0.057484 0.0222083 0.266849 0.0808749 0.289052 0.017189 0.162868 0.0595202 0.034398 0.0079709 0.00756547 3.07226e-12 0.0644864 0.0989103 0.110411 0.223332 0.0911941 0.151918 0.139858 0.0763273 0.0397709 0.0215688 0.017188 1.86778e-12
419.876 1.79434 191.813 149.131 1.00614 1.03661 0.1 0.4 0.8 1.2 1.4 1.9 2.1 2.6 3.2 3.8 4.3 4.5 0.0233285 0.107038 0.284572 0.0159967 0.287496 0.0509862 0.112659 0.0686241 0.0420182 0.00678573 0.00663228 1.96028e-09 0.0601385 0.0961847 0.235285 0.0956485 0.20622 0.0884305 0.0751539 0.101204 0.0362782 0.0337042 0.00836624 1.11317e-10
518.379 2.2153 246.397 203.715 1.00649 1.21393 0.0001 0.5 0.8 1.2 1.8 1.9 2.6 2.9 3.4 4 4.3 5.2 0.0381529 0.120341 0.210196 0.252302 0.0931711 0.162912 0.0327491 0.0771052 2.10806e-10 0.0195611 7.59365e-11 1.64255e-09 0.0512854 0.172303 0.130594 0.267179 0.199849 0.0461285 0.162173 1.26348e-10 0.0940427 0.0274571 0.0422673 0.0206526
418.303 1.78762 190.841 148.159 1.00652 1.03685 0.0001 0.3 0.7 1 1.4 1.9 2.1 2.6 3 3.6 4.1 4.5 0.0188495 0.0590858 0.271314 0.0745787 0.30266 0.0168142 0.148369 0.0456217 0.0435863 0.0197341 6.14049e-09 0.0059089 0.0388756 0.0845927 0.1869 0.140358 0.251898 0.060352 0.10045 0.0868752 0.0319881 0.0360451 0.0185196 5.95632e-11
427.412 1.82655 196.42 153.739 1.00656 1.03143 0.0001 0.3 0.7 1 1.5 2 2.2 2.8 3.4 3.9 4.4 4.8 1.0503e-08 0.101559 0.196156 0.185381 0.274876 0.0139883 0.138497 0.0564007 0.0318964 6.14481e-12 0.00780192 5.68168e-12 0.0251753 0.101897 0.177413 0.186168 0.230555 0.10161 0.0636913 0.0894119 0.024879 0.0273672 0.00326245 5.57743e-12
2025.22 8.65477 599.342 556.66 1.01047 1.684 0.3 0.6 1 1.3 1.7 1.8 2.4 2.9 3.3 4 4.4 5.3 0.106589 0.101191 0.34369 0.0399675 3.88915e-11 0.267963 0.0227359 0.112405 3.48429e-11 3.68705e-13 1.91891e-12 0.0159334 0.0955899 0.0710264 0.275244 0.206259 0.160851 0.184759 0.0557915 0.013608 0.217597 0.376268 0.0270052 1.05254e-11
419.244 1.79164 191.423 148.741 1.00648 1.03588 0.0001 0.4 0.7 1.1 1.5 1.9 2.1 2.5 3.1 3.7 4.1 4.5 0.0252124 0.0806442 0.223032 0.184022 0.227125 0.025694 0.105101 0.0697468 0.0471321 0.0129587 8.98947e-09 0.00581164 0.0533391 0.093453 0.160664 0.229556 0.167602 0.0974303 0.0320146 0.112977 0.0437095 0.0289204 0.0162163 3.70819e-11
419.323 1.79198 191.471 148.789 1.00663 1.03466 0.2 0.5 0.9 1.3 1.7 2.2 2.4 3 3.5 4 4.4 6 0.0425402 0.153248 0.241786 0.177653 0.18542 0.0416553 0.0937285 0.0405498 0.0227711 9.05679e-10 0.00727987 5.44842e-13 0.0799948 0.133765 0.226327 0.165115 0.173522 0.0903021 0.0453083 0.0714539 0.0142459 0.0191736 0.00232456 0.0131305
496.367 2.12122 235.158 192.476 1.00912 1.062 0.0001 0.3 0.7 1.1 1.5 1.7 2.1 2.7 3.3 3.9 4.6 5.3 0.0269754 0.119233 0.0904342 0.32398 0.0357673 0.232566 0.0534216 0.0563029 0.065801 2.12725e-11 8.70082e-13 0.00463544 0.0130512 0.124068 0.182868 0.221649 0.114808 0.101493 0.124946 0.0819764 0.0614932 0.0143789 8.19861e-10 0.0212639
419.445 1.7925 191.547 148.865 1.00646 1.0436 0.0001 0.4 0.7 0.9 1.4 2 2.1 2.6 3.1 3.7 4.3 4.5 0.0272488 0.0762988 0.196311 0.119995 0.306984 0.0454073 0.115006 0.0570934 0.0425242 0.0140131 7.07037e-09 0.00558132 0.0516385 0.106902 0.0782745 0.200814 0.271598 0.100678 0.0521185 0.0939547 0.0352732 0.0387858 0.013558 1.84108e-09
420.763 1.79813 192.36 149.678 1.00628 1.04195 0.1 0.4 0.7 1.2 1.4 1.7 2.1 2.7 3.2 3.8 4.4 5 0.0404539 0.0334418 0.298028 0.0918266 0.252136 0.0186244 0.162077 0.0587408 0.0359085 0.00944225 0.00559789 2.48934e-12 0.051101 0.0879225 0.203281 0.262401 0.00259511 0.14863 0.122471 0.0810038 0.0401418 0.030108 0.0122926 3.66995e-12
420.433 1.79672 192.156 149.474 1.00643 1.03259 0.1 0.6 1.1 1.2 1.6 1.8 2.3 2.9 3.5 3.8 4.4 5.2 0.0396526 0.254806 0.213045 0.0622275 0.172992 0.055128 0.126892 0.048667 0.0264785 4.15779e-13 0.00654485 1.78296e-12 0.0735717 0.231885 0.0197764 0.307116 0.0218599 0.137909 0.120046 0.0754377 1.92429e-12 0.0449911 1.24151e-12 2.64783e-12
420.723 1.79796 192.335 149.653 1.00623 1.0397 0.2 0.4 0.9 1.2 1.5 1.8 2.3 2.8 3.3 3.8 4.3 4.9 0.0153941 0.148175 0.308397 0.0241303 0.22787 0.0747695 0.123677 0.0368233 0.0375821 0.00100134 0.00841012 1.17273e-12 0.0787663 0.0966434 0.282633 0.0535748 0.197278 0.0743835 0.127322 0.0604895 0.0271796 0.0316159 0.00981175 7.91478e-13
429.138 1.83392 197.464 154.782 1.00635 1.05165 0.2 0.6 0.9 1.3 1.7 2.1 2.5 3.2 3.7 4.3 4.7 5.1 0.0566192 0.195156 0.156958 0.229224 0.137961 0.0879903 0.0812185 0.0505737 0.000996237 0.00964798 1.66589e-13 7.76545e-13 0.102793 0.129734 0.192469 0.207486 0.120877 0.0971876 0.101548 0.0423544 0.04369 6.69742e-13 0.0135086 1.20726e-12
497.997 2.12819 236.007 193.325 1.00903 1.05742 0.0001 0.5 0.7 1.2 1.6 1.9 2.1 2.8 3.3 3.8 4.5 5.3 0.0704776 0.0910885 0.119843 0.329148 0.105663 0.152084 0.0191803 0.0580895 0.0581408 1.73995e-11 0 0.00531944 0.0554804 0.120533 0.166482 0.252047 0.131191 0.0256342 0.140135 0.0815769 0.0441683 0.0185376 5.92868e-11 0.0216383
501.366 2.14259 237.754 195.072 1.00822 1.19763 0.1 0.4 0.9 1.1 1.6 2 2.3 2.8 3.4 4 5.5 5.1 0.0557708 0.124181 0.10739 0.256235 0.232298 0.110136 1.04123e-09 0.0668852 0.0530271 6.16402e-11 1.01997e-10 0.00230016 0.047458 0.142282 0.212755 0.139661 0.24884 0.000164685 0.148942 0.0768553 0.0697838 0.0488238 0.020996 0.0410686
