Chi2   rChi2   BIC   AIC    Qichtot    Qimtot  R[0]  R[1]  R[2]  R[3]  R[4]  R[5]  R[6]  R[7]  R[8]  R[9]  R[10]  R[11]  Q0ch    Q1ch    Q2ch    Q3ch    Q4ch    Q5ch    Q6ch    Q7ch    Q8ch    Q9ch    Q10ch    Q11ch    Q0m    Q1m    Q2m    Q3m    Q4m    Q5m    Q6m    Q7m    Q8m    Q9m    Q10m    Q11m
484.613 2.23324 214.002 186.359 1.0713 1.16101 0.0001 0.5 0.7 1.3 1.5 2 3.7 2.7 3.3 3.9 4.4 4.9 0.0721125 0.000804559 0.363708 0.336516 4.56021e-08 0.149168 0.0686033 0.0803865 0 0 0 0 0.0910997 0.000127549 0.386655 0.139025 0.210808 0.170527 0.0338023 0.128967 0 0 0 0
537.678 2.47778 238.316 210.674 1.0279 1.07872 0.0001 0.5 0.7 1.2 1.5 1.8 2.1 3.1 3.4 4 4.5 5.1 0.0732088 0.00974157 0.321652 0.318401 2.65421e-05 0.110096 0.105236 0.0895361 0 0 0 0 0.0553424 0.273317 6.43688e-07 0.429208 0.0140683 7.5364e-07 0.249058 0.0577219 0 0 0 0
588.981 2.7142 259.642 231.999 0.99496 1.04737 0.2 0.5 0.8 1 1.3 1.6 1.7 2.6 3.1 3.7 4.2 4.8 0.0408162 0.286778 0.00788733 1.14559e-05 0.502418 1.70518e-08 2.43703e-07 0.157049 0 0 0 0 0.140073 0.0105241 0.300243 0.137243 0.0136363 0.000117612 0.330171 0.115362 0 0 0 0
518.325 2.38859 229.738 202.096 1.0302 1.09884 0.2 0.6 1.2 1.5 1.4 2.1 2.2 3 3.4 3.9 4.5 5.1 0.0667922 0.348776 0.00108231 0.364956 0.117851 4.2614e-09 1.42781e-08 0.130737 0 0 0 0 0.0990124 0.292662 0.18199 0.0409096 0.212766 0.0527066 0.160247 0.0585485 0 0 0 0
512.734 2.36283 227.201 199.558 1.03353 1.12195 0.0001 0.6 0.4 1.3 1.5 2.1 2.2 3.1 3.5 4 4.6 5.2 0.0378179 0.270016 0.0766171 0.224639 0.258232 0.048598 0.000329962 0.11728 0 0 0 0 0.0051922 0.122097 0.2402 0.457936 0.000175066 0.00245197 0.232374 0.0615254 0 0 0 0
512.369 2.36115 227.034 199.392 1.03401 1.12098 0.3 0.5 0.9 1.3 1.6 2.1 2.2 3.1 3.5 4 4.6 5.2 0.13456 0.12216 0.198403 0.183554 0.246071 0.030861 2.2424e-05 0.118377 0 0 0 0 0.0875983 0.268471 0.0156279 0.449677 0.00506929 1.59855e-08 0.232951 0.0615808 0 0 0 0
569.769 2.62566 251.881 224.239 1.00673 1.06341 0.0001 0.5 0.6 1.2 1.4 1.8 1.9 2.7 3.1 3.7 4.2 4.8 0.0270463 0.295045 0.00906166 0.231246 0.290748 6.78629e-08 8.82909e-09 0.153585 0 0 0 0 0.0662532 0.10202 0.198942 0.349907 0.00940385 0.00401867 0.237932 0.0949324 0 0 0 0
604.894 2.78753 265.88 238.237 0.98438 1.00639 0.3 0.5 0.9 0.7 1.3 1.6 1.7 2.5 3.1 3.6 4.2 4.7 3.0609e-08 0.359198 2.11806e-08 0.0160567 0.38374 0.074958 2.37855e-07 0.150427 0 0 0 0 0.199761 5.20238e-10 0.358091 2.45454e-09 0.067998 5.0188e-08 0.277302 0.103238 0 0 0 0
548.92 2.52958 243.158 215.516 1.01321 1.09305 0.3 0.5 0.6 1.1 1.4 1.8 2 2.9 3.3 3.9 4.5 5.1 0.0748458 0.030383 0.256915 0.197679 0.190063 0.145011 7.4118e-06 0.118304 0 0 0 0 0.171056 0.106182 0.000187887 0.423396 0.0422204 7.46372e-06 0.272282 0.0777182 0 0 0 0
538.185 2.48011 238.537 210.894 1.02751 1.07802 0.0001 0.5 0.7 1.2 1.5 1.7 2.1 3.1 3.4 3.9 4.4 4.9 0.0684979 0.0304647 0.304416 0.310568 1.87621e-07 0.0989968 0.126378 0.0881882 0 0 0 0 0.055297 0.273372 3.25905e-06 0.428956 0.0142935 5.46474e-08 0.248714 0.0573807 0 0 0 0
525.014 2.41942 232.739 205.096 1.02692 1.1112 0.2 0.4 0.8 0.9 1.5 1.7 2.3 3.1 3.4 4 4.6 5.2 0.121153 0.000382226 0.000142221 0.506267 2.75952e-05 0.257026 0.0428648 0.0990612 0 0 0 0 0.0471058 0.201083 9.58172e-05 0.282463 0.343555 2.24715e-05 0.187556 0.0493156 0 0 0 0
538.987 2.48381 238.885 211.243 1.01877 1.09872 0.3 0.6 1.1 1.4 1.5 1.9 2.1 3 3.2 3.8 4.3 4.8 0.123428 0.172135 0.395062 2.19317e-06 0.0406667 0.183301 1.76103e-09 0.10417 0 0 0 0 0.183601 0.126585 0.322661 0.152406 1.6869e-06 0.00754916 0.241674 0.06424 0 0 0 0
558.81 2.57516 247.337 219.694 1.00334 1.08666 0.0001 0.5 0.8 0.8 1.3 1.6 1.9 2.8 3.2 3.8 4.4 5 6.0191e-06 0.320102 0.0664644 0.0381822 0.23735 0.215164 4.99003e-08 0.126072 0 0 0 0 0.106161 0.0258564 0.160864 0.225685 0.19458 4.49845e-06 0.276853 0.0966586 0 0 0 0
538.018 2.47935 238.464 210.822 1.02764 1.0783 0.0001 0.5 0.7 1.2 1.5 1.7 2.1 3.1 3.4 4 4.6 5.2 0.0739144 1.27072e-06 0.338631 0.296291 1.37115e-08 0.106987 0.123209 0.0886092 0 0 0 0 0.055314 0.273353 5.73408e-09 0.429058 0.0142136 1.92598e-08 0.248856 0.0575024 0 0 0 0
502.479 2.31557 222.473 194.83 1.04617 1.14272 0.0001 0.4 0.8 1.3 1.7 2.3 2.4 3.3 3.6 4.2 4.8 5.4 0.110438 0.00219052 0.36146 0.217376 0.194204 0.0602841 1.20445e-07 0.100217 0 0 0 0 0.0241864 0.22256 0.196485 0.288283 0.17739 2.60692e-07 0.183695 0.0501242 0 0 0 0
582.548 2.68455 257.072 229.429 0.989978 1.03543 0.2 0.4 0.6 1.1 1.4 1.8 1.5 2.6 3.2 3.8 4.3 4.8 1.44165e-07 0.106483 0.308038 1.99776e-08 0.413568 9.36941e-10 0.0201501 0.141739 0 0 0 0 0.113626 0.00034248 0.223124 0.314681 0.00773414 0.251236 0.0247866 0.0998965 0 0 0 0
518.451 2.38917 229.795 202.153 1.03111 1.0978 0.3 0.5 1.1 1.4 1.5 2.1 1.9 3 3.4 3.9 4.4 4.9 0.009184 0.373165 0.0312119 0.156669 0.329565 4.87511e-07 0.000128565 0.131186 0 0 0 0 0.153049 0.142817 0.341904 0.149199 4.89173e-06 0.246527 2.5968e-07 0.0642949 0 0 0 0
476.891 2.19765 210.243 182.6 1.07435 1.20943 0.2 0.6 1.2 1.5 1.3 2.1 3.8 2.9 3.5 4.1 4.7 5.2 0.0920861 0.289917 0.00068963 0.208781 0.259428 0.0798846 0.0656008 0.0779648 0 0 0 0 0.103544 0.279722 0.29153 0.155773 3.25749e-06 0.226282 0.0325715 0.120008 0 0 0 0
549.521 2.53236 243.415 215.772 1.01257 1.09689 0.0001 0.5 0.6 1.1 1.4 1.8 2 2.9 3.1 3.7 4.3 4.9 0.0198485 0.155936 0.192763 0.169438 0.222873 0.13307 9.80943e-07 0.118642 0 0 0 0 0.0695442 0.204671 0.0316618 0.366156 0.0766369 3.03267e-07 0.266469 0.0817482 0 0 0 0
506.177 2.33261 224.189 196.546 1.03645 1.14341 0.3 0.5 1.2 1.5 1.6 2.1 2.2 3.2 3.5 4.1 4.6 5.1 0.0901421 0.236292 0.283859 0.247545 2.37999e-05 0.00118458 0.0734301 0.103978 0 0 0 0 0.123807 0.205314 0.406238 0.0868795 5.41959e-05 1.31325e-07 0.252617 0.0685031 0 0 0 0
540.822 2.49227 239.68 212.038 1.0199 1.06209 0.3 0.4 0.5 1.1 1.4 1.9 2 2.9 3.4 4 4.6 5.2 1.15225e-05 0.0644614 0.310907 1.36147e-10 0.477003 0.0434574 2.70817e-11 0.124063 0 0 0 0 0.107532 0.159132 7.32862e-05 0.436951 0.0335045 2.87613e-06 0.263202 0.0616888 0 0 0 0
518.458 2.38921 229.799 202.156 1.03105 1.09675 0.3 0.5 1.1 1.4 1.5 2.1 1.9 3 3.4 4 4.5 5.1 0.0191018 0.354682 0.0688876 0.0662865 0.391326 2.75898e-08 0.000158343 0.130612 0 0 0 0 0.153188 0.142482 0.342249 0.148901 1.47065e-06 0.246336 4.60494e-07 0.0635911 0 0 0 0
518.326 2.3886 229.739 202.096 1.03019 1.09889 0.2 0.6 1.2 1.5 1.4 2.1 2.2 3 3.5 4.1 4.7 5.2 0.0667292 0.348977 1.04946e-05 0.363606 0.120128 2.25871e-06 3.35978e-06 0.130731 0 0 0 0 0.0990424 0.292564 0.182433 0.0409593 0.212237 0.0533329 0.159707 0.0586125 0 0 0 0
512.953 2.36384 227.301 199.658 1.03357 1.12054 0.0001 0.4 0.6 1.3 1.5 2.1 2.2 3.1 3.6 4.1 4.7 5.2 0.0134856 0.157572 0.204595 0.231904 0.267623 0.00514623 0.0371915 0.11605 0 0 0 0 0.0124219 0.213265 0.146632 0.441441 0.0130335 6.40809e-06 0.23233 0.0614114 0 0 0 0
570.089 2.62714 252.013 224.37 1.00704 1.06303 0.2 0.4 0.6 1.2 1.4 1.9 1.7 2.7 3.3 3.8 4.3 4.9 0.0228751 0.157817 0.154955 0.223896 0.293435 4.33673e-08 1.09046e-09 0.154059 0 0 0 0 0.107608 5.36856e-07 0.258612 0.358832 1.05258e-07 0.244657 2.80632e-07 0.0933171 0 0 0 0
554.192 2.55388 245.395 217.753 1.00607 1.0743 0.4 0.5 1.1 1.2 1.6 1.9 2 2.8 3.2 3.7 4.3 4.8 0.0226983 0.311765 0.27149 3.88714e-05 0.272815 4.41766e-09 9.62841e-13 0.127262 0 0 0 0 0.305154 0.00016387 0.122785 0.316962 0.0144753 7.00822e-07 0.236303 0.0784566 0 0 0 0
18257.4 84.1357 1063.18 1035.54 1.86021 2.10928 0.0001 0.7 0.8 1.4 1.7 2.1 2.7 3.1 3.7 4.3 4.9 5.4 8.16014e-15 6.95e-14 2.25375e-14 3.03091e-14 1.75449e-12 0.885411 0.524057 0.450745 0 0 0 0 0.129353 1.4496e-11 0.643 0.308702 0.344196 0.235512 0.341145 0.107367 0 0 0 0
550.223 2.53559 243.713 216.071 1.0123 1.08825 0.3 0.5 0.6 1 1.4 1.7 2 2.9 3.3 3.9 4.4 4.9 0.117917 0.0257813 0.121504 0.362247 0.000204216 0.269857 2.34666e-06 0.114791 0 0 0 0 0.206683 0.0104534 0.0201926 0.383054 0.129947 5.70308e-08 0.259849 0.0780694 0 0 0 0
487.766 2.24777 215.519 187.876 1.06296 1.17451 0.0001 0.6 1 1.4 1.5 2.2 2.8 3.6 3.5 4 4.6 5.1 0.0674714 0.322078 0.00823523 0.456664 0.000787021 0.078296 0.0550688 0.0743607 0 0 0 0 0.0758644 0.298139 0.163431 1.45713e-08 0.339217 0.166984 0.0966434 0.0342273 0 0 0 0
568.123 2.61808 251.204 223.562 0.995757 1.05805 0.2 0.5 0.7 1.2 1.4 1.8 1.9 2.7 3.1 3.6 4.2 4.8 0.0247225 0.211648 0.195183 0.000104995 0.388744 0.0453852 3.53188e-06 0.129966 0 0 0 0 0.101135 0.125753 0.147611 0.348511 2.25838e-05 4.69395e-07 0.243742 0.0912781 0 0 0 0
590.471 2.72106 260.233 232.59 0.99688 1.03953 0.2 0.5 0.7 1.2 1.4 1.8 1.8 2.6 3.1 3.7 4.2 4.8 0.0498561 0.267576 4.36687e-06 0.304586 0.216778 2.46354e-08 1.40671e-09 0.158079 0 0 0 0 0.124326 0.0101538 0.284027 0.245636 0.0260817 0.240719 0.00504033 0.103547 0 0 0 0
512.876 2.36348 227.265 199.623 1.03329 1.12151 0.3 0.5 0.7 1.3 1.5 2.1 2.2 3.1 3.6 4.2 4.7 5.3 0.0729935 0.240807 0.0526322 0.282909 0.212695 0.0547405 9.57769e-05 0.116413 0 0 0 0 0.0887513 0.26131 0.0167228 0.458947 2.15587e-05 0.00207538 0.232486 0.0611927 0 0 0 0
543.576 2.50496 240.869 213.226 1.0131 1.08933 0.2 0.4 0.7 1.2 1.5 1.9 2.1 2.9 3.4 4 4.6 5.2 0.0803792 1.34361e-05 0.369672 0.128472 0.2345 0.0826499 4.25366e-08 0.117414 0 0 0 0 2.44115e-06 0.295212 0.0404314 0.386828 0.0774914 2.42399e-08 0.220964 0.0683959 0 0 0 0
576.881 2.65844 254.784 227.142 1.00792 1.0351 0.0001 0.4 0.6 1.1 1.3 1.7 1.9 2.8 3.2 3.8 4.4 4.9 0.00538287 0.209224 0.147525 3.0754e-09 0.373624 0.153391 3.07685e-08 0.118772 0 0 0 0 0.0923092 5.8598e-07 0.228345 0.370447 8.56228e-09 4.93009e-09 0.277175 0.0668188 0 0 0 0
529.986 2.44233 234.944 207.302 1.02509 1.10715 0.1 0.5 0.7 1.3 1.6 2.1 2.2 3.1 3.3 3.8 4.4 4.9 0.0717179 1.5858e-06 0.369732 0.297965 0.0691295 0.122428 3.90266e-07 0.0941161 0 0 0 0 0.0377864 0.330583 7.93235e-11 0.448024 0.00803043 3.37694e-10 0.225259 0.0574708 0 0 0 0
521.669 2.40401 231.243 203.601 1.03496 1.08527 0.4 0.5 0.9 1.2 1.5 2 2.1 3 3.4 4 4.6 5.1 0.0114877 0.374359 1.20075e-07 0.0778379 0.439759 1.20637e-10 4.05255e-11 0.13152 0 0 0 0 0.309491 2.58622e-09 3.01769e-10 0.464753 0.00540248 1.59084e-09 0.247636 0.0579846 0 0 0 0
598.111 2.75627 263.241 235.599 0.988643 1.03637 0.2 0.5 0.8 0.7 1.3 1.6 1.7 2.6 3 3.5 4 4.5 0.000379736 0.353829 0.000321075 0.01439 0.392231 0.0887423 1.09158e-06 0.138749 0 0 0 0 0.138129 2.91362e-09 0.386167 1.1454e-10 0.0999848 4.27242e-10 0.293215 0.118875 0 0 0 0
540.885 2.49256 239.708 212.065 1.0211 1.0998 0.3 0.7 0.8 1.3 1.5 1.8 2.1 3 3.3 3.8 4.4 5 0.142213 1.13691e-05 0.338946 0.243387 8.63605e-06 0.155533 0.032659 0.108338 0 0 0 0 0.200408 6.85833e-09 0.239739 0.349159 6.89139e-09 6.92768e-10 0.245039 0.0654521 0 0 0 0
570.209 2.62769 252.062 224.419 0.994971 1.06541 0.2 0.5 0.6 1 1.3 1.5 1.8 2.7 3.1 3.7 4.3 4.9 0.0262727 0.0692041 0.325301 2.30802e-07 0.157468 0.285288 7.72086e-07 0.131436 0 0 0 0 0.131428 0.0166972 0.116129 0.380221 0.00591785 0.000851844 0.310665 0.103505 0 0 0 0
526.777 2.42754 233.523 205.881 1.02643 1.11118 0.3 0.4 0.5 0.9 1.5 1.7 2.3 3.1 3.4 4 4.6 5.2 0.15688 1.87158e-07 7.86606e-08 0.433523 0.131041 0.150633 0.0574554 0.0968964 0 0 0 0 0.107462 0.136346 6.12002e-06 0.288015 0.342253 5.64244e-08 0.188062 0.0490349 0 0 0 0
518.492 2.38937 229.814 202.171 1.03109 1.0959 0.3 0.5 1.1 1.4 1.5 2.1 2.1 3 3.5 4.1 4.6 5.1 0.0258025 0.342135 0.0952623 0.00110951 0.436565 4.84183e-08 5.12901e-09 0.130217 0 0 0 0 0.153242 0.14232 0.342371 0.148763 8.91586e-06 0.158671 0.0874247 0.063102 0 0 0 0
506.164 2.33255 224.183 196.54 1.03663 1.14397 0.3 0.5 1.2 1.5 1.7 2.1 2.2 3.2 3.6 4.2 4.8 5.4 0.100614 0.217311 0.331136 0.153441 0.062878 0.00160221 0.0648798 0.104766 0 0 0 0 0.123822 0.205304 0.406385 0.0868243 2.21993e-10 6.50173e-09 0.252861 0.0687761 0 0 0 0
521.669 2.40401 231.243 203.601 1.03496 1.08527 0.4 0.5 0.8 1.2 1.5 2 2.1 3 3.5 4 4.5 5.1 0.0114931 0.374351 1.31784e-06 0.0778426 0.439756 7.0807e-09 6.54172e-09 0.131519 0 0 0 0 0.309492 8.9083e-11 5.41675e-11 0.464754 0.00540287 3.26546e-10 0.247638 0.0579854 0 0 0 0
18335.6 84.4956 1064.18 1036.54 1.83127 2.12665 0.2 0.4 0.9 1 1.4 2 2.1 2.9 3.4 3.9 4.4 4.9 2.3237e-13 5.43454e-14 6.53722e-12 3.58441e-12 5.65871e-11 1.39547e-08 0.947513 0.883759 0 0 0 0 0.0645879 0.259032 5.40755e-05 0.519131 0.398979 0.0736266 0.452705 0.358535 0 0 0 0
599.02 2.76046 263.596 235.954 0.999153 1.03015 0.6 0.4 0.6 1.1 1.4 1.8 1.9 2.6 3.1 3.6 4.1 4.7 0.032795 0.254614 0.000496195 0.263177 0.289175 1.7022e-10 3.16869e-12 0.158897 0 0 0 0 4.2466e-14 0.299869 1.44438e-10 0.32273 0.120047 2.84684e-10 0.197134 0.0903725 0 0 0 0
550.927 2.53883 244.012 216.37 1.01173 1.10104 0.0001 0.5 0.6 1 1.4 1.8 2 2.9 3.1 3.7 4.2 4.8 0.0216162 0.135493 0.207669 0.124789 0.286124 0.117232 4.18822e-06 0.118802 0 0 0 0 0.0767452 0.192085 4.82428e-05 0.333696 0.154391 1.71572e-08 0.257549 0.0865279 0 0 0 0
520.686 2.39947 230.802 203.159 1.02789 1.09116 0.3 0.5 0.4 1.1 1.5 2.1 2.2 3 3.4 3.9 4.4 4.9 1.6318e-06 0.180961 0.153136 0.174713 0.372484 0.0232184 7.75641e-05 0.123296 0 0 0 0 0.0422904 0.0929436 0.180299 0.297505 0.226792 1.89202e-05 0.198288 0.0530222 0 0 0 0
589.293 2.71564 259.766 232.123 0.994376 1.04905 0.0001 0.5 0.8 1.4 1.3 1.6 1.7 2.6 3 3.5 4.1 4.6 0.0264875 0.307893 0.00029046 3.7646e-05 0.503144 1.06452e-10 1.22363e-10 0.156524 0 0 0 0 0.0994565 0.0316448 0.414487 0.0281412 0.0427213 7.45112e-05 0.315132 0.117394 0 0 0 0
589.005 2.71431 259.651 232.009 0.995093 1.04691 0.2 0.5 0.8 0.9 1.3 1.6 1.7 2.6 3 3.6 4.1 4.7 0.038879 0.292561 0.00256507 6.76078e-06 0.504143 6.05128e-06 5.23778e-09 0.156932 0 0 0 0 0.137492 0.0274875 0.153348 0.258476 0.0258251 0.00110996 0.327917 0.115251 0 0 0 0
506.176 2.33261 224.188 196.546 1.03647 1.14342 0.3 0.5 1.2 1.5 1.7 2.1 2.2 3.2 3.5 4 4.6 5.1 0.0903092 0.235998 0.284425 0.246869 2.18332e-06 0.00241323 0.0724436 0.104008 0 0 0 0 0.123814 0.205302 0.406273 0.0868308 7.79962e-05 4.92471e-07 0.252609 0.0685094 0 0 0 0
518.342 2.38867 229.746 202.103 1.02998 1.09912 0.2 0.6 0.3 1.2 1.5 2.2 2.1 3 3.6 4.2 4.7 5.2 0.00289101 0.298277 0.0986252 0.0713474 0.428498 1.2347e-07 2.50532e-09 0.130339 0 0 0 0 0.00336744 0.215201 0.148153 0.301488 0.1598 0.153742 0.0582227 0.0591432 0 0 0 0
541.12 2.49364 239.81 212.167 1.02065 1.10001 0.3 0.7 0.8 1.3 1.5 1.7 2.1 3 3.3 3.8 4.4 4.9 0.140704 5.06927e-05 0.34715 0.212521 8.94029e-05 0.156399 0.056654 0.107085 0 0 0 0 0.200399 3.24248e-10 0.239771 0.349157 1.30085e-08 5.37475e-10 0.245103 0.0655767 0 0 0 0
536.979 2.47456 238.012 210.369 1.02873 1.07701 0.0001 0.5 0.8 1.2 1.6 2 2.1 3.1 3.4 4 4.5 5 0.0884238 0.00479624 0.398381 0.192133 0.0816343 0.17185 0.000305729 0.091205 0 0 0 0 0.0556022 0.272429 2.78067e-08 0.43282 0.0113692 1.01681e-10 0.247624 0.0571619 0 0 0 0
539.547 2.48639 239.128 211.486 1.0192 1.10235 0.2 0.5 0.8 1.3 1.4 1.7 2.1 3 3.1 3.7 4.2 4.8 0.100393 0.0159322 0.392591 0.177461 2.35118e-06 0.173488 0.0534024 0.105926 0 0 0 0 0.115858 0.109056 0.213759 0.350475 1.60795e-07 1.02331e-05 0.246644 0.0665475 0 0 0 0
536.272 2.4713 237.704 210.061 1.01891 1.10353 0.2 0.3 0.7 1.3 1.6 2.1 2.2 3 3.3 3.9 4.4 4.9 0.0816994 0.000252463 0.365336 0.249981 0.140782 0.0751483 1.73411e-09 0.105709 0 0 0 0 4.60453e-08 0.175293 0.242701 0.332874 0.0918296 5.4557e-11 0.199554 0.0612799 0 0 0 0
549.976 2.53445 243.608 215.966 1.01303 1.10009 0.0001 0.5 0.6 1.2 1.4 1.8 2 2.9 3.2 3.8 4.4 5 5.98867e-05 0.286203 0.0867174 0.207801 0.188933 0.122582 3.58422e-06 0.120734 0 0 0 0 0.083828 3.77548e-05 0.281928 0.382571 8.79347e-10 6.63752e-10 0.267503 0.0842271 0 0 0 0
506.19 2.33267 224.195 196.552 1.03652 1.14306 0.3 0.5 1.2 1.5 1.7 2.1 2.2 3.2 3.5 4.1 4.7 5.2 0.0905901 0.235554 0.285047 0.246296 1.22178e-05 0.00206593 0.0730335 0.103916 0 0 0 0 0.123972 0.204978 0.407199 0.0846123 0.00170554 2.41999e-06 0.252167 0.0684248 0 0 0 0
521.257 2.40211 231.059 203.416 1.02925 1.10545 0.4 0.5 1.1 1.3 1.5 2 2.1 3 3.5 4.1 4.7 5.2 0.0244806 0.35628 5.51325e-07 0.146274 0.372349 8.80638e-10 6.01443e-08 0.129866 0 0 0 0 0.290404 0.0225854 0.206864 0.268794 5.70548e-08 1.53849e-09 0.24564 0.0711633 0 0 0 0
577.542 2.66148 255.052 227.41 1.00314 1.06623 0.0001 0.6 0.7 1.2 1.4 1.6 1.8 2.7 3.1 3.6 4.2 4.8 0.0566261 0.313033 3.25208e-08 0.1416 0.344869 5.8432e-09 1.9073e-11 0.147012 0 0 0 0 0.0957558 7.26512e-11 0.346837 0.227963 1.40913e-09 3.78292e-10 0.283106 0.112565 0 0 0 0
556.142 2.56287 246.217 218.574 1.00353 1.07979 0.2 0.5 0.7 1.3 1.5 1.9 2 2.8 3.3 3.9 4.4 5 0.0735395 1.46312e-05 0.406219 0.0277573 0.352162 0.0185416 0.000361642 0.124937 0 0 0 0 0.122743 0.0160033 0.292262 0.336401 0.00329064 3.58353e-05 0.2234 0.0856506 0 0 0 0
529.634 2.44071 234.789 207.147 1.02504 1.10927 0.0001 0.5 0.6 1.1 1.6 2.2 2.3 3.1 3.3 3.9 4.4 4.9 0.0527446 0.00134785 0.286468 0.300498 0.203113 0.0866803 1.67215e-08 0.0941868 0 0 0 0 0.0496148 0.281641 7.54074e-07 0.301729 0.248334 1.70645e-09 0.176143 0.0518084 0 0 0 0
530.286 2.44371 235.077 207.434 1.02505 1.10628 0.0001 0.5 0.7 1.3 1.6 2.1 2.2 3.1 3.4 4 4.5 5 0.0605878 0.0337611 0.341373 0.310627 0.0603684 0.124591 4.35847e-05 0.0936985 0 0 0 0 0.0343387 0.334726 1.55439e-06 0.445812 0.00965084 4.05157e-06 0.224444 0.0572998 0 0 0 0
549.991 2.53452 243.615 215.972 1.0132 1.10031 0.0001 0.5 0.6 1.2 1.5 1.9 2 2.9 3.2 3.8 4.4 4.9 0.0193417 0.094731 0.285746 0.179639 0.254006 0.0584988 0.000153892 0.121086 0 0 0 0 0.0838392 1.70036e-08 0.281976 0.382589 2.74747e-11 3.93994e-10 0.267576 0.0843261 0 0 0 0
520.089 2.39672 230.533 202.891 1.03089 1.09643 0.0001 0.5 1.1 1.4 1.5 2.1 1.8 3 3.5 4.1 4.6 5.2 0.00358941 0.380406 0.0173108 0.225721 0.263584 0.000295689 0.00963734 0.130347 0 0 0 0 0.0604748 0.254675 0.303575 0.170031 6.61026e-05 0.242105 4.14086e-06 0.0654962 0 0 0 0
539.605 2.48666 239.154 211.511 1.01889 1.1033 0.3 0.7 0.8 1.2 1.5 1.7 2.1 3 3.4 3.9 4.4 4.9 0.145877 1.69439e-05 0.308807 0.222816 8.66072e-06 0.179912 0.0558696 0.105585 0 0 0 0 0.192752 0.171925 8.78144e-06 0.365377 0.0592263 1.76671e-06 0.248259 0.0657554 0 0 0 0
537.911 2.47885 238.417 210.775 1.0171 1.07887 0.3 0.5 0.7 1.2 1.5 1.9 2 2.9 3.3 3.8 4.3 4.9 0.0285715 0.34242 0.00207107 0.122279 0.397641 1.08167e-09 9.07009e-10 0.124118 0 0 0 0 0.165109 0.0696882 0.118527 0.395014 6.9933e-07 2.59628e-09 0.254302 0.076231 0 0 0 0
550.443 2.5366 243.807 216.164 1.01165 1.0791 0.3 0.5 0.6 1.1 1.4 1.8 2 2.9 3.3 3.9 4.4 5 0.116095 0.00243956 0.188997 0.378175 0.00016901 0.216596 7.47583e-08 0.109174 0 0 0 0 0.175733 0.0888887 0.011592 0.42523 0.0384327 5.4049e-07 0.268621 0.0706028 0 0 0 0
537.892 2.47876 238.409 210.767 1.01712 1.07885 0.3 0.5 0.7 1.2 1.5 1.9 2 2.9 3.3 3.8 4.4 4.9 0.0277364 0.344864 6.3564e-08 0.12304 0.397342 5.56963e-10 9.12023e-10 0.124138 0 0 0 0 0.165113 0.0696736 0.118538 0.395006 3.21914e-08 4.5446e-09 0.254292 0.0762255 0 0 0 0
538.592 2.48199 238.714 211.071 1.02636 1.08177 0.3 0.6 0.7 1.2 1.7 2.1 2.1 3.1 3.3 3.9 4.5 5.1 0.135101 0.0173872 0.218966 0.360557 0.0727417 0.0740418 0.0603042 0.0872597 0 0 0 0 0.175756 0.154509 5.45569e-06 0.434091 0.00863464 0.221237 0.0284077 0.0591287 0 0 0 0
569.565 2.62473 251.798 224.155 0.995418 1.06582 0.2 0.5 0.6 1 1.3 1.5 1.8 2.7 3.1 3.7 4.3 4.8 3.09223e-05 0.236551 0.168942 2.91929e-09 0.19768 0.259474 2.76969e-06 0.132737 0 0 0 0 0.125606 0.0651728 0.0636059 0.395786 6.71569e-07 4.51918e-06 0.311969 0.103674 0 0 0 0
548.7 2.52857 243.064 215.422 1.01335 1.09155 0.3 0.6 0.7 1.1 1.4 1.7 2 2.9 3.3 3.9 4.5 5.1 0.1012 0.19903 0.0426373 0.303288 1.01677e-06 0.248805 1.82977e-06 0.118389 0 0 0 0 0.193216 0.0950452 0.00165467 0.401487 0.0525466 1.78926e-07 0.270226 0.0773771 0 0 0 0
522.072 2.40586 231.424 203.782 1.03979 1.07363 0.3 0.5 0.3 1.2 1.5 2 2.1 3.1 3.4 4 4.6 5.1 0.0304389 0.200823 0.0808721 0.366805 0.12927 0.122198 6.01702e-07 0.109381 0 0 0 0 0.126148 0.180231 0.00909341 0.456606 2.79073e-11 4.52732e-10 0.248443 0.053108 0 0 0 0
549.094 2.53039 243.233 215.59 1.013 1.09499 0.2 0.5 0.6 1.1 1.4 1.8 2 2.9 3.2 3.7 4.2 4.8 0.0490642 0.0142015 0.317299 0.155096 0.222981 0.135618 5.535e-08 0.118741 0 0 0 0 0.100495 0.19026 1.46616e-05 0.396485 0.0584581 3.04983e-07 0.269614 0.0796619 0 0 0 0
549.167 2.53072 243.264 215.621 1.013 1.09609 0.3 0.6 1.1 1.4 1.5 1.9 2 2.9 3.3 3.9 4.4 5 0.0760692 0.295902 0.194355 0.000356635 0.255916 0.0714015 1.17736e-06 0.118996 0 0 0 0 0.192259 0.0990809 0.398181 0.0559309 2.31097e-06 6.57561e-08 0.270646 0.0799871 0 0 0 0
536.62 2.47291 237.856 210.213 1.02638 1.10677 0.0001 0.5 0.7 1.4 1.6 2.1 2.2 3.1 3.4 3.9 4.5 5.1 0.0625428 1.07021e-11 0.403036 0.352043 3.46559e-08 0.0641794 0.0499211 0.0946547 0 0 0 0 0.0945253 1.93587e-11 0.373158 0.36684 1.11522e-13 4.3221e-12 0.216446 0.0558051 0 0 0 0
555.588 2.56031 245.984 218.341 1.00637 1.08229 0.2 0.5 0.7 1.3 1.5 1.9 2 2.8 3.3 3.8 4.4 4.9 0.0272271 0.175492 0.245668 0.0758762 0.350277 0.000183416 2.98028e-07 0.131649 0 0 0 0 0.126861 0.00130918 0.305097 0.335983 0.00077621 0.000187624 0.226833 0.0852431 0 0 0 0
536.981 2.47457 238.013 210.37 1.02541 1.10548 0.0001 0.5 0.7 1.4 1.6 2.1 2.2 3.1 3.3 3.8 4.3 4.8 0.0502197 0.0611469 0.342673 0.373233 6.50437e-06 3.26266e-06 0.106671 0.0914516 0 0 0 0 0.0944803 8.23271e-09 0.373115 0.366641 5.90687e-08 2.46913e-07 0.2159 0.0553471 0 0 0 0
506.104 2.33228 224.155 196.513 1.03687 1.14441 0.3 0.5 1.2 1.5 1.6 2.1 2.2 3.2 3.5 4 4.5 5.1 0.1034 0.21305 0.32745 0.195039 6.40937e-06 0.0890125 0.00306086 0.105852 0 0 0 0 0.123827 0.205301 0.406517 0.0866601 7.56065e-05 6.11506e-07 0.253021 0.0690094 0 0 0 0
509.131 2.34623 225.551 197.908 1.04935 1.12221 0.3 0.4 0.8 1.2 1.6 2.1 2.4 3.4 3.3 3.8 4.3 4.9 0.168792 1.0173e-06 0.211567 0.383632 1.82688e-08 0.178929 0.0259841 0.0804415 0 0 0 0 0.104782 0.129165 0.202787 0.190434 0.270322 5.93702e-11 0.181987 0.0427357 0 0 0 0
540.987 2.49303 239.752 212.109 1.02073 1.09825 0.3 0.7 0.8 1.3 1.6 2.1 2 3 3.3 3.8 4.3 4.8 0.141302 0.00140333 0.343982 0.204929 0.119417 0.00171481 0.10122 0.106761 0 0 0 0 0.200357 3.88388e-08 0.239651 0.349056 7.57096e-10 0.244466 1.7318e-09 0.0647167 0 0 0 0
529.542 2.44029 234.749 207.106 1.02498 1.11017 0.2 0.5 0.6 1.1 1.3 1.7 2.2 3.1 3.2 3.7 4.2 4.8 0.0797755 4.46158e-06 0.235771 0.36094 3.60647e-07 0.181718 0.0720106 0.0947628 0 0 0 0 0.0504953 0.315614 1.12174e-08 1.09365e-08 0.455708 0.00231102 0.227747 0.0582949 0 0 0 0
549.042 2.53015 243.21 215.568 1.0131 1.09502 0.2 0.5 0.7 1.1 1.4 1.8 2 2.9 3.1 3.6 4.2 4.7 0.0556255 0.0959918 0.275654 0.0792154 0.258126 0.129453 6.89686e-10 0.119035 0 0 0 0 0.101684 0.184734 0.0064847 0.392966 0.0600056 6.62693e-08 0.269424 0.079727 0 0 0 0
549.031 2.5301 243.206 215.563 1.01321 1.09542 0.0001 0.5 0.6 1.1 1.4 1.7 2 2.9 3.2 3.7 4.3 4.9 0.0403016 0.00499215 0.326549 0.220175 0.0848537 0.216565 1.09104e-05 0.119764 0 0 0 0 0.0671398 0.232743 0.000250419 0.377329 0.0698937 1.15769e-08 0.267537 0.0805252 0 0 0 0
573.034 2.64071 253.219 225.576 1.00276 1.07363 0.2 0.5 0.7 1.1 1.4 1.8 1.5 2.7 3.1 3.6 4.2 4.8 0.0471909 0.263796 2.71479e-06 0.19643 0.346236 5.97006e-12 1.17562e-08 0.149106 0 0 0 0 0.13477 0.000557667 0.242886 0.282073 1.00183e-09 0.302493 2.73299e-10 0.110852 0 0 0 0
542.02 2.49779 240.198 212.556 1.0197 1.10018 0.2 0.5 0.7 1.3 1.6 2.1 1.5 3 3.4 3.9 4.5 5.1 0.0677937 0.0559815 0.313664 0.268643 0.129034 0.0799965 3.6088e-06 0.104583 0 0 0 0 0.131251 5.38134e-08 0.293515 0.365973 1.58489e-06 0.242272 1.17188e-07 0.0671712 0 0 0 0
548.813 2.52909 243.113 215.47 1.01325 1.09136 0.2 0.5 0.6 1.1 1.4 1.7 2 2.9 3.3 3.9 4.5 5.1 0.0591105 0.0369244 0.246015 0.303461 2.43928e-07 0.249651 7.60034e-09 0.11809 0 0 0 0 0.101109 0.188638 3.96705e-06 0.398783 0.0560266 9.58833e-07 0.26919 0.0776065 0 0 0 0
527.282 2.42987 233.748 206.105 1.03543 1.08319 0.3 0.5 1.1 0.8 1.6 2.1 2.2 3.2 3.3 3.8 4.4 5 0.165504 0.00920872 0.368933 0.156509 0.0793547 0.173059 4.77244e-07 0.0828661 0 0 0 0 0.157393 0.130911 0.387951 1.93357e-06 0.151972 5.84244e-07 0.205593 0.0493651 0 0 0 0
549.082 2.53033 243.227 215.585 1.01312 1.09485 0.3 0.6 0.4 1.1 1.5 1.9 2 2.9 3.2 3.7 4.3 4.9 0.0519915 0.265223 0.0470461 0.209395 0.244959 0.0756538 0.000191899 0.118657 0 0 0 0 0.115588 0.00984287 0.144769 0.44479 0.0294378 0.000524496 0.271114 0.078779 0 0 0 0
474.938 2.18865 209.282 181.64 1.08488 1.19973 0.3 0.5 1.2 1.5 2 2.1 3.9 2.9 3.5 4.1 4.7 5.2 0.0709562 0.276962 0.225731 0.277628 0.0712808 0.0013324 0.0620264 0.0989639 0 0 0 0 0.118259 0.211974 0.441847 2.7851e-08 0.227786 0.0465666 0.0303448 0.122955 0 0 0 0
541.593 2.49582 240.014 212.371 1.01949 1.09228 0.3 0.6 0.8 1.3 1.6 2.1 2 3 3.3 3.8 4.4 5 0.109915 0.166884 0.145217 0.355173 5.17242e-06 0.00330889 0.137586 0.101397 0 0 0 0 0.200166 1.74715e-08 0.239297 0.348683 6.45761e-13 0.242241 2.44139e-09 0.0618888 0 0 0 0
549.541 2.53245 243.423 215.78 1.01278 1.09684 0.3 0.5 0.6 1 1.4 1.7 2 2.9 3.2 3.8 4.3 4.8 0.0941084 0.0060614 0.222221 0.235733 0.127237 0.207939 1.75383e-05 0.119465 0 0 0 0 0.201783 0.0308008 0.00432584 0.383667 0.131675 2.76471e-08 0.262064 0.0825291 0 0 0 0
18476.7 85.1459 1065.98 1038.33 1.89171 2.09347 0.0001 0.8 0.9 1.2 1.8 2.1 2.4 3 3.4 4 4.6 5.2 1.55986e-14 4.4853e-14 8.93452e-13 1.60433e-12 1.0254e-12 0.873238 0.18796 0.83051 0 0 0 0 0.147076 0.542269 1.84489e-11 0.327448 0.495892 0.112612 0.175949 0.292223 0 0 0 0
548.559 2.52792 243.005 215.362 1.01361 1.09168 0.3 0.5 0.6 1.1 1.4 1.7 2 2.9 3.3 3.9 4.5 5.1 0.0943535 0.00753749 0.233446 0.31251 7.27391e-05 0.246703 6.52569e-06 0.118976 0 0 0 0 0.172072 0.103164 0.00177203 0.424636 0.0408362 4.18744e-07 0.272342 0.0768615 0 0 0 0
501.544 2.31126 222.037 194.395 1.04613 1.14479 0.3 0.5 0.8 1.3 1.5 2.1 2.4 3.3 3.5 4 4.6 5.2 0.19407 0.00398689 0.191201 0.378648 0.0438539 0.132725 1.5357e-06 0.101645 0 0 0 0 0.186998 1.93122e-05 0.317463 0.0129279 0.37273 0.0208691 0.183703 0.0500757 0 0 0 0
509.077 2.34598 225.526 197.883 1.04859 1.11814 0.0001 0.5 0.7 1.3 1.5 2 2.4 3.4 3.3 3.8 4.4 4.9 0.0726014 0.00220037 0.355753 0.351919 1.84957e-08 0.104626 0.0853363 0.0761564 0 0 0 0 0.0845991 0.0165367 0.387127 0.00191309 0.402678 4.27509e-09 0.186235 0.0390535 0 0 0 0
519.568 2.39432 230.299 202.656 1.03776 1.08275 0.3 0.5 0.6 1.2 1.5 2 2.1 3.1 3.5 4 4.5 5 0.111745 0.141646 0.0813692 0.281152 0.231593 2.0264e-05 0.0812893 0.108943 0 0 0 0 0.15142 0.111133 0.0581036 0.450598 1.43672e-10 1.25799e-07 0.253267 0.0582301 0 0 0 0
513.818 2.36783 227.695 200.052 1.03422 1.11625 0.4 0.5 0.5 1.2 1.5 2.1 2.2 3.1 3.6 4.2 4.8 5.3 0.153938 0.145045 0.037651 0.244949 0.283228 0.0533634 7.51738e-06 0.116042 0 0 0 0 0.239239 0.0917621 0.00486193 0.362615 0.131764 6.46868e-08 0.223988 0.0620245 0 0 0 0
512.699 2.36267 227.185 199.542 1.03373 1.12128 0.4 0.5 1 1.3 1.5 2.1 2.2 3.1 3.6 4.2 4.8 5.4 0.229446 0.0669087 0.179445 0.0674323 0.327187 0.0458047 6.91056e-05 0.117438 0 0 0 0 0.228143 0.110851 0.0597407 0.400839 0.0275977 4.1118e-05 0.232361 0.061704 0 0 0 0
491.11 2.26318 217.118 189.475 1.06759 1.17526 0.0001 0.5 0.9 1.2 1.5 1.9 2.7 3.7 3.4 4 4.6 5.2 0.105661 4.44622e-06 0.499216 0.0902415 2.85913e-06 0.230582 0.0747734 0.0671059 0 0 0 0 0.097536 0.096226 0.407249 4.10571e-08 0.157342 0.241134 0.131725 0.0440517 0 0 0 0
507.985 2.34095 225.023 197.381 1.03874 1.13351 0.4 0.5 1.1 1.4 1.5 2.1 2.3 3.2 3.4 4 4.6 5.2 0.277179 0.0146742 0.234881 0.245055 0.0612913 0.0991118 8.29471e-05 0.106462 0 0 0 0 0.256611 0.0671456 0.272395 0.00343323 0.265076 0.0106296 0.202018 0.0561974 0 0 0 0
