Chi2   rChi2   BIC   AIC    Qichtot    Qimtot  R[0]  R[1]  R[2]  R[3]  R[4]  R[5]  R[6]  R[7]  R[8]  R[9]  R[10]  R[11]  Q0ch    Q1ch    Q2ch    Q3ch    Q4ch    Q5ch    Q6ch    Q7ch    Q8ch    Q9ch    Q10ch    Q11ch    Q0m    Q1m    Q2m    Q3m    Q4m    Q5m    Q6m    Q7m    Q8m    Q9m    Q10m    Q11m
543.502 2.50462 240.837 213.195 1.07872 0.999044 0.0001 0.5 0.9 1.5 1.6 2.2 2.5 3.4 3.5 4 4.6 5.1 1.85156e-06 0.376632 0.0652444 0.43014 0.0568024 1.02997e-06 0.0489718 0.100924 0 0 0 0 0.072506 0.171782 0.297981 0.033925 0.279813 8.2849e-06 0.136307 0.00672264 0 0 0 0
565.455 2.60578 250.103 222.46 1.05776 0.972026 0.4 0.1 1 1.4 1.5 1.6 2.2 3.2 3.4 3.9 4.5 5 0.271975 0.00824665 0.193721 0.351023 1.25232e-07 0.0516632 0.0875723 0.0935575 0 0 0 0 0.238414 0.026803 0.269054 0.187559 0.0472728 0.000168095 0.175679 0.0270756 0 0 0 0
538.493 2.48154 238.671 211.028 1.09234 0.918547 0.3 0.6 0.8 1.4 1.6 2.2 2.3 3.7 3.4 3.9 4.5 5 0.0875293 0.252361 0.118306 0.382395 0.00168294 6.11691e-07 0.175476 0.0745894 0 0 0 0 0.182738 5.44169e-06 0.285538 0.224331 0.105792 0.000538272 0.117998 0.00160794 0 0 0 0
540.732 2.49185 239.642 211.999 1.08725 0.952146 0.2 0.4 1.1 1.6 1.8 2.1 2.5 3.6 3.4 4 4.6 5.2 0.076922 0.174765 0.402394 0.24799 1.36069e-08 9.56845e-09 0.107638 0.0775384 0 0 0 0 0.0107791 0.275391 0.354429 0.0697934 0.14306 1.53887e-09 0.0986935 1.19175e-10 0 0 0 0
560.294 2.582 247.958 220.315 1.05904 0.978902 0.0001 0.4 0.9 1.5 1.6 1.5 2.3 3.2 3.4 4 4.6 5.2 0.0273512 0.20668 0.273397 0.228968 0.0830789 0.0894439 0.0521395 0.0979813 0 0 0 0 0.0557052 0.155356 0.328152 0.194852 0.0760105 0.000344203 0.145671 0.0228112 0 0 0 0
560.402 2.5825 248.003 220.36 1.05925 0.98698 0.1 0.4 0.9 1.4 1.5 1.9 2.3 3.2 3.3 3.9 4.4 4.9 0.00328239 0.264718 0.182388 0.378034 0.0052248 0.100452 0.0235082 0.101646 0 0 0 0 0.0596182 0.15531 0.318267 0.000256058 0.265009 0.0150445 0.1475 0.025975 0 0 0 0
548.85 2.52926 243.128 215.486 1.08201 0.919462 0.0001 0.6 0.5 1.3 1.4 1.8 2.3 3.5 3.4 3.9 4.5 5 0.062767 0.00706145 0.252125 0.533359 0.000624438 9.73766e-09 0.145236 0.0808329 0 0 0 0 0.0595303 0.275061 0.0589926 0.134987 0.252517 3.23413e-09 0.138374 2.91173e-12 0 0 0 0
568.257 2.61869 251.26 223.617 1.05814 0.956347 0.6 0.4 0.5 1.2 1.4 2.2 1.8 3.2 3.2 3.8 4.4 5 8.50647e-08 0.301808 8.02205e-09 0.292893 0.266043 0.107202 3.14819e-08 0.090197 0 0 0 0 0.000391356 0.223726 0.104817 0.289736 0.144371 0.172745 1.29496e-06 0.0205592 0 0 0 0
565.25 2.60484 250.018 222.376 1.05355 0.978365 0.1 0.4 0.9 1.4 1.5 1.6 2.2 3.1 3.3 3.9 4.5 5.1 0.0505475 0.155023 0.341151 0.00587289 0.0103804 0.368276 0.0120167 0.110282 0 0 0 0 0.0464996 0.187244 0.261667 0.260512 0.0127656 0.00738541 0.172886 0.029406 0 0 0 0
545.734 2.5149 241.796 214.154 1.08041 0.94647 0.0001 0.6 0.9 1.5 1.7 1.9 2.5 3.5 3.6 4.1 4.6 5.1 0.0980486 0.157409 0.254356 0.373242 0.0236919 0.000139619 0.0954233 0.078101 0 0 0 0 0.0991188 0.127694 0.337304 0.0615402 0.225565 3.26576e-08 0.0952483 9.76552e-11 0 0 0 0
559.308 2.57745 247.545 219.903 1.05974 0.981182 0.0001 0.4 0.8 1.4 1.5 1.6 2.3 3.2 3.4 3.9 4.5 5.1 0.103222 2.37102e-05 0.425667 0.0508935 1.74449e-06 0.343188 0.035629 0.101118 0 0 0 0 0.0806474 0.0714402 0.35203 0.0271985 0.277169 2.12863e-06 0.149252 0.0234428 0 0 0 0
581.197 2.67833 256.528 228.886 1.04651 0.939891 0.0001 0.5 -0.1 1.2 1.4 0.3 2.1 3 3.1 3.7 4.3 4.8 0.000157916 0.257355 0.000326476 0.143394 0.389512 0.0832769 0.0674519 0.105039 0 0 0 0 0.00374069 0.23061 0.000845058 0.332591 0.0744716 0.0929845 0.177053 0.0275948 0 0 0 0
566.144 2.60896 250.388 222.746 1.05808 0.95139 0.2 0.4 0.8 0.5 1.4 1.5 2.2 3.2 3.4 3.9 4.4 4.9 0.148025 0.00207415 0.299605 6.81263e-09 0.41381 2.16917e-07 0.105783 0.0887861 0 0 0 0 0.111104 0.0511213 0.293732 0.0131228 0.299762 1.40386e-07 0.162553 0.0199945 0 0 0 0
564.876 2.60312 249.863 222.221 1.05819 0.968482 0.0001 0.4 0.8 1.3 1.4 1.9 2.2 3.2 3.2 3.8 4.3 4.9 0.000378251 0.28683 0.0557186 0.481676 0.0020148 0.070875 0.0664683 0.0942268 0 0 0 0 0.0463695 0.166317 0.222045 0.168067 0.164311 2.28145e-06 0.175516 0.0258549 0 0 0 0
563.431 2.59646 249.264 221.621 1.05829 0.993965 0.4 0.3 1.1 1.4 1.5 1.9 2.3 3.2 3.3 3.9 4.5 5.1 0.286428 2.23179e-05 0.307783 0.0574034 0.175638 0.110489 0.0193835 0.101138 0 0 0 0 0.2175 0.0607367 0.366408 0.00013079 0.0998151 0.089332 0.128805 0.0312385 0 0 0 0
565.404 2.60555 250.082 222.439 1.05356 0.968642 0.0001 0.3 0.8 1.4 1.5 1.6 2.2 3.1 3.1 3.7 4.3 4.9 0.0217856 0.136265 0.333614 0.147235 0.000131568 0.282155 0.0250646 0.107315 0 0 0 0 0.0279586 0.142609 0.300189 0.303635 3.94845e-05 9.44674e-07 0.16763 0.0265797 0 0 0 0
539.08 2.48424 238.926 211.283 1.08695 0.958158 0.0001 0.4 1 1.5 1.7 1.8 2.5 3.6 3.5 4.1 4.7 5.2 0.0489834 0.193948 0.300531 0.353948 6.91673e-08 7.39377e-07 0.11243 0.0771063 0 0 0 0 0.0246767 0.232952 0.327882 0.0608377 0.205216 1.67428e-07 0.106593 5.70415e-10 0 0 0 0
573.749 2.644 253.51 225.868 1.04693 0.941475 0.3 0.3 0.7 1.1 1.4 1.8 2.1 3 3.1 3.6 4.1 4.7 0.00337973 0.206433 0.0552499 0.391332 0.0858396 0.196988 2.0638e-05 0.107692 0 0 0 0 0.0265484 0.163212 0.143853 0.242871 0.160625 1.32271e-08 0.180576 0.0237897 0 0 0 0
567.455 2.615 250.929 223.287 1.05666 0.97028 0.0001 0.3 0.4 1.1 1.4 1.9 2.2 3.2 3.1 3.6 4.2 4.7 0.0162344 0.00718278 0.257349 0.246277 0.333591 1.24748e-07 0.106556 0.0894703 0 0 0 0 0.0120986 0.00216161 0.269678 0.325494 0.129656 0.0490504 0.155199 0.0269424 0 0 0 0
559.27 2.57728 247.529 219.887 1.0596 0.973955 0.0001 0.4 0.8 1.3 1.5 2.1 2.3 3.2 3.4 3.9 4.5 5 0.00045641 0.273427 0.102039 0.344522 0.138363 0.101468 0.000344489 0.0989812 0 0 0 0 0.0818694 0.0678529 0.35538 0.00805093 0.294502 1.8109e-09 0.145607 0.0206931 0 0 0 0
547.687 2.5239 242.632 214.99 1.07136 0.982485 0.0001 0.5 0.5 0.9 1.5 1.6 2.4 3.3 3.4 4 4.6 5.2 0.00290376 0.0700539 0.298032 0.0737861 0.441657 0.0380848 0.043326 0.103517 0 0 0 0 0.0609261 0.202973 0.012375 0.22578 0.324439 0.000120862 0.146345 0.00952558 0 0 0 0
528.328 2.43469 234.211 206.569 1.09671 1.00286 0.0001 0.5 0.9 1.5 1.8 2.4 2.6 3.9 3.7 4.3 4.8 5.4 0.0089129 0.310833 0.185796 0.378006 0.000807986 0.0656884 0.0804832 0.0661827 0 0 0 0 0.0764566 0.15357 0.317935 0.164608 0.171553 4.86294e-07 0.0980822 0.0206519 0 0 0 0
594.715 2.74062 261.909 234.266 1.03993 0.947932 0.5 0.2 0.9 0.7 1.3 1.4 1.9 2.9 3 3.5 4 4.5 0.261064 0.0609296 0.0771533 0.000849235 0.00011099 0.481343 0.0397997 0.118683 0 0 0 0 0.0277449 0.143098 0.39265 5.24324e-06 0.0883961 2.4558e-05 0.247557 0.0484556 0 0 0 0
574.948 2.64953 253.999 226.356 1.05248 0.924778 0.3 2.77556e-17 0.7 1.3 1.4 1.8 2.1 3.1 3.2 3.8 4.4 5 0.0495303 0.0824391 0.239261 0.455833 9.64367e-07 0.0147155 0.119327 0.0913785 0 0 0 0 0.0709146 0.0566286 0.28376 0.318982 3.81783e-08 6.34939e-09 0.17578 0.018712 0 0 0 0
531.679 2.45013 235.691 208.048 1.10132 0.957528 0.0001 0.7 0.8 1.5 1.7 1.8 2.5 3.9 3.4 3.9 4.5 5 0.0843267 0.102898 0.350852 0.306913 0.0164515 0.0235816 0.148057 0.0682433 0 0 0 0 0.107245 0.00126299 0.423547 0.184616 0.011611 0.131404 0.0881034 0.00973885 0 0 0 0
560.611 2.58346 248.09 220.447 1.0676 0.897028 0.7 0.4 0.2 1.3 1.4 2.1 2.2 3.3 3.2 3.7 4.2 4.8 0.214386 1.3372e-07 0.14657 0.478878 1.34545e-07 4.48235e-11 0.146972 0.0807914 0 0 0 0 0.107319 0.240612 0.0140448 0.389193 2.75731e-11 2.29736e-07 0.145859 3.69787e-09 0 0 0 0
571.776 2.63491 252.704 225.062 1.0527 0.937291 0.0001 0.4 0.5 1.1 1.4 1.6 2.1 3.1 3.3 3.8 4.3 4.9 0.0619001 0.085075 0.11998 0.37188 0.0693281 0.158373 0.0901315 0.0960344 0 0 0 0 0.0161881 0.262347 1.6391e-05 0.337879 0.111645 1.63158e-11 0.186635 0.0225816 0 0 0 0
564.886 2.60316 249.867 222.225 1.05828 0.969318 0.1 0.4 0.8 1.3 1.4 1.9 2.2 3.2 3.2 3.8 4.4 5 0.0163424 0.249774 0.0908447 0.460758 0.00139704 0.0856077 0.0587214 0.0948305 0 0 0 0 0.0532974 0.157245 0.225143 0.165314 0.166266 6.24328e-08 0.175797 0.0262541 0 0 0 0
570.256 2.62791 252.081 224.439 1.05949 0.945063 0.4 0.5 0.7 1.1 1.4 1.6 2.2 3.2 3.3 3.9 4.5 5 0.297751 3.9472e-08 2.4133e-09 0.197235 0.371233 8.35445e-10 0.102283 0.0909886 0 0 0 0 0.252435 0.0593607 1.63102e-08 0.224578 0.226838 1.02858e-09 0.163752 0.0180984 0 0 0 0
565.535 2.60615 250.136 222.494 1.0578 0.97357 0.4 0.3 1 1.4 1.5 1.6 2.2 3.2 3.4 4 4.5 5.1 0.199194 0.0653028 0.238334 0.277703 0.000332369 0.100338 0.0824028 0.0941977 0 0 0 0 0.167304 0.0922365 0.280355 0.171292 0.0584307 6.20165e-05 0.176165 0.027725 0 0 0 0
574.007 2.64519 253.615 225.973 1.0478 0.961622 0.7 0.3 0.9 1.4 1.5 1.7 2.2 3 3.2 3.8 4.4 4.9 0.0630767 0.187534 0.240929 0.257972 0.00200518 0.179826 0.000270412 0.116188 0 0 0 0 0.185267 0.174731 0.0955143 0.323924 3.38571e-11 3.90435e-10 0.15598 0.0262069 0 0 0 0
536.545 2.47256 237.823 210.18 1.10061 0.924753 0.2 0.6 0.9 1.5 1.8 2.3 2.4 3.8 3.6 4.2 4.7 5.2 0.135786 0.0131647 0.447174 0.235522 0.0165542 0.107192 0.0697007 0.0755197 0 0 0 0 0.116137 0.161063 0.23542 0.25117 0.0663116 1.74519e-07 0.0946515 1.95295e-10 0 0 0 0
583.714 2.68993 257.54 229.897 1.0453 0.93297 0.0001 0.4 0.2 1 1.3 1.4 2 3 3.1 3.7 4.3 4.8 0.0407126 0.176933 0.0227593 0.232943 0.225855 0.126967 0.119406 0.0997252 0 0 0 0 0.00586381 0.182827 0.0537671 0.310822 0.138688 5.82757e-06 0.21069 0.0303056 0 0 0 0
560.183 2.58149 247.911 220.269 1.05933 0.986838 0.0001 0.4 0.9 1.4 1.5 2 2.3 3.2 3.4 3.9 4.5 5.1 0.0221266 0.225558 0.215285 0.372319 0.00145551 0.120208 0.000135589 0.102245 0 0 0 0 0.0524182 0.163871 0.316274 1.40249e-06 0.268006 0.0158447 0.144378 0.0260464 0 0 0 0
567.192 2.61379 250.821 223.178 1.05634 0.985804 0.4 0.3 1 1.4 1.7 1.6 2.2 3.2 3.2 3.8 4.4 4.9 0.0772499 0.161635 0.26504 0.341033 3.07724e-05 0.0198574 0.099328 0.0921698 0 0 0 0 0.16704 0.0925374 0.28359 0.195285 0.00137873 0.0350051 0.180366 0.0306023 0 0 0 0
570.265 2.62795 252.085 224.442 1.05284 0.946109 0.0001 0.4 0.7 1.2 1.4 1.7 2.1 3.1 3.1 3.7 4.3 4.9 0.0573184 0.134844 0.14842 0.364159 0.0271021 0.157926 0.0639084 0.0991586 0 0 0 0 0.0178495 0.248836 0.0494337 0.40927 1.82405e-10 2.77555e-10 0.195628 0.0250925 0 0 0 0
543.247 2.50344 240.727 213.085 1.08198 0.949226 0.0001 0.6 0.9 1.4 1.5 1.9 2.4 3.5 3.4 4 4.6 5.2 0.0998994 0.180224 0.170469 0.412502 0.00092216 0.0255147 0.110218 0.0822256 0 0 0 0 0.0770142 0.256309 0.156349 9.3735e-06 0.329223 0.000115467 0.129088 0.00111765 0 0 0 0
538.501 2.48157 238.674 211.031 1.09315 0.91299 0.3 0.6 0.8 1.1 1.5 1.6 2.3 3.7 3.4 3.9 4.4 5 0.125487 0.118025 0.199781 0.132768 0.27062 2.26068e-06 0.1714 0.0750675 0 0 0 0 0.183962 1.72182e-07 0.267009 0.0642298 0.245525 0.0385021 0.113761 1.31165e-06 0 0 0 0
574.054 2.64541 253.635 225.992 1.05248 0.926456 0.1 0.4 0.8 1.3 1.4 1.6 2.1 3.1 3.2 3.8 4.4 5 0.0797971 0.118642 0.187548 0.42468 1.35587e-06 0.0304678 0.119503 0.0918376 0 0 0 0 0.0565558 0.14909 0.218553 0.30522 1.52536e-07 1.48409e-07 0.178051 0.0189859 0 0 0 0
553.797 2.55206 245.228 217.586 1.0639 0.973491 0.2 0.5 1 1.4 1.5 1.9 2.3 3.2 3.3 3.8 4.4 4.9 0.00123066 0.38229 0.0459294 0.223139 0.21508 0.0743873 0.0126828 0.10916 0 0 0 0 0.0655558 0.261208 0.135107 0.334049 7.47677e-11 1.69362e-09 0.162085 0.0154872 0 0 0 0
578.908 2.66778 255.605 227.963 1.04732 0.9587 0.4 0.5 0.9 1.2 1.4 1.5 2.1 3 3.3 3.9 4.5 5 0.234884 0.0585334 0.124926 0.1005 0.0190071 0.368983 0.0268198 0.113671 0 0 0 0 0.25565 0.0610932 0.000117738 0.373458 0.0462694 6.42744e-09 0.188261 0.0338502 0 0 0 0
532.136 2.45224 235.892 208.249 1.09855 0.957143 0.3 0.7 0.9 1.5 1.8 2.4 2.5 3.9 3.7 4.3 4.8 5.4 0.105483 0.382781 0.00197683 0.396225 3.86848e-08 5.88438e-08 0.145241 0.0668465 0 0 0 0 0.193749 0.020809 0.324346 0.189163 0.127066 1.09306e-09 0.0892774 0.0127335 0 0 0 0
560.288 2.58197 247.955 220.313 1.05906 0.988343 0.1 0.4 0.8 1.3 1.4 2.4 2.1 3.2 3.3 3.9 4.5 5.1 0.000587207 0.260641 0.150017 0.00114598 0.454444 2.11926e-08 0.0908169 0.101408 0 0 0 0 0.0710025 0.112259 0.287481 3.50997e-08 0.306468 0.0763618 0.109509 0.0252623 0 0 0 0
559.755 2.57952 247.732 220.09 1.05901 0.969579 0.0001 0.4 0.8 1.3 1.5 2.2 2.3 3.2 3.3 3.8 4.4 5 1.56841e-07 0.277144 0.0965237 0.327686 0.174081 0.0874162 0.000768154 0.0953929 0 0 0 0 0.0830561 0.0643407 0.359687 0.00130594 0.298937 3.53869e-06 0.143736 0.0185136 0 0 0 0
544.89 2.51102 241.434 213.792 1.08607 0.886644 0.3 0.3 0.6 1.1 1.4 1.5 2.1 3.6 3 3.6 4.1 4.7 0.0680729 0.0872979 0.114624 0.480535 5.35149e-11 3.91666e-09 0.260102 0.075439 0 0 0 0 0.0422429 0.131227 0.127972 0.285382 0.114938 0.0253404 0.159541 2.70768e-11 0 0 0 0
531.093 2.44743 235.433 207.79 1.0987 0.965277 0.0001 0.6 0.8 1.4 1.7 2.3 2.5 3.9 3.4 3.9 4.5 5.1 0.0293517 0.413572 0.000140785 0.366379 0.0762132 8.1697e-08 0.145919 0.0671203 0 0 0 0 0.0899407 0.120879 0.286915 0.157126 0.198801 2.40007e-07 0.0978442 0.0137704 0 0 0 0
584.056 2.6915 257.677 230.034 1.04607 0.94149 0.3 0.2 0.4 1 1.4 1.7 2 3 3 3.6 4.2 4.7 4.70916e-08 0.157146 0.0221328 0.461307 0.0386827 0.235142 0.0257071 0.105948 0 0 0 0 0.138057 0.0120846 0.0780723 0.368346 0.0994989 2.45955e-09 0.21061 0.0348211 0 0 0 0
564.12 2.59963 249.55 221.908 1.06791 0.891606 0.4 0.3 0.7 1.3 1.4 1.5 2.2 3.3 3.2 3.8 4.4 5 3.64228e-09 0.197708 0.146151 0.501017 1.90999e-10 7.31036e-10 0.140945 0.0820917 0 0 0 0 0.222925 0.0300361 0.109171 0.385999 2.90801e-07 1.08369e-09 0.143474 1.74825e-10 0 0 0 0
559.497 2.57833 247.624 219.982 1.05958 0.981927 0.2 0.7 0.9 0.8 1.5 1.6 2.3 3.2 3.4 3.9 4.5 5 0.136628 0.0926465 0.308664 0.0142356 0.0351731 0.334651 0.0366973 0.100882 0 0 0 0 0.139484 0.0468465 0.0735123 0.254092 0.292064 0.00306058 0.149178 0.0236904 0 0 0 0
565.271 2.60494 250.027 222.384 1.05828 0.958947 0.0001 0.4 0.9 0.7 1.4 1.6 2.2 3.2 3.3 3.8 4.3 4.9 0.0243459 0.22563 0.166416 0.0206605 0.428666 0.00505188 0.0958983 0.0916104 0 0 0 0 0.038841 0.196937 0.252735 0.000351768 0.278696 3.76181e-09 0.168562 0.0228236 0 0 0 0
568.256 2.61869 251.259 223.617 1.05814 0.956396 0.4 0.5 0.8 1.2 1.4 2.1 2.2 3.2 3.3 3.8 4.3 4.9 0.301805 6.66473e-09 9.33942e-11 0.29288 0.266065 7.3719e-11 0.107186 0.0902016 0 0 0 0 0.223503 0.1054 9.62206e-09 0.289833 0.144314 5.18882e-11 0.172772 0.0205737 0 0 0 0
536.633 2.47296 237.861 210.218 1.09936 0.907601 0.0001 0.3 0.7 1.2 1.5 1.9 2.3 3.8 3.2 3.7 4.3 4.9 0.0875842 9.38163e-06 0.316746 0.292751 0.128954 3.50826e-05 0.199697 0.073585 0 0 0 0 0.0939953 6.15403e-06 0.335276 0.140681 0.185876 0.0573464 0.0944206 2.15137e-08 0 0 0 0
572.541 2.63844 253.017 225.375 1.04802 0.959738 0.6 0.4 0.4 1.2 1.4 1.5 2.1 3 3.2 3.7 4.2 4.8 0.293167 0.0553088 0.0792731 0.000111431 2.36278e-06 0.502496 0.00029482 0.117371 0 0 0 0 0.000845297 0.292808 0.00883607 0.431096 3.89039e-09 8.82788e-12 0.195367 0.0307855 0 0 0 0
565.204 2.60463 249.999 222.357 1.05878 0.962175 0.2 0.4 0.9 1.4 1.5 2.1 2.2 3.2 3.2 3.8 4.3 4.8 0.0828044 0.135064 0.260766 0.327518 0.0461973 0.111532 1.83615e-05 0.0948835 0 0 0 0 0.0663973 0.165223 0.259003 0.27696 6.80215e-07 8.1183e-06 0.16994 0.024642 0 0 0 0
560.338 2.5822 247.976 220.333 1.05932 0.988707 0.4 2.77556e-17 0.9 1.4 1.5 2 2.3 3.2 3.4 4 4.5 5 0.271247 0.000626887 0.171304 0.401494 0.00139935 0.105185 0.00540756 0.102655 0 0 0 0 0.165531 0.0517568 0.314563 1.42376e-08 0.270264 0.0130625 0.146929 0.0266013 0 0 0 0
564.917 2.6033 249.88 222.238 1.0579 0.97018 0.1 0.4 0.8 1.4 1.3 1.9 2.2 3.2 3.2 3.8 4.3 4.9 0.0104398 0.265275 0.0727878 0.0106731 0.468431 0.0670944 0.0693311 0.0938647 0 0 0 0 0.0538993 0.155688 0.227409 0.171385 0.159567 3.04885e-05 0.176099 0.026102 0 0 0 0
553.782 2.55199 245.222 217.579 1.0638 0.973644 0.3 0.5 1.2 1.5 1.6 2.2 2.3 3.2 3.5 4 4.5 5 0.0055097 0.377657 0.159249 0.190697 0.186823 0.0349023 9.57457e-05 0.108865 0 0 0 0 0.0979329 0.239714 0.297437 0.161198 4.74319e-07 8.86566e-09 0.162407 0.0149545 0 0 0 0
581.976 2.68192 256.842 229.199 1.04506 0.921466 0.3 0.4 0.5 1.2 1.4 0.4 2.1 3 3.3 3.8 4.3 4.9 0.0593136 0.223355 0.00465402 0.375148 0.181393 0.000280883 0.106245 0.0946663 0 0 0 0 0.00289261 0.24398 0.0663081 0.362252 0.053844 0.001956 0.171913 0.0183208 0 0 0 0
559.513 2.5784 247.631 219.989 1.05942 0.97556 0.0001 0.4 0.8 1.3 1.5 2.2 2.3 3.2 3.4 3.9 4.5 5 0.00798565 0.244213 0.161118 0.193148 0.28131 0.0722647 0.000925798 0.0984557 0 0 0 0 0.0801154 0.0727044 0.349543 0.0159885 0.289219 1.55951e-07 0.146862 0.0211278 0 0 0 0
560.419 2.58258 248.01 220.367 1.05921 0.986066 0.1 0.4 0.9 1.4 1.5 1.9 2.3 3.2 3.4 4 4.6 5.1 0.00143416 0.268909 0.177619 0.377296 0.0126263 0.0933611 0.0268548 0.101114 0 0 0 0 0.0596899 0.155104 0.318452 6.69915e-06 0.264876 0.0153438 0.146995 0.0255989 0 0 0 0
538.476 2.48146 238.663 211.021 1.09323 0.912831 0.0001 0.6 0.8 1.4 1.7 1.8 2.3 3.7 3.5 4 4.5 5 0.057345 0.223506 0.206231 0.329694 0.00194608 0.0295491 0.16992 0.0750405 0 0 0 0 0.075502 0.238774 0.132944 0.290203 0.0626203 0.000108789 0.112678 8.82627e-15 0 0 0 0
544.231 2.50797 241.151 213.508 1.08515 0.915417 0.6 0.4 0.8 1.3 1.7 1.4 2.2 3.6 3.3 3.9 4.4 4.9 0.27088 0.126419 0.00438774 0.369873 5.88892e-05 0.038199 0.200099 0.0752326 0 0 0 0 1.36142e-08 0.280815 0.0920569 0.373637 0.0128977 0.00200003 0.150431 0.0035789 0 0 0 0
565.275 2.60495 250.029 222.386 1.05836 0.964983 0.3 0.4 0.9 1.4 1.5 1.8 2.2 3.2 3.3 3.8 4.3 4.9 0.181021 0.0310951 0.269882 0.31949 0.0346147 0.0523345 0.0761376 0.0937864 0 0 0 0 0.151224 0.0743416 0.267198 0.275406 1.88917e-07 1.21794e-08 0.171707 0.0251064 0 0 0 0
549.978 2.53446 243.609 215.967 1.07563 0.926366 0.0001 0.4 0.8 1.4 1.5 2.2 2.3 3.4 3.3 3.9 4.4 4.9 0.097984 0.0538339 0.297913 0.41724 0.000437837 3.11987e-05 0.125122 0.0830689 0 0 0 0 0.0249295 0.210637 0.199216 0.351484 5.60713e-05 1.25978e-06 0.140043 4.12263e-08 0 0 0 0
553.625 2.55127 245.155 217.513 1.06422 0.97614 0.3 0.5 1 1.4 1.5 1.8 2.3 3.2 3.3 3.8 4.4 5 0.0208446 0.343171 0.0939667 0.217116 0.137646 0.133609 0.00690588 0.110963 0 0 0 0 0.111878 0.205634 0.148887 0.329602 3.17641e-05 3.88578e-16 0.163846 0.0162613 0 0 0 0
545.734 2.5149 241.796 214.154 1.08046 0.974258 0.3 0.4 0.8 1.4 1.5 2.1 2.4 3.5 3.3 3.9 4.5 5.1 0.199532 6.07658e-07 0.218118 0.465586 2.0239e-07 4.62483e-07 0.114655 0.0825652 0 0 0 0 0.182445 0.00265576 0.293695 0.0729191 0.271002 1.84369e-09 0.143726 0.00781598 0 0 0 0
594.769 2.74087 261.93 234.287 1.03965 0.944911 0.0001 0.3 0.4 0.9 1.3 1.4 1.9 2.9 3 3.5 4 4.6 0.0105405 0.00147058 0.259896 0.150081 0.001552 0.448379 0.0508036 0.116929 0 0 0 0 0.0502702 0.113013 0.00525622 0.394198 0.0890221 3.53838e-06 0.245832 0.0473152 0 0 0 0
559.25 2.57719 247.521 219.879 1.05965 0.974841 0.0001 0.4 0.8 1.3 1.5 2.1 2.3 3.2 3.3 3.9 4.4 5 0.0144252 0.236218 0.146811 0.285981 0.179122 0.0976188 4.33617e-05 0.0994337 0 0 0 0 0.0818508 0.0679581 0.355274 0.00839591 0.294322 2.76655e-07 0.145947 0.0210927 0 0 0 0
572.142 2.6366 252.854 225.212 1.05263 0.934064 0.3 0.3 0.5 1.1 1.4 1.9 2.1 3.1 3.1 3.6 4.1 4.6 0.0164442 0.156389 0.0974597 0.306965 0.252519 0.0382016 0.0898396 0.094809 0 0 0 0 0.00376854 0.144191 0.137815 0.324009 0.118397 2.30587e-06 0.184409 0.0214724 0 0 0 0
565.147 2.60437 249.976 222.333 1.05799 0.965686 0.0001 0.4 0.5 1 1.4 1.6 2.2 3.2 3.4 4 4.5 5 0.0333588 0.0784548 0.202298 0.125112 0.431683 0.000660466 0.0939548 0.0924623 0 0 0 0 0.059194 2.06853e-06 0.239752 0.208096 0.260647 1.01403e-05 0.173167 0.0248171 0 0 0 0
553.28 2.54968 245.01 217.367 1.06667 0.976245 0.0001 0.7 0.9 1.4 1.6 1.7 2.4 3.3 3.5 4 4.5 5 0.0978558 0.250426 0.154576 0.181731 0.150341 0.0837575 0.0553579 0.0926292 0 0 0 0 0.101021 0.238712 0.193874 0.0428096 0.258817 2.43255e-07 0.12635 0.0146615 0 0 0 0
569.879 2.62617 251.927 224.284 1.05913 0.950545 0.4 0.4 0.5 1.2 1.5 2.1 2.2 3.2 3.3 3.9 4.5 5.1 0.0229956 0.276731 1.34045e-05 0.373307 0.196082 6.27445e-08 0.0984779 0.0915257 0 0 0 0 0.203717 0.0288358 0.0912789 0.343478 0.0969143 2.24498e-10 0.166439 0.0198811 0 0 0 0
16366.9 75.4237 1037.6 1009.96 1.47956 2.24071 0.0001 0.6 0.8 0.8 1.5 1.9 2.6 2.7 3.5 4.1 4.6 5.1 1.42497e-13 1.2612e-11 2.00908e-11 4.6162e-12 3.81039e-10 0.748019 0.0844895 0.647047 0 0 0 0 0.137239 0.0283444 0.569568 0.099501 0.561338 0.374695 0.352033 0.117994 0 0 0 0
16372.6 75.4498 1037.68 1010.04 1.4797 2.2401 0.2 0.6 0.8 1.4 1.5 1.9 2.6 2.7 3.3 3.9 4.5 5 7.49401e-15 4.44089e-16 3.46945e-14 1.53544e-13 5.21805e-15 0.748664 0.0786517 0.652385 0 0 0 0 0.185155 7.92422e-10 0.601528 0.448396 0.0920267 0.457278 0.298622 0.157096 0 0 0 0
16429.6 75.7126 1038.5 1010.86 1.48417 2.28341 0.2 0.4 0.9 0.6 1.6 1.8 1.9 2.7 3.2 3.8 4.3 4.9 5.91749e-14 4.13924e-12 7.92816e-12 6.93284e-12 8.57105e-11 1.01183e-09 0.761238 0.722933 0 0 0 0 0.205303 1.07036e-11 0.768311 4.54375e-12 0.381005 6.17005e-10 0.483372 0.445418 0 0 0 0
545.15 2.51221 241.546 213.903 1.08143 0.950202 0.4 0.3 1 1.4 1.5 2 2.4 3.5 3.4 3.9 4.5 5.1 0.071968 0.17008 0.256886 0.335341 0.0294651 0.0291565 0.106936 0.0815988 0 0 0 0 0.23779 0.0371364 0.263545 1.13421e-07 0.259321 0.0298398 0.11946 0.00311146 0 0 0 0
574.106 2.64565 253.656 226.014 1.05241 0.926019 0.0001 0.4 0.8 1.3 1.4 1.5 2.1 3.1 3.1 3.7 4.3 4.8 0.0615379 0.152962 0.159504 0.44555 8.08829e-05 0.0174322 0.12396 0.0913805 0 0 0 0 0.0494822 0.157941 0.216341 0.305671 1.77641e-06 8.80639e-07 0.17785 0.0187313 0 0 0 0
564.987 2.60363 249.909 222.267 1.05364 0.973115 0.6 0.2 0.9 1.4 1.4 1.8 2.2 3.1 3.2 3.7 4.3 4.9 0.184106 0.108643 0.186655 0.0280195 0.27264 0.163833 0.000541448 0.109202 0 0 0 0 0.167538 0.121288 0.190825 0.0553285 0.23971 0.00013751 0.170717 0.0275719 0 0 0 0
559.18 2.57686 247.492 219.849 1.0742 0.890259 0.3 0.5 0.4 1.2 1.4 2.1 2.2 3.4 3.2 3.8 4.3 4.8 0.18208 0.0512798 0.0338024 0.489893 0.0721908 1.20853e-07 0.166614 0.0783349 0 0 0 0 0.00169572 0.091585 0.228371 0.288461 0.138293 1.37988e-05 0.141839 2.91115e-08 0 0 0 0
548.937 2.52966 243.166 215.523 1.08195 0.919142 0.3 0.7 0.4 1.3 1.4 1.8 2.3 3.5 3.3 3.8 4.3 4.8 0.144841 0.0891713 0.091858 0.529828 4.24647e-06 1.07419e-10 0.145542 0.0807064 0 0 0 0 0.153268 0.235385 0.0206457 0.0867238 0.285293 1.58232e-10 0.137826 4.23163e-11 0 0 0 0
565.262 2.6049 250.023 222.381 1.05863 0.952914 0.1 0.3 0.7 1.3 1.5 1.7 2.2 3.2 3.3 3.9 4.5 5.1 1.65597e-06 0.182899 0.183171 0.432071 6.73051e-06 0.0788097 0.090378 0.0912971 0 0 0 0 0.0669846 0.0600515 0.292098 0.263244 0.0845948 1.15667e-07 0.164877 0.0210634 0 0 0 0
561.505 2.58758 248.463 220.82 1.06771 0.89374 0.3 0.4 0.8 1.3 1.4 2.1 2.2 3.3 3.2 3.7 4.3 4.8 0.212647 3.27516e-07 0.149522 0.479643 7.10558e-08 1.03525e-08 0.144664 0.0812339 0 0 0 0 7.69742e-08 0.281027 0.088299 0.371848 0.00770541 1.05402e-10 0.14486 1.40492e-09 0 0 0 0
566.12 2.60885 250.378 222.736 1.05714 0.966992 0.5 0.3 0.9 1.4 1.5 1.8 2.2 3.2 3.3 3.9 4.4 4.9 4.83332e-05 0.209533 0.255089 0.398809 5.22285e-10 3.12635e-05 0.103685 0.0899442 0 0 0 0 0.044329 0.182776 0.270785 0.244924 0.0282523 2.24734e-05 0.171334 0.0245694 0 0 0 0
543.184 2.50315 240.7 213.058 1.08208 0.945591 0.0001 0.5 0.8 1.5 1.2 1.7 2.4 3.5 3.4 4 4.5 5 0.0785218 0.189367 0.0652516 0.149169 0.344962 0.0605044 0.112538 0.081763 0 0 0 0 0.0722154 0.138357 0.274213 0.333513 0.000426117 4.73397e-05 0.126821 2.83761e-09 0 0 0 0
554.664 2.55605 245.594 217.952 1.06353 0.969443 0.1 0.5 0.9 1.4 1.5 2.2 2.3 3.2 3.4 3.9 4.4 4.9 0.000245362 0.378394 0.0554717 0.0589414 0.419481 0.0412313 0.00293674 0.106829 0 0 0 0 0.0545321 0.255365 0.134801 0.351752 3.47475e-08 4.27734e-10 0.157924 0.0150697 0 0 0 0
546.895 2.52025 242.293 214.651 1.08037 0.962219 0.3 0.5 1.2 1.5 1.6 2.2 2.4 3.5 3.6 4.2 4.7 5.3 0.157236 0.137715 0.390577 0.177718 0.0101626 0.0295007 0.0957147 0.0817447 0 0 0 0 0.0982748 0.235738 0.32886 1.59677e-08 0.142863 0.0397406 0.10883 0.00791293 0 0 0 0
559.373 2.57776 247.573 219.93 1.05973 0.979306 0.0001 0.3 0.8 1.4 1.5 1.6 2.3 3.2 3.4 3.9 4.4 4.9 0.100012 0.00627071 0.41895 0.0656311 0.000148253 0.330218 0.0380388 0.100457 0 0 0 0 0.0624924 0.0796921 0.365248 0.011381 0.28965 3.11791e-06 0.14794 0.0228997 0 0 0 0
565.278 2.60497 250.03 222.387 1.05874 0.950545 0.1 0.4 0.8 1.3 1.4 1.9 2.2 3.2 3.2 3.8 4.3 4.9 0.0179806 0.251567 0.0800226 0.47641 0.00306153 0.0573168 0.0813029 0.0910822 0 0 0 0 0.0661427 0.12272 0.268456 0.0524638 0.256917 5.70655e-14 0.163609 0.0202373 0 0 0 0
583.948 2.69101 257.634 229.991 1.04494 0.923974 0.3 0.3 0.4 1 1.3 1.6 2 3 3.2 3.7 4.2 4.8 0.211456 0.0137067 0.000969171 0.238037 0.348031 1.00912e-06 0.136773 0.0959712 0 0 0 0 0.0060723 0.133889 0.0978595 0.314497 0.139124 4.75999e-07 0.206033 0.0264992 0 0 0 0
574.107 2.64566 253.656 226.014 1.0524 0.925849 0.0001 0.4 0.8 1.3 1.4 1.5 2.1 3.1 3.2 3.8 4.4 5 0.0601103 0.156684 0.155203 0.450815 0.000111175 0.0138247 0.124317 0.091339 0 0 0 0 0.0494958 0.157908 0.216342 0.305656 1.95024e-07 4.28948e-08 0.177775 0.0186714 0 0 0 0
559.601 2.57881 247.668 220.025 1.05935 0.977123 0.2 0.4 0.8 1.3 1.5 2.2 2.3 3.2 3.3 3.9 4.5 5.1 0.00028727 0.263634 0.140198 0.214716 0.268336 0.0735523 2.40477e-06 0.0986269 0 0 0 0 0.140089 1.62651e-05 0.365502 0.0112971 0.290997 2.4326e-10 0.147662 0.0215594 0 0 0 0
