Chi2   rChi2   BIC   AIC    Qichtot    Qimtot  R[0]  R[1]  R[2]  R[3]  R[4]  R[5]  R[6]  R[7]  R[8]  R[9]  R[10]  R[11]  Q0ch    Q1ch    Q2ch    Q3ch    Q4ch    Q5ch    Q6ch    Q7ch    Q8ch    Q9ch    Q10ch    Q11ch    Q0m    Q1m    Q2m    Q3m    Q4m    Q5m    Q6m    Q7m    Q8m    Q9m    Q10m    Q11m
500.256 2.13785 237.179 194.498 1.00844 1.01912 0.0001 0.4 0.7 1.2 1.5 1.8 2 2.6 3.2 3.4 4.3 5.4 0.0606482 0.0791897 0.13824 0.349794 1.77948e-07 0.242129 0.00255061 0.0569763 0.0543299 0.0215699 6.62204e-12 0.00301371 0.0440235 0.0985546 0.200679 0.25111 0.0626381 0.0874947 0.113425 0.0776192 0.0518325 0.0127451 2.22279e-08 0.0189974
420.185 1.79566 192.003 149.321 1.00635 1.03919 0.3 0.4 0.8 0.9 1.4 1.7 2.1 2.7 3.3 4 4.3 5 0.0924786 0.0256412 0.304871 8.533e-10 0.291021 0.0270332 0.152088 0.0670736 0.0360884 0.0015249 0.00853038 2.76978e-11 0.148855 0.0159299 0.0970134 0.195604 0.200923 0.086623 0.134871 0.0830996 0.0465095 0.0275381 0.00222308 2.00979e-11
426.879 1.82427 196.097 153.415 1.00673 1.02946 0.1 0.6 0.8 1.2 1.7 1.8 2.3 2.8 3.4 4 4.5 4.9 0.0406325 0.235387 0.0570344 0.279315 0.168353 0.022072 0.115814 0.0461556 0.0346569 3.58213e-13 0.00731398 1.12449e-11 0.0691955 0.215459 0.0596978 0.265628 0.0242533 0.182725 0.0765241 0.0790769 0.0315076 0.0253928 4.3203e-09 7.71488e-12
498.894 2.13202 236.473 193.791 1.00923 1.07763 0.1 0.5 0.8 1.1 1.5 2 2.2 2.9 3.4 3.9 5.5 5.2 0.0765551 0.109853 0.0905826 0.228509 0.239727 0.147921 1.70587e-10 0.0681851 0.0433589 1.93373e-11 2.80713e-11 0.00454077 0.058825 0.153473 0.141185 0.156568 0.219076 0.0776687 0.100764 0.0863327 0.0372417 0.0176161 0.0139815 0.0148971
426.799 1.82393 196.048 153.366 1.00628 1.01795 0.3 0.5 0.8 1.2 1.6 1.9 2.3 2.8 3.3 4.1 4.5 4.8 0.0935838 0.0472396 0.246934 0.175854 0.205956 0.0286009 0.125173 0.035826 0.0377468 0.00648137 0.00287988 1.76194e-11 0.155713 4.44089e-16 0.230382 0.185692 0.136476 0.10443 0.0820015 0.0604824 0.0390384 0.0237309 1.83187e-15 5.32907e-15
507.452 2.1686 240.879 198.197 1.00919 1.14026 0.0001 0.5 0.9 1.2 1.7 1.8 2.4 2.9 3.4 3.8 5.3 5 0.0652571 0.144238 0.0991559 0.305702 0.0751001 0.173299 0.0395676 0.0551799 0.047182 2.09536e-11 0.00450772 6.41645e-11 0.0571103 0.171804 0.153013 0.23072 0.102603 0.101204 0.144411 0.037666 0.0662417 0.0349769 0.00566426 0.0348443
500.552 2.13911 237.333 194.651 1.00863 1.16523 0.0001 0.3 0.8 1.3 1.8 1.9 2.3 2.8 3.3 3.9 5 5.2 0.0388755 0.0974925 0.210318 0.326747 0.04259 0.167273 0.00404235 0.0580853 0.0579951 2.60131e-12 5.6336e-12 0.0052141 0.0163704 0.135746 0.238992 0.28004 0.130388 4.16849e-08 0.131447 0.0724139 0.0541414 0.0583869 3.93966e-09 0.0473047
502.315 2.14665 238.243 195.562 1.00858 1.03533 0.0001 0.5 0.6 1.2 1.8 1.6 2.1 2.5 3.1 3.5 3.6 5.4 0.0727974 0.0116554 0.183072 0.364338 0.233415 3.37264e-11 0.00606916 0.0443993 0.0675794 0.022141 3.07493e-10 0.00311096 0.0584473 0.0132837 0.251286 0.299625 0.167396 0.00954226 0.0556935 0.0713867 0.0704262 1.34633e-09 0.0181463 0.0201017
422.343 1.80489 193.33 150.649 1.00662 1.03726 0.1 0.6 1 1.1 1.4 1.9 2.2 2.6 3.1 3.6 4.1 4.5 0.0404194 0.246643 0.124957 0.0585061 0.227715 0.123089 0.0612587 0.0671197 0.031874 0.019094 2.30138e-09 0.00594436 0.0659889 0.247736 4.71965e-08 0.186856 0.170805 0.150735 0.0520653 0.0669225 0.0551486 0.0174772 0.0235278 3.43619e-09
418.354 1.78784 190.873 148.191 1.0066 1.03942 0.1 0.5 0.8 1.2 1.5 2 2.4 2.8 3.4 4.1 4.4 6 0.0341423 0.140494 0.202486 0.166654 0.185119 0.123565 0.06633 0.0471158 0.0328276 4.17324e-09 0.00786733 4.66294e-15 0.0584824 0.151192 0.159825 0.190007 0.138758 0.165751 0.0277643 0.0776301 0.0376952 0.0185939 0.00171419 0.0120022
621.682 2.65676 293.462 250.781 1.00772 1.07778 0.0001 0.3 0.9 1.3 1.5 1.8 2.2 2.7 3.2 3.6 4.2 4.6 0.016175 0.12845 0.259233 0.273434 5.61213e-11 0.154288 0.0121977 0.144626 3.43869e-11 2.29966e-10 0.0193195 6.59073e-10 0.00967226 0.155735 0.315022 5.82217e-08 0.257483 0.0294085 0.133001 0.0649362 0.0538073 0.0194628 0.0236804 0.01557
419.661 1.79342 191.68 148.998 1.00664 1.0422 0.2 0.6 1 1.4 1.7 2.2 2.6 3.1 3.7 4.2 4.5 6 0.0553246 0.211302 0.211591 0.178758 0.124348 0.115729 0.0460569 0.0439151 0.0134865 1.83111e-09 0.00613002 5.32907e-15 0.103824 0.148792 0.240574 0.14746 0.131664 0.101867 0.0762417 0.0389198 0.0327619 0.0123946 8.13793e-14 0.00769997
498.888 2.132 236.47 193.788 1.00872 1.14754 0.2 0.4 0.8 1.2 1.4 1.9 2.2 2.8 3.3 3.8 3.9 5.2 0.108511 0.0293861 0.199771 0.164092 0.189003 0.192786 0.00335115 0.058638 0.0578709 7.10187e-12 2.33147e-15 0.00530664 0.0875288 0.0684601 0.234783 0.0941674 0.228741 0.067385 0.134155 0.0949785 0.0330538 0.049999 0.0116742 0.0426154
494.534 2.11339 234.2 191.518 1.00905 1.06535 0.2 0.4 0.8 1 1.4 1.7 2 2.7 3.3 3.9 4.6 5.3 0.0875763 0.084475 0.0185725 0.293405 0.146309 0.168326 0.0818764 0.0586278 0.0652843 5.93969e-15 0 0.00459462 0.0666638 0.100016 0.204772 0.0774903 0.245395 0.00403818 0.179307 0.0896821 0.0584521 0.016091 8.3898e-10 0.0234457
621.99 2.65808 293.591 250.909 1.00813 1.05689 0.0001 0.3 0.7 1 1.3 1.7 2.2 2.7 3.3 3.5 4.3 4.6 0.00727092 0.146566 0.0168021 0.324319 0.127631 0.198965 0.0222834 0.144698 9.79307e-09 3.16802e-12 0.0195991 2.30916e-10 0.0306585 0.103688 0.16281 0.146414 0.174309 0.160173 0.110625 0.076989 0.0471851 0.0126371 0.0264836 0.0049161
542.976 2.32041 258.403 215.722 1.00909 1.07043 0.1 0.6 1 1.1 1.4 1.9 2.2 2.7 3.3 4.2 4.6 5.9 0.0579938 0.174854 0.191436 0.115944 0.14512 0.0846123 0.160909 0.00772758 0.0620454 8.6986e-14 0.00845067 7.16294e-12 0.0678994 0.240029 0.000938969 0.223699 0.114184 0.224111 0.00133186 0.10171 0.0528897 0.0277824 1.33698e-10 0.0158528
420.526 1.79712 192.214 149.532 1.00637 1.05006 0.1 0.5 0.8 1.3 1.7 1.9 2.2 2.8 3.4 3.9 4.4 4.7 0.0352176 0.133617 0.222 0.255893 0.130334 2.26634e-08 0.130948 0.060098 0.0300617 0.000801307 0.00739311 5.14883e-12 0.0597559 0.142202 0.18429 0.271207 0.0218859 0.134309 0.0777726 0.0879808 0.0352497 0.0224076 0.0130029 1.0264e-12
420.624 1.79754 192.274 149.592 1.00644 1.04252 0.1 0.5 0.8 1.3 1.8 2 2.4 2.9 3.4 3.9 4.4 4.3 0.0343187 0.138587 0.212749 0.277736 0.13003 0.0432519 0.0933378 0.0389124 0.029459 0.000332355 0.00772699 2.75101e-09 0.0599052 0.141241 0.185781 0.269226 0.0873053 0.104715 0.063602 0.0708026 0.0251467 0.0256671 0.00912448 9.03658e-11
422.385 1.80506 193.356 150.674 1.00647 1.04114 0.2 0.5 0.8 1.2 1.6 2 2.4 3 3.6 4.2 4.5 4.5 0.0477773 0.121251 0.202351 0.206137 0.179601 0.0781181 0.0993551 0.0452564 0.021265 3.79863e-13 0.00536049 2.12808e-12 0.0839597 0.106885 0.183966 0.199962 0.154428 0.111429 0.0803505 0.072003 0.0266301 0.0215314 1.09801e-13 6.12843e-14
497.84 2.12752 235.925 193.243 1.00918 1.07103 0.0001 0.4 0.6 1.2 1.7 1.8 2.3 2.9 3.4 3.9 3.3 5.3 0.0725397 0.00562819 0.189972 0.362587 0.0139302 0.216881 0.0355987 0.0605665 0.0355982 1.14729e-10 0.0113516 0.00452346 0.0579854 0.00751085 0.257936 0.302019 0.00478269 0.187307 0.0950924 0.0760599 0.0314262 0.0174352 0.00874367 0.0247296
1995.28 8.52683 595.485 552.803 1.01061 1.76475 0.3 0.4 0.8 1 1.5 1.8 2.3 2.9 3.1 3.7 4.2 5.3 0.0719599 0.0803682 0.0843259 0.322905 0.0509648 0.240242 0.0313637 0.111172 2.7061e-11 3.33067e-16 4.59632e-14 0.0173096 0.0555705 0.0781831 0.0457908 0.301134 0.32757 0.167573 0.0886213 0.00439776 0.142538 0.30189 0.251479 4.64628e-14
421.73 1.80227 192.954 150.272 1.00614 1.04735 0.1 0.5 0.7 1.1 1.4 1.8 2.3 2.5 3.2 3.5 4.2 4.6 0.0357884 0.110386 0.171117 0.189935 0.157711 0.152996 0.0631052 0.0642561 0.0502444 5.79991e-09 0.0105977 3.94885e-11 0.0613716 0.122631 0.130366 0.220295 0.0876783 0.207511 7.71483e-12 0.121451 0.0475327 0.0225228 0.0259894 5.86949e-11
501.721 2.14411 237.937 195.255 1.00862 1.15829 0.1 0.3 0.9 1.4 1.5 2 2.3 2.9 3.3 3.9 4.8 5.2 0.0340046 0.11634 0.275365 0.197238 0.117524 0.154075 1.01974e-07 0.058677 0.0496175 8.34577e-12 1.46366e-12 0.00577767 0.00279063 0.167098 0.304709 0.0382806 0.248346 0.0212616 0.165421 0.0576489 0.0515437 0.0551345 5.75956e-11 0.0460575
419.595 1.79314 191.639 148.957 1.00613 1.03736 0.2 0.3 0.7 1.1 1.4 1.8 2.1 2.6 3.2 3.8 4.3 4.5 0.0400449 0.0382669 0.274367 0.106109 0.244857 0.0574765 0.121217 0.0683366 0.0420456 0.00676604 0.00664763 1.03806e-11 0.106237 0.00582544 0.22161 0.153989 0.193116 0.0798035 0.0984635 0.0989002 0.0373183 0.0333704 0.00872372 1.04139e-13
507.44 2.16855 240.873 198.191 1.00889 1.11539 0.2 0.3 0.8 1.2 1.6 2 2.4 3 3.6 3.7 5.2 5.3 0.0847479 0.0525089 0.190264 0.245927 0.194401 0.114582 0.0184726 0.0788769 0.0262459 2.35338e-11 0.00169782 0.00116313 0.0538888 0.0919501 0.240356 0.189344 0.185894 0.0572653 0.129147 0.0674619 0.0057012 0.0528014 0.00541515 0.0361616
419.523 1.79284 191.595 148.913 1.00643 1.03237 0.2 0.6 1 1.4 1.7 2.2 2.6 3 3.5 4 4.4 4.1 0.0552497 0.211625 0.210975 0.179758 0.123469 0.116645 0.0427316 0.0360338 0.0230001 6.94945e-11 0.00693877 1.35174e-11 0.103718 0.148667 0.24009 0.148092 0.130537 0.10208 0.0748424 0.0296737 0.0300849 0.0245857 1.11289e-10 2.90083e-08
625.741 2.67411 295.148 252.466 1.00992 1.07023 0.0001 0.4 0.9 1.1 1.5 2 2.3 2.8 3.4 3.8 4.5 5 0.0464682 0.11505 0.182752 0.17349 0.249094 0.0706711 0.0296972 0.125405 3.33067e-16 2.22045e-16 0.0172936 7.59393e-14 0.0437529 0.143511 0.246465 0.063325 0.236959 0.0917101 0.0832801 0.0752378 0.0441266 0.0135091 0.0283569 2.81941e-13
502.757 2.14853 238.471 195.789 1.00934 1.07325 0.2 0.5 0.8 1.3 1.4 1.9 2.3 3 3.5 3.8 4.4 5.3 0.116541 0.0173248 0.221565 0.22906 0.111671 0.177784 0.0251716 0.0782939 0.0271799 4.03677e-13 1.03695e-13 0.00475138 0.0892298 0.0844643 0.235109 0.122595 0.155144 0.135931 0.0964561 0.0923645 0.0120958 0.0252572 1.2456e-09 0.0246076
499.136 2.13306 236.599 193.917 1.00882 1.11625 0.1 0.5 0.9 1.3 1.7 2 2.5 3 3.5 3.8 4.2 5.3 0.0762594 0.114415 0.181716 0.274876 0.124849 0.11513 0.0152727 0.0733483 0.0292804 1.08511e-10 1.60261e-13 0.00367702 0.0675839 0.148318 0.206441 0.222368 0.109058 0.0891293 0.117558 0.0479504 0.0304869 0.0363103 6.8648e-09 0.0410467
620.469 2.65158 292.957 250.275 1.00857 1.07896 0.1 0.4 0.9 1.2 1.5 1.8 2.3 2.7 3.2 3.8 4.4 4.6 0.0495608 0.115367 0.183417 0.271291 0.0557639 0.164015 9.21317e-09 0.148552 0.00148139 3.31957e-14 0.0191214 1.32117e-14 0.0501401 0.134886 0.259471 0.0804601 0.17074 0.103143 0.115557 0.0473195 0.0661998 0.0223857 0.0286548 1.43341e-11
420.201 1.79573 192.013 149.331 1.00644 1.02685 0.2 0.6 0.7 1.2 1.6 1.8 2.3 2.8 3.3 4 4.4 5 0.0589832 0.107317 0.170846 0.266009 0.0978645 0.105754 0.112006 0.0422594 0.0350871 0.00410215 0.00621298 3.81806e-13 0.0924443 0.114777 0.128631 0.277456 0.0163341 0.180166 0.0895289 0.0636249 0.0371967 0.0266644 2.57647e-05 2.77556e-14
419.269 1.79175 191.438 148.756 1.00647 1.04014 0.1 0.4 0.9 0.8 1.4 1.8 2.1 2.6 3.1 3.7 4.2 4.5 0.0243037 0.104112 1.71919e-07 0.290736 0.303008 0.0230781 0.142736 0.0566076 0.0421078 0.0142203 6.39871e-12 0.0055565 0.056034 0.112104 0.171794 0.101949 0.2572 0.0481332 0.117244 0.0900183 0.0360095 0.0357495 0.0139028 6.11666e-12
418.8 1.78975 191.149 148.467 1.006 1.04149 0.0001 0.6 0.7 1.1 1.3 1.8 2.2 2.7 3.3 3.7 4.2 4.4 0.0387986 0.175477 0.126215 0.059336 0.267011 0.130293 0.100315 0.0623498 0.0363426 0.000682854 0.00917994 4.50662e-10 0.0692234 0.207097 0.0396449 0.127091 0.21112 0.131177 0.0949392 0.0908168 0.0242418 0.0304592 0.0156763 1.45317e-12
420.615 1.7975 192.268 149.586 1.00645 1.0379 0.2 0.5 0.7 1.2 1.6 1.9 2.3 2.9 3.5 4.1 4.4 4.9 0.0564585 0.0493374 0.238602 0.247592 0.149896 0.0672094 0.11259 0.0530496 0.0249221 2.1505e-13 0.00679005 4.67132e-12 0.090992 0.0465135 0.209773 0.247044 0.105533 0.11592 0.0911841 0.0760898 0.0313531 0.0209238 0.00257272 5.26246e-14
561.932 2.40142 267.291 224.609 1.00863 1.01944 0.0001 0.5 0.6 1.1 1.4 1.5 2.1 2.6 3.2 3.7 4.6 4.8 0.0495967 0.00243746 0.206084 0.317382 0.113571 9.82226e-11 0.23898 1.44595e-05 0.0711745 2.38698e-15 0.00938607 2.60902e-15 0.0667238 3.30058e-12 0.243688 0.159444 0.245294 0.00274787 0.15035 0.0894101 0.0235121 0.0382656 7.21645e-15 1.81521e-14
420.873 1.7986 192.427 149.745 1.00648 1.0288 0.2 0.6 0.7 1.2 1.7 1.8 2.3 2.9 3.4 4 4.4 4.3 0.0585515 0.115114 0.16084 0.276167 0.177196 0.0132017 0.122631 0.0474558 0.026507 0.0016672 0.00714882 2.00728e-13 0.0930169 0.10583 0.139505 0.271557 0.0678077 0.124791 0.105037 0.0681994 0.0264265 0.0247878 0.00184368 7.57723e-09
422.152 1.80407 193.213 150.531 1.00629 1.06196 0.1 0.4 0.8 0.9 1.4 1.6 2.1 2.7 3.4 4.2 4.4 4.3 0.0214757 0.113356 0.243977 0.0483269 0.274757 0.0373184 0.152815 0.0718986 0.0351744 8.00501e-10 0.00719072 1.73594e-12 0.0415495 0.138681 0.0333859 0.259533 0.118384 0.15741 0.131685 0.0941503 0.0574181 0.0284433 0.00131846 7.51582e-12
419.917 1.79452 191.838 149.157 1.00625 1.03717 0.0001 0.4 0.8 1.3 1.4 1.9 2.1 2.7 3.3 3.9 4.3 4.9 0.0207371 0.109368 0.287982 5.04223e-09 0.307513 0.0208533 0.146736 0.0671831 0.0355447 0.00262477 0.00771138 4.7447e-11 0.0381303 0.131037 0.229711 0.202776 0.0679668 0.132067 0.0717314 0.0902726 0.0415216 0.0222425 0.00971243 3.32517e-12
420.305 1.79617 192.077 149.395 1.00617 1.04012 0.2 0.5 0.7 1 1.4 1.8 2.2 2.7 3.2 3.8 4.3 4.4 0.0560175 0.0592151 0.202742 0.129013 0.253165 0.0822564 0.121816 0.0488678 0.0390993 0.00730881 0.00666853 8.66472e-09 0.0812746 0.114473 0.077459 0.211746 0.167924 0.139685 0.0934318 0.0702884 0.0451481 0.0255954 0.0130985 3.48874e-10
502.432 2.14715 238.304 195.622 1.00832 1.04646 0.2 0.3 0.8 1.1 1.6 2 2.2 2.8 3.4 3.5 4.6 5.4 0.0530298 0.0997371 0.115383 0.275828 0.232349 0.10982 5.27998e-09 0.0673419 0.0531624 9.72048e-11 1.10079e-13 0.00166573 0.0207331 0.128993 0.233838 0.141533 0.249421 1.75454e-11 0.1209 0.0744364 0.0526957 9.01192e-10 2.4849e-07 0.0239087
501.559 2.14341 237.853 195.171 1.00879 1.17581 0.2 0.3 0.9 1.2 1.6 2 2.4 3 3.5 4 4.5 5.2 0.0531281 0.101533 0.231371 0.163431 0.232404 0.0922845 0.0303973 0.0690197 0.0316406 4.44089e-16 1.7264e-14 0.00357937 0.0114995 0.157464 0.289475 0.0897832 0.235465 0.0312584 0.153185 0.0640972 0.0532845 0.0417584 4.88265e-12 0.0485367
420.615 1.7975 192.268 149.586 1.00644 1.03786 0.2 0.5 0.7 1.2 1.6 1.9 2.3 2.9 3.5 4.1 4.4 4.5 0.0564607 0.0493249 0.238619 0.24757 0.149938 0.0671627 0.112615 0.0530418 0.024927 5.92847e-09 0.00678576 1.73944e-08 0.0909927 0.0465182 0.209767 0.247059 0.105507 0.115955 0.0911639 0.076089 0.0313327 0.0209113 0.00256522 5.15754e-12
543.656 2.32332 258.728 216.046 1.0091 1.03133 0.1 0.3 0.7 1 1.5 2.1 2.2 2.6 3.3 3.7 4.6 4.5 0.0180625 0.0952899 0.099326 0.331661 0.176729 0.0929362 0.115068 0.00913407 0.0626804 2.7478e-14 0.0082117 2.22733e-12 0.0293644 0.112833 0.126407 0.229641 0.24227 0.11659 4.55969e-12 0.112994 0.0150306 0.0462055 5.58442e-14 2.91767e-13
420.692 1.79783 192.316 149.634 1.00621 1.03832 0.2 0.4 0.7 1.2 1.6 1.8 2.2 2.8 3.3 3.8 4.3 4.4 0.0531579 0.0320851 0.266613 0.22781 0.188546 0.00136656 0.141498 0.0528709 0.0304198 0.00451223 0.00732993 1.04974e-09 0.0831127 0.0427271 0.221175 0.251728 0.0721087 0.115546 0.106436 0.0782349 0.0294894 0.0250488 0.0127193 5.41916e-10
423.115 1.80819 193.804 151.122 1.00603 1.0418 0.0001 0.5 0.8 1 1.4 1.7 2.2 2.6 3.3 3.6 4.2 4.3 0.0264626 0.177714 0.0754457 0.204514 0.162509 0.141313 0.0998068 0.0668782 0.0428837 1.05315e-09 0.0085015 5.95009e-08 0.0491686 0.192469 3.41871e-10 0.275122 0.0691919 0.207957 0.0723886 0.0879483 0.0579595 0.00329883 0.0262983 2.89261e-10
496.053 2.11989 234.995 192.313 1.00893 1.10196 0.0001 0.3 0.8 1.1 1.6 1.7 2.3 2.9 3.4 4.2 3.5 5.3 0.017783 0.14167 0.0928876 0.310107 0.0264092 0.25588 0.0567847 0.0554921 0.0484671 2.13718e-14 2.84883e-12 0.00345168 0.00671848 0.14584 0.225928 0.153655 0.193006 0.0711529 0.129605 0.0685236 0.0405393 0.0164135 0.0180662 0.0325162
496.719 2.12273 235.342 192.66 1.00917 1.06474 0.2 0.4 0.8 1.2 1.3 1.8 2.1 2.7 3.3 3.9 4.2 5.3 0.101483 0.0460189 0.170614 0.208064 0.109844 0.225867 0.0171072 0.0607184 0.0645557 1.16573e-15 1.66533e-16 0.00489636 0.0681555 0.0950014 0.237081 2.28876e-11 0.248698 0.132763 0.0978806 0.0861046 0.0609819 0.0145078 0.00176671 0.0217965
420.227 1.79584 192.029 149.347 1.00628 1.03558 0.3 0.2 0.7 1.2 1.6 1.9 2.3 2.8 3.3 3.9 4.3 4.8 0.0569642 0.0274705 0.263983 0.240988 0.153069 0.0684445 0.107307 0.0430463 0.0347246 0.00237293 0.00791214 5.001e-13 0.0586547 0.0602907 0.230188 0.246031 0.100268 0.125006 0.0784363 0.0683865 0.0360644 0.023977 0.0082745 1.72196e-13
2023.06 8.64556 599.066 556.384 1.01072 1.74928 0.3 0.4 0.9 1.2 1.6 1.8 2.3 2.9 3.3 3.9 4.3 5.3 0.0733079 0.0787229 0.302309 0.142081 3.08281e-12 0.256772 0.0281367 0.112344 9.86e-12 2.60342e-12 1.13076e-13 0.0170452 0.0669279 0.0599765 0.247745 0.171367 0.362243 0.0511074 0.107507 0.02603 0.199281 0.326507 0.130592 5.9841e-14
645.55 2.75876 303.22 260.538 1.01004 1.06585 0.2 0.4 0.7 0.9 1.5 1.7 2.1 2.8 3.1 3.7 4.8 5.4 0.0536896 0.130128 4.37034e-09 0.238509 0.320751 0.0924849 0.0338188 0.0976628 0.0124932 0.0263385 3.49329e-11 0.00415971 0.0714068 0.093704 0.0337957 0.2859 0.224178 0.0396379 0.14418 0.0638885 0.0525155 0.0265633 7.40938e-10 0.0300863
420.806 1.79832 192.386 149.704 1.00649 1.02894 0.2 0.5 0.7 1.2 1.7 1.9 2.3 2.9 3.4 4 4.4 5 0.054786 0.0591522 0.22491 0.269054 0.191412 0.000828997 0.123832 0.0469913 0.0267766 0.00148495 0.00726019 2.94825e-12 0.0900592 0.0515758 0.20221 0.260338 0.140401 0.0607441 0.102028 0.0687985 0.0260769 0.0252757 0.0014331 4.53965e-12
419.557 1.79298 191.616 148.934 1.00628 1.04523 0.1 0.4 0.6 0.9 1.4 1.9 2.1 2.7 3.2 3.7 4.3 4.4 0.042197 0.00237903 0.215439 0.162194 0.304563 0.0132229 0.155327 0.0615033 0.032189 0.0112039 2.03701e-08 0.00606557 0.0426623 0.119959 0.052831 0.233875 0.23708 0.095329 0.0968589 0.0827702 0.0385699 0.0271995 0.0180957 3.41545e-08
641.239 2.74034 301.485 258.803 1.01062 1.13494 0.2 0.6 1 1.2 1.6 1.8 2.1 2.8 3.5 3.6 4.2 5.3 0.0876431 0.194153 0.0520492 0.196994 0.251553 0.0783434 0.00338365 0.11034 4.18432e-10 0.0288108 3.36005e-11 0.00735061 0.0926539 0.183437 0.173983 0.129975 0.0900986 0.132063 0.0909329 0.119459 0.0621367 2.07561e-08 0.0248401 0.0353644
501.471 2.14304 237.808 195.126 1.0092 1.06692 0.2 0.5 0.7 1.1 1.4 1.9 2.3 2.9 3.4 3.8 4.3 5.3 0.116235 5.4734e-14 0.162537 0.193423 0.221731 0.186632 0.0120951 0.069232 0.0427538 7.13873e-14 1.35947e-13 0.00456402 0.090799 0.0533806 0.193838 0.152211 0.186664 0.155279 0.0751685 0.0833684 0.0321314 0.01814 0.00130741 0.0246308
501.133 2.1416 237.633 194.951 1.00877 1.13414 0.1 0.4 0.9 1.2 1.5 1.8 2.4 3 3.4 3.8 4.3 5.3 0.0586729 0.115195 0.179815 0.220493 0.0823428 0.205747 0.0454388 0.0591163 0.037566 1.17068e-11 6.55032e-14 0.00438573 0.0415613 0.155242 0.216345 0.15045 0.126307 0.117441 0.151567 0.0488715 0.0389179 0.0350551 0.00907159 0.0433081
503.852 2.15321 239.035 196.353 1.00926 1.04749 0.2 0.5 0.7 1 1.5 1.6 2.1 2.6 3.1 3.5 3.7 5.3 0.105196 0.0804316 4.8207e-12 0.309735 0.126092 0.169927 0.103158 0.0177313 0.0739772 0.0178872 6.59234e-10 0.00512578 0.085444 0.0945202 0.104507 0.208278 0.232843 0.0103596 0.150563 0.0452686 0.0764537 5.47993e-09 0.0216257 0.0176288
426.102 1.82095 195.625 152.943 1.00675 1.03278 0.1 0.6 1.3 0.9 1.7 1.9 2.4 2.8 3.4 3.9 4.5 5.1 0.0410461 0.235571 0.277732 0.11044 0.0414591 0.131322 0.0866534 0.039994 0.0352434 2.09832e-13 0.00728903 1.95605e-12 0.0698989 0.214172 0.250052 0.116298 0.00472023 0.193421 0.0438768 0.0835017 0.0253814 0.0280872 0.00336702 2.77556e-15
419.566 1.79302 191.622 148.94 1.00634 1.041 0.2 0.5 0.8 1.3 1.4 1.9 2.1 2.6 3.1 3.6 4.2 4.4 0.0536036 0.0930104 0.265197 0.0352974 0.27354 0.0391958 0.125736 0.0607521 0.0380308 0.0153724 1.44649e-09 0.00660831 0.0852049 0.0992895 0.207452 0.254718 0.0132607 0.167557 0.0350595 0.0845038 0.0456944 0.0272067 0.0210478 1.20346e-10
522.431 2.23261 248.413 205.731 1.0092 1.12456 0.1 0.4 0.9 1.2 1.6 1.7 2.3 3 3.6 4 5 5.3 0.0589043 0.114369 0.178527 0.234522 4.63383e-10 0.253182 0.0661946 0.0714451 0.0291091 1.13679e-11 5.70597e-11 0.0029425 0.0481853 0.13524 0.263915 0.106674 0.206582 0.0188672 0.16631 0.0675113 0.0713131 3.81378e-11 0.0256597 0.0142995
493.1 2.10727 233.448 190.766 1.00665 1.06253 0.3 0.4 0.9 1.3 1.6 1.9 2.3 2.8 3.4 4 4.1 4.9 0.0807598 0.062767 0.339952 0.114554 0.0710757 0.209999 2.0525e-11 0.105383 0.00207687 0.020078 2.25993e-11 3.01115e-11 0.138499 0.0427257 0.27921 0.0990856 0.195999 0.0495381 0.094347 0.0908948 0.030213 0.0300158 0.0119984 3.38738e-10
420.496 1.79699 192.195 149.513 1.00602 1.03606 0.2 0.5 0.8 1.2 1.4 1.8 2.2 2.7 3.2 3.7 4.2 4.4 0.0521218 0.100273 0.248341 0.0642221 0.232952 0.0853968 0.120578 0.0497751 0.0378745 0.00632707 0.00815829 6.86229e-13 0.0830603 0.11028 0.179387 0.18352 0.0833943 0.157178 0.0864871 0.0728681 0.0409373 0.0212837 0.0176647 4.49302e-11
420.554 1.79724 192.231 149.549 1.00624 1.04047 0.2 0.4 0.8 1.3 1.6 2 2.3 2.8 3.3 3.8 4.3 4.4 0.033358 0.0981719 0.275408 0.20707 0.136549 0.0733862 0.0919871 0.0464222 0.0327471 0.00335201 0.00778659 3.42443e-12 0.0707122 0.0876963 0.247011 0.215538 0.0911171 0.134339 0.0479941 0.0773794 0.0305623 0.0248662 0.0132579 5.04882e-11
767.308 3.27909 347.971 305.29 1.00533 1.30321 0.1 0.4 0.6 1.2 1.7 1.8 2.4 2.8 3.3 3.5 4.4 4.9 0.0820847 2.77852e-10 0.186062 0.364277 4.84222e-11 0.228345 0.0404609 0.0609646 1.25958e-09 0.0431406 1.32482e-11 2.94729e-11 0.0609816 5.54589e-11 0.250537 0.343869 5.86492e-12 0.196619 0.0570202 0.150367 0.102082 1.86873e-11 0.0658126 0.0759197
2071.55 8.85276 605.201 562.519 1.00706 1.73982 0.1 0.5 0.9 1.1 1.5 1.9 2.5 2.8 3.2 3.8 4.2 5.3 0.0651334 0.12964 0.0810553 0.281427 0.180859 0.0968824 0.0366404 0.123979 5.58631e-12 1.16795e-13 1.60483e-12 0.0114454 0.0369923 0.110028 0.183896 0.159734 0.328356 0.19756 0.0401021 0.0231218 0.152559 0.292267 0.215203 1.41387e-13
1542.42 6.59154 528.81 486.128 1.00336 2.09477 0.1 0.5 0.9 1.3 1.6 2 2.5 3 3.6 4.1 4.6 5.9 0.0778968 0.115096 0.183638 0.255101 0.105835 0.153017 0.0120416 0.0818741 0.018855 1.04026e-10 1.92442e-11 4.33437e-12 0.0433279 0.139789 0.204776 0.302388 0.145578 0.228327 0.00778663 0.059841 0.303766 0.252908 8.22911e-09 0.406287
501.111 2.1415 237.622 194.94 1.00912 1.04664 0.0001 0.4 0.7 1 1.4 1.7 2.1 2.6 3.2 3.5 3.8 5.3 0.0484988 0.134358 2.94265e-11 0.30263 0.136901 0.197443 0.06265 0.0422355 0.0709636 0.0083265 1.23232e-11 0.0051157 0.0350462 0.139518 0.100236 0.215792 0.143698 0.127769 0.111696 0.0699915 0.0716201 6.96487e-11 0.0143708 0.0169011
499.001 2.13248 236.529 193.847 1.00877 1.16566 0.0001 0.4 0.9 1.1 1.6 2 2.4 2.9 3.4 3.9 4 5.2 0.0495918 0.130319 0.115472 0.243181 0.244883 0.092504 0.0239938 0.0574945 0.0477071 0 0 0.00362264 0.0403173 0.153227 0.19429 0.160038 0.229762 0.0424444 0.138301 0.0574168 0.0548523 0.0308957 0.0174837 0.0466302
508.083 2.1713 241.201 198.519 1.00673 0.99977 0.0001 0.3 0.7 1.1 1.6 1.7 2.3 2.7 3.2 3.3 4.2 4.8 0.0252779 0.122556 0.0849312 0.335585 3.59799e-10 0.280185 0.0475553 0.0365334 0.0194727 0.0546368 3.47035e-11 9.51905e-13 0.0057898 0.139672 0.159362 0.260538 0.00578252 0.226798 0.10081 0.0309241 0.0602613 0.00983192 3.48966e-11 2.85799e-12
1953.83 8.34969 590.048 547.366 1.01139 1.85613 0.3 0.4 0.8 0.9 1.4 1.8 2.2 2.6 3.2 3.8 4.3 5.4 0.0659883 0.0740491 0.164746 0.142594 0.245574 0.0990346 0.0864881 0.0623613 0.0546681 5.55112e-16 1.08802e-14 0.0158851 0.07246 0.0481247 0.00111902 0.286027 0.349601 0.23325 0.0726989 0.03527 0.199754 0.331894 0.225932 3.08642e-14
453.994 1.94014 212.047 169.365 1.00572 1.1226 0.3 0.4 0.8 0.9 1.5 1.8 2.2 2.7 3.2 3.4 4.3 4.4 0.0369562 0.123578 1.85749e-09 0.320229 0.262117 0.0368228 0.121076 0.0567086 0.0210258 0.0189462 0.00825784 6.41154e-14 0.15508 0.0153008 3.81341e-09 0.315768 0.246876 0.0218879 0.180871 0.0138894 0.116124 4.92106e-13 0.0567981 5.86753e-14
498.876 2.13195 236.464 193.782 1.00881 1.1059 0.1 0.3 0.9 1.2 1.5 1.7 2.2 2.7 3.3 3.7 3.8 5.2 0.0221183 0.13772 0.206738 0.214453 1.13084e-08 0.258731 0.0471803 0.0502492 0.0675865 4.11893e-14 1.25938e-12 0.00403684 0.0101795 0.1552 0.311908 0.0170061 0.236984 0.0334118 0.133282 0.0844803 0.047024 2.28645e-12 0.0413487 0.0350727
483.175 2.06485 228.182 185.5 1.00634 1.04386 0.2 0.4 0.8 1.1 1.5 1.8 2.2 2.8 3.3 3.9 4.2 4.9 0.0351658 0.107305 0.180625 0.267225 9.42779e-09 0.266411 0.02332 0.104716 4.61575e-13 0.0215677 4.38538e-15 7.04086e-10 0.0914019 0.0618514 0.213945 0.142386 0.213286 0.0360296 0.140352 0.074164 0.0325347 0.0241297 0.0137786 1.79908e-09
487.546 2.08353 230.514 187.832 1.00671 1.02271 0.2 0.5 0.8 1.2 1.7 1.9 2.4 2.8 3.4 3.9 4 5 0.0610572 0.0809448 0.234723 0.238416 0.0575071 0.206926 5.7887e-13 0.105186 9.65394e-13 0.021949 9.64759e-10 7.44586e-11 0.0805031 0.121381 0.157478 0.241206 0.138276 0.0821439 0.0907716 0.0513889 0.0395928 2.25453e-07 0.0199711 3.33122e-13
419.951 1.79466 191.859 149.178 1.00619 1.04154 0.2 0.4 0.7 0.9 1.3 1.7 2.2 2.7 3.3 3.8 4.3 4.4 0.044012 0.0607115 0.194079 0.103031 0.237463 0.143082 0.118365 0.0579578 0.0376409 0.00183448 0.0080096 4.05981e-09 0.0982138 0.0371818 0.131592 0.14638 0.21995 0.134922 0.117246 0.0830304 0.0318849 0.0305631 0.0105777 7.30934e-10
419.607 1.79319 191.647 148.965 1.00641 1.03773 0.2 0.4 0.7 1.2 1.4 1.8 2.2 2.8 3.4 4 4.4 4.3 0.0583722 0.0175098 0.287623 0.140096 0.188223 0.091078 0.124486 0.0609786 0.0297484 0.00115859 0.00713375 2.9024e-09 0.0846371 0.0383524 0.227881 0.221489 0.0679053 0.15235 0.0987606 0.0822328 0.0368286 0.0194723 3.21916e-07 0.00781922
