Chi2   rChi2   BIC   AIC    Qichtot    Qimtot  R[0]  R[1]  R[2]  R[3]  R[4]  R[5]  R[6]  R[7]  R[8]  R[9]  R[10]  R[11]  Q0ch    Q1ch    Q2ch    Q3ch    Q4ch    Q5ch    Q6ch    Q7ch    Q8ch    Q9ch    Q10ch    Q11ch    Q0m    Q1m    Q2m    Q3m    Q4m    Q5m    Q6m    Q7m    Q8m    Q9m    Q10m    Q11m
557.391 2.56862 246.742 219.099 1.012 1.0374 0.3 0.5 1.1 1.4 1.5 2 2.1 2.9 3.4 3.9 4.5 5 0.0128468 0.37427 3.40243e-06 0.304562 0.205338 2.02782e-10 1.1522e-09 0.114979 0 0 0 0 0.117955 0.201398 0.25094 0.208574 1.32498e-05 1.34491e-05 0.200967 0.0575399 0 0 0 0
571.017 2.63141 252.393 224.751 1.008 1.0386 0.2 0.4 0.5 1 1.4 1.7 1.9 2.9 3.2 3.8 4.3 4.8 0.0369664 0.00124395 0.308974 0.0862202 0.357125 0.111619 0.0015977 0.104257 0 0 0 0 0.136233 0.000340565 0.0796108 0.449075 1.60054e-07 3.5582e-07 0.294293 0.0790438 0 0 0 0
548.188 2.52621 242.846 215.203 1.02163 1.06664 0.3 0.7 0.9 1.3 1.6 2.2 2.3 3.1 3.5 4.1 4.7 5.3 0.19396 0.000644289 0.324702 0.0838784 0.290413 0.0302078 2.149e-09 0.0978237 0 0 0 0 0.170569 0.251352 0.000457459 0.277442 0.147188 0.00558673 0.170725 0.0433213 0 0 0 0
582.996 2.68662 257.252 229.609 0.99799 1.03395 0.3 0.5 0.7 1 1.5 1.8 2 2.9 3.1 3.7 4.2 4.7 0.14452 0.0598134 0.0159096 0.449601 7.94163e-06 0.223825 0.0248974 0.0794159 0 0 0 0 0.212546 0.00582903 0.000530763 0.417197 0.098637 1.52347e-06 0.233989 0.0652166 0 0 0 0
583.198 2.68755 257.333 229.69 0.999494 1.03393 0.0001 0.4 0.6 0.8 1.5 1.9 2.1 2.9 3.1 3.7 4.3 4.8 0.0807166 0.000647184 0.0115011 0.465346 0.228955 0.111457 0.0184736 0.0823979 0 0 0 0 0.10979 3.18043e-07 9.30072e-07 0.430148 0.258178 1.95732e-08 0.174991 0.060826 0 0 0 0
546.641 2.51908 242.185 214.542 1.02336 1.08446 0.2 0.5 0.9 1.3 1.6 2.2 2.3 3.2 3.5 4.1 4.6 5.1 0.0691326 0.239972 0.0695833 0.369922 0.110417 0.0765265 0.0024514 0.0853523 0 0 0 0 0.0519994 0.302524 0.0349412 0.360394 0.0909365 7.2232e-05 0.19719 0.0464031 0 0 0 0
552.336 2.54533 244.61 216.967 1.01661 1.05373 0.3 0.5 0.4 1.1 1.5 2 2.2 3 3.3 3.8 4.4 5 0.0724006 0.255313 0.00514765 0.19303 0.349659 0.0354121 1.24382e-06 0.105647 0 0 0 0 0.00808316 0.0375987 0.263003 0.297625 0.209304 0.00155855 0.185481 0.0510731 0 0 0 0
544.301 2.5083 241.181 213.538 1.02579 1.10566 0.3 0.5 0.3 1.2 1.5 2.1 2.6 3.4 3.5 4.1 4.6 5.1 0.0475203 0.279087 0.0208342 0.207278 0.333605 7.36796e-06 0.0801422 0.0573198 0 0 0 0 0.0907609 0.256427 0.00129602 0.314579 0.154931 0.152764 0.0982174 0.0366882 0 0 0 0
546.895 2.52025 242.293 214.651 1.02308 1.08626 0.3 0.5 1.1 1.4 1.5 2 2.3 3.2 3.4 3.9 4.4 5 0.101968 0.216301 0.17026 0.320842 0.0346478 0.0474569 0.0464352 0.0851696 0 0 0 0 0.0861106 0.265805 0.137789 0.340776 7.50408e-05 0.0133241 0.195727 0.0466569 0 0 0 0
584.515 2.69362 257.86 230.218 0.994964 1.02734 0.3 0.1 0.8 1.3 1.6 0.3 2.1 2.8 3.2 3.7 4.3 4.9 0.0283049 0.0678913 0.464954 1.7141e-07 0.317843 0.000115525 0.0211902 0.0946652 0 0 0 0 0.188579 3.89985e-09 0.270195 0.225006 0.118779 0.00200208 0.15631 0.0664699 0 0 0 0
546.176 2.51694 241.986 214.343 1.02884 1.09696 0.0001 0.4 0.7 0.8 1.5 2 2.4 3.3 3.2 3.7 4.2 4.8 0.0955497 0.0296646 0.00173854 0.37015 0.383615 0.00232795 0.0686654 0.0771265 0 0 0 0 0.0431728 0.163072 0.000530058 0.288328 0.377854 7.67441e-05 0.183462 0.0404668 0 0 0 0
552.498 2.54607 244.679 217.036 1.01677 1.05414 0.3 0.5 1.2 1.5 1.6 2.1 2.2 3 3.5 4 4.6 5.2 0.0551881 0.297015 0.216553 0.256563 0.0608883 0.0247228 2.73925e-07 0.105844 0 0 0 0 0.10009 0.239842 0.343337 0.0803551 0.0453764 0.0270212 0.166758 0.0513572 0 0 0 0
560.723 2.58398 248.137 220.494 1.01456 1.02222 0.0001 0.6 0.4 1.2 1.5 2.1 2 2.9 3.5 4 4.5 5.1 0.0393327 0.328453 0.0471587 0.0500189 0.436633 4.36194e-05 6.74454e-08 0.112916 0 0 0 0 0.0649416 0.219258 0.065211 0.370744 0.0267491 0.11363 0.111744 0.0499435 0 0 0 0
557.433 2.56881 246.759 219.117 1.01173 1.03805 0.3 0.5 1.1 1.4 1.5 2 2.1 2.9 3.3 3.8 4.3 4.8 0.0160394 0.368194 0.0123768 0.275473 0.225098 4.31925e-07 9.34422e-10 0.114547 0 0 0 0 0.120699 0.195806 0.267072 0.157607 0.0397686 4.9238e-06 0.198728 0.0583645 0 0 0 0
583.245 2.68776 257.351 229.709 0.999579 1.03491 0.0001 0.6 0.7 0.8 1.5 1.8 2.1 2.9 3.1 3.7 4.3 4.9 0.0820861 2.40072e-08 1.41782e-07 0.481408 0.197567 0.120117 0.0354281 0.0829733 0 0 0 0 0.109812 1.3336e-09 5.12317e-11 0.430256 0.258234 3.31356e-10 0.175323 0.0612868 0 0 0 0
559.338 2.5776 247.558 219.915 1.01104 1.0334 0.3 0.4 0.5 1.1 1.4 1.8 2 2.9 3.4 4 4.5 5.1 0.000700311 0.0555024 0.323218 7.23411e-08 0.468861 0.0526179 2.47043e-09 0.110138 0 0 0 0 0.172745 0.000443437 0.0978782 0.418605 0.0313259 0.000112187 0.250909 0.0613844 0 0 0 0
17407.6 80.2195 1052.03 1024.39 1.62825 2.22477 0.3 0.5 1 1.2 1.2 2 2.7 3 3.6 4.2 4.7 5.3 1.92868e-12 7.3419e-13 3.03313e-13 2.67897e-12 2.67891e-12 0.5975 0.966583 0.0641676 0 0 0 0 0.249238 0.0337705 0.448042 0.252011 0.154176 0.592346 7.72586e-11 0.495191 0 0 0 0
548.022 2.52545 242.775 215.133 1.02173 1.06755 0.2 0.6 0.9 1.3 1.6 2.2 2.3 3.1 3.6 4.2 4.7 5.2 0.137804 0.0493534 0.368361 0.0111719 0.332808 0.0235289 5.37659e-05 0.0986451 0 0 0 0 0.0950244 0.299774 0.0109775 0.314158 0.121047 0.0300148 0.152316 0.0442356 0 0 0 0
577.385 2.66076 254.989 227.346 1.00289 1.05046 0.2 0.3 0.8 1.4 1.6 1.9 2.2 3 3.3 3.9 4.4 4.9 0.108156 8.97162e-05 0.41997 0.233408 2.67283e-06 0.140436 0.0253755 0.0754521 0 0 0 0 3.90273e-06 0.189344 0.286967 0.296708 0.0454528 1.11662e-07 0.178305 0.0536739 0 0 0 0
552.554 2.54633 244.702 217.06 1.01654 1.05559 0.3 0.5 0.4 1.1 1.5 2.1 2.2 3 3.4 4 4.5 5 0.0654299 0.27384 0.000554506 0.172744 0.373849 0.0242717 2.59077e-08 0.105855 0 0 0 0 0.113027 0.198321 0.00864115 0.27952 0.218126 6.21418e-08 0.185657 0.0522958 0 0 0 0
547.934 2.52504 242.738 215.095 1.02331 1.07895 0.3 0.4 0.9 1.3 1.6 2.2 2.3 3.2 3.5 4.1 4.7 5.2 0.198556 0.00118413 0.294209 0.150563 0.237354 0.000625101 0.0578511 0.082963 0 0 0 0 4.18519e-08 0.292077 0.141914 0.281763 0.127727 5.23724e-09 0.188747 0.0467204 0 0 0 0
583.008 2.68667 257.256 229.614 0.999886 1.03573 0.0001 0.5 0.8 0.7 1.5 1.9 2.1 2.9 3.1 3.6 4.2 4.8 0.0822234 1.07954e-07 0.47997 7.01067e-08 0.216077 0.136992 3.06566e-06 0.0846216 0 0 0 0 0.109834 5.63074e-10 0.430342 2.15097e-08 0.25828 7.82692e-09 0.17561 0.061661 0 0 0 0
544.568 2.50953 241.296 213.653 1.02595 1.09465 0.2 0.5 0.8 1.3 1.6 2.2 2.4 3.3 3.5 4.1 4.7 5.3 0.05128 0.290568 0.00435322 0.41185 0.112337 0.0142575 0.067362 0.0739404 0 0 0 0 0.0884268 0.169389 0.196359 0.199447 0.222677 4.38592e-05 0.177497 0.0408055 0 0 0 0
582.856 2.68597 257.196 229.553 1.00032 1.03545 0.0001 0.6 0.7 0.9 1.5 1.6 2.1 3 3.1 3.7 4.3 4.8 0.0830153 0.0930304 0.0228394 0.407852 5.51402e-09 0.219392 0.110849 0.0633391 0 0 0 0 0.101787 0.13114 1.88233e-07 0.329082 0.225475 6.90594e-06 0.190231 0.0577298 0 0 0 0
563.203 2.59541 249.169 221.527 1.0172 1.04501 0.0001 0.7 0.8 1.1 1.6 2 2.4 3.2 3.3 3.8 4.3 4.9 0.101484 0.0156597 0.278552 0.32194 3.40084e-07 0.2344 1.39386e-07 0.0651596 0 0 0 0 0.0923949 0.35524 6.10008e-07 0.116132 0.314029 8.46136e-08 0.139644 0.0275691 0 0 0 0
549.091 2.53037 243.231 215.589 1.02054 1.06967 0.0001 0.6 0.7 1.3 1.7 2.2 2.3 3.1 3.5 4 4.6 5.2 0.0836256 0.100448 0.227441 0.306419 0.178807 0.0269652 0.000406447 0.0964255 0 0 0 0 0.0688264 0.338157 1.36493e-09 0.330123 0.118303 5.73454e-09 0.167262 0.0470017 0 0 0 0
546.992 2.5207 242.335 214.692 1.02273 1.08433 0.0001 0.5 0.3 1.2 1.5 2.1 2.3 3.2 3.5 4 4.5 5 0.0266888 0.288231 0.0228433 0.258713 0.274704 9.9162e-07 0.0686004 0.0829445 0 0 0 0 0.00279728 0.272953 0.07865 0.276479 0.209102 7.39242e-09 0.198456 0.0458916 0 0 0 0
573.894 2.64467 253.57 225.927 1.00614 1.04231 0.0001 0.6 0.9 1.5 1.6 1.5 2.2 3.1 3.3 3.9 4.5 5.1 0.0834758 0.10191 0.422313 4.88269e-05 0.230817 2.64549e-05 0.109037 0.0585129 0 0 0 0 0.0959565 0.166101 0.281359 0.271178 1.77246e-09 0.00148317 0.180427 0.0458063 0 0 0 0
558.756 2.57491 247.314 219.672 1.01216 1.03226 0.3 0.4 0.5 1.1 1.5 2 2.1 2.9 3.4 3.9 4.5 5.1 0.00137004 0.0895621 0.270146 0.117859 0.421208 2.83768e-10 1.98053e-12 0.112017 0 0 0 0 0.11266 0.146534 0.00502566 0.434106 0.0269147 0.23073 0.0163079 0.0599845 0 0 0 0
582.96 2.68645 257.237 229.594 0.99809 1.02907 0.2 2.77556e-17 0.7 1.2 1.5 1.9 2 2.9 3.2 3.7 4.2 4.8 0.00323631 0.0715515 0.348013 0.286949 0.0133114 0.197516 0.000668492 0.0768441 0 0 0 0 0.128358 0.00609032 0.250586 0.331961 0.00676055 4.72263e-06 0.244157 0.0611537 0 0 0 0
582.523 2.68444 257.062 229.419 0.998202 1.0445 0.2 0.7 0.8 0.7 1.5 1.6 2.2 2.9 3.3 3.9 4.4 5 0.101358 0.0191932 0.428582 0.000352292 0.0920389 0.231288 0.0418983 0.0834918 0 0 0 0 0.134924 0.042643 0.313787 0.0220252 0.319426 6.50396e-05 0.151946 0.0596851 0 0 0 0
583.409 2.68852 257.417 229.775 0.997585 1.03159 0.0001 0.6 0.7 1.1 1.5 2 1.9 2.9 3.1 3.7 4.3 4.8 0.0758181 0.00804488 0.313484 0.249412 0.0899556 4.9706e-05 0.183787 0.0770333 0 0 0 0 0.0905039 0.235978 0.000854239 0.330793 0.0747328 0.23461 1.15349e-08 0.0641148 0 0 0 0
546.744 2.51956 242.229 214.586 1.02311 1.08069 0.2 0.6 0.8 1.4 1.6 2.2 2.3 3.2 3.5 4 4.6 5.1 0.109658 0.1696 0.148804 0.382309 0.058581 0.016023 0.0553718 0.0827607 0 0 0 0 0.0955626 0.279606 0.055179 0.40847 2.67588e-07 6.02493e-07 0.196602 0.0452743 0 0 0 0
537.044 2.47486 238.04 210.398 1.02869 1.15552 0.3 0.4 0.5 1.2 1.5 2 3.7 2.8 3.3 3.9 4.5 5 0.0650221 0.0130616 0.268286 0.220761 0.303414 0.0354286 0.0386377 0.0840817 0 0 0 0 0.109629 0.00314434 0.220781 0.407753 0.0227609 0.238312 0.0343033 0.118837 0 0 0 0
537.441 2.47669 238.213 210.571 1.02958 1.1484 0.0001 0.6 1.1 1.4 1.5 1.9 3.7 2.7 3.3 3.9 4.4 4.9 0.0586916 0.355142 3.21944e-08 0.197423 0.281554 1.65691e-07 0.0404344 0.0963342 0 0 0 0 0.0774459 0.293304 0.239235 0.00110225 0.156125 0.20082 0.0402976 0.140072 0 0 0 0
580.624 2.67569 256.298 228.655 1.00182 1.03458 0.0001 0.6 0.8 0.9 1.5 1.9 2.1 3 3.1 3.7 4.2 4.7 0.0986552 0.0114065 0.0587147 0.469507 0.0660156 0.229601 2.16178e-06 0.0679164 0 0 0 0 0.101857 0.130726 4.50593e-06 0.329487 0.225306 9.53805e-10 0.190133 0.0570637 0 0 0 0
546.731 2.5195 242.223 214.581 1.02321 1.08082 0.2 0.6 0.8 1.4 1.6 2.2 2.3 3.2 3.5 4.1 4.7 5.2 0.118813 0.113046 0.214793 0.32381 0.104718 0.000501535 0.0645165 0.0830083 0 0 0 0 0.0956229 0.279304 0.0554952 0.408394 6.32071e-06 1.97795e-08 0.196646 0.0453522 0 0 0 0
592.377 2.72985 260.987 233.344 0.989224 1.01899 0.2 0.4 0.5 0.8 1.4 1.7 1.9 2.7 3.1 3.6 4.2 4.8 0.0447013 0.0855828 0.0523337 0.321924 0.216965 0.163941 1.89824e-05 0.103757 0 0 0 0 0.139377 0.000382969 3.24783e-05 0.372668 0.217981 2.45792e-06 0.200271 0.0882795 0 0 0 0
555.423 2.55955 245.914 218.272 1.01472 1.05564 0.0001 0.5 0.9 1.4 1.5 1.9 2.1 3 3.2 3.7 4.3 4.9 0.0374797 0.282419 0.106091 0.391483 0.0157432 0.0800748 6.81036e-05 0.101365 0 0 0 0 0.0824485 0.153647 0.289348 0.250515 1.72319e-05 2.44588e-07 0.217696 0.0619701 0 0 0 0
584.91 2.69544 258.018 230.376 0.996381 0.986533 0.3 0.4 0.7 1.2 1.5 1.9 1.8 2.7 3.3 3.8 4.4 5 2.15285e-08 0.256637 0.122789 0.15198 0.352466 4.12672e-10 1.32605e-08 0.112509 0 0 0 0 0.180021 4.82349e-09 0.192271 0.32471 1.04091e-10 0.19601 0.0260876 0.0674336 0 0 0 0
17361.4 80.0066 1051.41 1023.76 1.68834 2.10086 0.0001 0.4 0.9 1 1.6 2.1 1.9 2.9 3.5 4.1 4.7 5.2 1.02073e-10 6.28997e-10 1.41927e-09 3.11608e-10 1.67608e-10 0.905658 5.54592e-06 0.782679 0 0 0 0 0.117225 0.0943868 0.169843 0.622656 0.0244867 0.00156789 0.615764 0.454927 0 0 0 0
17385.8 80.1188 1051.74 1024.09 1.6549 2.00452 0.2 0.5 0.9 1.2 1.7 1.9 2 2.8 3.2 3.8 4.3 4.9 1.22125e-15 4.62569e-12 4.27935e-13 4.55552e-12 1.80522e-13 1.15388e-09 0.826493 0.828405 0 0 0 0 0.184278 0.00746799 0.642321 0.109368 0.317797 0.235194 0.090721 0.417377 0 0 0 0
17576.1 80.9957 1054.28 1026.64 1.65738 1.97623 0.2 0.9 0.8 0.8 1.7 1.9 2 2.8 3.2 3.8 4.4 5 2.2593e-14 2.63128e-12 2.72837e-12 2.72837e-12 2.28151e-14 3.34777e-12 0.816663 0.840721 0 0 0 0 0.181856 0.698818 5.97844e-12 7.63994e-12 0.517586 1.49561e-10 0.15206 0.425912 0 0 0 0
17379.4 80.0893 1051.65 1024.01 1.67338 2.11392 0.2 0.5 1.1 1.3 2 2.2 2.9 3 3.7 4.3 4.8 5.3 3.33067e-16 3.66374e-15 2.38698e-14 2.22045e-16 0.35685 0.569906 0.746627 7.48512e-13 0 0 0 0 0.135539 0.199416 0.748115 0.0265448 0.578809 3.63711e-09 0.226902 0.198597 0 0 0 0
17379.5 80.0898 1051.65 1024.01 1.65667 2.01072 0.0001 0.4 0.8 0.9 1.6 1.9 2 2.8 3.2 3.8 4.3 4.8 4.67959e-14 1.68754e-14 1.02085e-13 4.00746e-12 1.73078e-12 2.12154e-09 0.825999 0.830672 0 0 0 0 0.139255 0.000673799 0.198829 0.5398 0.301692 0.404587 0.000894485 0.424985 0 0 0 0
17366.7 80.0309 1051.48 1023.84 1.68682 2.09284 0.0001 0.8 0.9 1 1.6 2 2.1 2.9 3.4 3.9 4.5 5.1 2.4661e-11 3.7775e-11 5.53465e-11 9.20536e-12 7.82067e-11 1.63886e-05 0.90528 0.781524 0 0 0 0 0.143516 0.206284 0.382693 0.178193 0.32479 0.415131 0.000126491 0.442107 0 0 0 0
588.981 2.7142 259.642 231.999 0.99395 1.02387 0.0001 0.5 0.6 0.9 1.5 1.3 1.9 2.8 3.1 3.6 4.2 4.8 0.0613644 0.0162946 0.188706 0.294031 0.231973 7.1647e-07 0.113072 0.0885087 0 0 0 0 0.0962584 0.0999031 0.000532608 0.359512 2.06061e-05 0.127704 0.265051 0.0748916 0 0 0 0
552.696 2.54698 244.762 217.12 1.01704 1.05416 0.3 0.5 0.9 1.4 1.5 1.9 2.2 3 3.3 3.8 4.4 5 0.0382287 0.326296 0.0194096 0.474963 0.00125121 0.0381281 0.0126544 0.106106 0 0 0 0 0.136864 0.146042 0.190764 0.329911 0.00959604 8.41674e-05 0.19039 0.0505078 0 0 0 0
559.681 2.57918 247.701 220.059 1.01128 1.03189 0.3 0.4 0.5 1.1 1.4 1.8 2 2.9 3.3 3.8 4.4 5 0.000278535 0.0729687 0.300035 0.0201399 0.448307 0.060181 1.3346e-05 0.109356 0 0 0 0 0.160062 0.0318398 0.0773977 0.421935 0.0289944 0.00105118 0.250062 0.0605507 0 0 0 0
568.31 2.61894 251.282 223.639 1.01303 1.04137 0.2 0.6 0.8 1.1 1.6 1.5 2.3 3.2 3.2 3.8 4.4 4.9 0.111558 0.019393 0.346905 0.134313 0.240105 4.19399e-07 0.106402 0.0543531 0 0 0 0 0.100117 0.274282 3.33698e-07 0.173445 1.89789e-10 0.290886 0.169401 0.0332353 0 0 0 0
561.871 2.58927 248.615 220.972 1.00916 1.04026 0.2 0.5 0.9 1.4 1.5 1.9 2 2.9 3.3 3.8 4.3 4.8 0.0500991 0.263485 0.147507 0.00236834 0.436687 9.45431e-06 4.99702e-07 0.109009 0 0 0 0 0.14198 0.0447012 0.374729 0.175656 0.000503784 1.43542e-06 0.233536 0.0691544 0 0 0 0
559.678 2.57916 247.7 220.057 1.01048 1.03456 0.3 0.4 0.5 1.1 1.4 1.8 2 2.9 3.3 3.8 4.4 5 5.0099e-05 0.0660513 0.309771 0.0103959 0.459739 0.0543286 0.000825412 0.109321 0 0 0 0 0.166178 0.0269587 0.0724989 0.439665 0.00306921 0.0266182 0.236575 0.0629925 0 0 0 0
560.621 2.58351 248.094 220.451 1.01063 1.03077 0.3 0.4 0.5 1.1 1.4 1.8 2 2.9 3.3 3.9 4.5 5 0.000231067 0.107215 0.253868 0.0568148 0.413365 0.0680308 0.00350854 0.107599 0 0 0 0 0.171282 0.00324314 0.0962914 0.418345 0.0319274 3.31507e-05 0.250113 0.0595332 0 0 0 0
544.428 2.50889 241.236 213.593 1.02639 1.09624 0.3 0.5 0.8 1.3 1.5 2.1 2.4 3.3 3.4 3.9 4.4 5 0.106898 0.200196 0.0514276 0.364784 0.130234 0.0416007 0.0554159 0.0758342 0 0 0 0 0.182859 0.00580549 0.310055 7.85759e-06 0.371795 0.00607056 0.178616 0.041032 0 0 0 0
17379.4 80.0896 1051.65 1024.01 1.65668 2.01081 0.0001 0.8 0.9 0.8 1.6 1.9 2 2.8 3.3 3.9 4.4 5 2.38143e-14 8.31557e-13 4.38771e-12 8.31557e-13 8.11123e-12 4.27975e-10 0.826019 0.830663 0 0 0 0 0.139504 0.100135 0.538906 0.10009 0.301238 0.405907 4.28513e-08 0.425027 0 0 0 0
17380.4 80.094 1051.66 1024.02 1.65635 2.00978 0.0001 1 0.8 0.9 1.6 1.9 2 2.8 3.3 3.9 4.4 4.9 3.1386e-13 1.84519e-12 2.08489e-12 5.18252e-13 1.43838e-10 8.72996e-12 0.826133 0.830217 0 0 0 0 0.137778 0.172382 0.338326 0.239147 0.285734 0.412527 0.000156052 0.423729 0 0 0 0
17357.3 79.9877 1051.35 1023.71 1.64473 2.00716 0.0001 0.6 0.9 0.8 1.7 2 2.1 2.8 3.4 4 4.5 5 6.73017e-13 3.48999e-13 7.59393e-14 9.01501e-14 3.13959e-11 0.690212 0.133359 0.821157 0 0 0 0 0.139082 1.02784e-10 0.572835 0.176475 0.508614 0.185455 2.98567e-12 0.424698 0 0 0 0
17353.3 79.9693 1051.3 1023.66 1.66998 2.09828 0.0001 0.2 0.8 1.1 1.8 2.1 2.8 2.9 3.4 3.9 4.4 5 3.09197e-14 1.56863e-12 9.75364e-12 5.2694e-12 0.00678725 0.866699 0.2145 0.581993 0 0 0 0 0.138905 1.80821e-05 0.462271 0.393807 0.478062 0.176718 4.48402e-10 0.448499 0 0 0 0
560.959 2.58506 248.235 220.592 1.00968 1.03295 0.3 0.4 0.5 1 1.4 1.7 2 2.9 3.3 3.9 4.5 5 2.63642e-05 0.172067 0.156757 0.11981 0.329811 0.124267 2.7159e-06 0.106943 0 0 0 0 0.200266 0.0091712 0.0186387 0.38412 0.116752 9.27714e-05 0.240887 0.0630233 0 0 0 0
592.134 2.72873 260.891 233.248 0.98993 1.01951 0.0001 0.5 0.7 1.3 1.5 1.9 1.9 2.7 3.2 3.7 4.2 4.7 0.0316853 0.148765 0.272192 0.136965 0.248786 0.0155931 0.0306165 0.105328 0 0 0 0 0.0891656 0.0225994 0.333252 0.273223 0.000645934 0.117665 0.0953711 0.0875892 0 0 0 0
548.653 2.52835 243.045 215.402 1.02317 1.0961 0.2 0.7 0.9 1.6 1.5 2.1 2.3 3.2 3.3 3.9 4.5 5.1 0.126969 0.203468 0.160442 4.60305e-07 0.391984 2.33387e-07 0.0530855 0.0872257 0 0 0 0 0.139504 0.166374 0.231608 0.00828478 0.29859 0.0175028 0.180157 0.0540787 0 0 0 0
546.42 2.51807 242.09 214.448 1.02395 1.08535 0.3 0.5 1 1.4 1.5 2.1 2.3 3.2 3.5 4.1 4.7 5.3 0.145095 0.129087 0.212423 0.328801 0.018781 0.101826 0.000289603 0.0876505 0 0 0 0 0.100328 0.232719 0.143653 0.298944 0.0637152 7.60333e-07 0.199409 0.0465786 0 0 0 0
584.036 2.69141 257.669 230.026 0.997504 1.03151 0.0001 0.6 0.7 1.2 1.5 1.4 2 2.9 3.1 3.6 4.2 4.8 0.0686085 0.00770844 0.368744 0.189383 0.154237 2.10305e-06 0.13328 0.0755409 0 0 0 0 0.0912192 0.162635 0.125117 0.338021 0.00795632 5.09721e-05 0.243728 0.0627834 0 0 0 0
552.942 2.54812 244.867 217.224 1.01704 1.05875 0.0001 0.6 1.2 1.5 1.4 2 2.1 3 3.4 4 4.6 5.2 0.0554146 0.352662 0.0802659 0.385493 0.0156675 0.019609 0.000140985 0.107792 0 0 0 0 0.0817695 0.287814 0.296673 1.2401e-07 0.10157 1.9903e-09 0.230798 0.0601291 0 0 0 0
559.214 2.57702 247.506 219.863 1.01488 1.02535 0.3 0.5 0.9 1.4 1.5 2 2.1 2.9 3.4 4 4.6 5.1 0.00817962 0.383689 0.000572673 0.250551 0.256455 7.08374e-07 8.38658e-07 0.115427 0 0 0 0 0.20608 1.27937e-05 0.319747 0.245086 3.74553e-06 0.0298031 0.173999 0.0506135 0 0 0 0
568.282 2.61881 251.27 223.628 1.01075 1.05094 0.0001 0.6 0.7 1.2 1.5 1.7 2.2 3.2 3.1 3.7 4.3 4.9 0.0773675 9.288e-05 0.336733 0.300292 5.54417e-08 0.10917 0.133283 0.0538123 0 0 0 0 0.0786663 0.297235 7.30106e-07 0.277885 0.148323 9.40175e-08 0.204591 0.0442342 0 0 0 0
575.084 2.65016 254.054 226.411 1.00305 1.04378 0.2 0.6 0.8 1.2 1.6 1.3 2.2 3 3.3 3.9 4.5 5.1 0.10799 1.5465e-05 0.415933 0.0826476 0.249554 4.40457e-07 0.0755191 0.071388 0 0 0 0 0.0962413 0.296964 1.43604e-08 3.7798e-07 0.0653452 0.353519 0.183487 0.048227 0 0 0 0
528.885 2.43726 234.458 206.815 1.02149 1.23177 0.4 0.1 0.7 1.3 1.6 2.2 4 3 3.5 4 4.6 5.2 0.251774 0.000451022 0.125535 0.314406 0.188295 0.0424302 0.017826 0.0807688 0 0 0 0 1.56578e-06 0.0997952 0.365318 0.215828 0.185887 0.192419 0.0508634 0.121654 0 0 0 0
590.964 2.72334 260.428 232.786 0.990616 1.01543 0.0001 0.6 0.7 1.4 1.5 1.9 2 2.7 3.2 3.8 4.3 4.8 0.0509659 0.113163 0.311801 0.16231 0.199125 0.0478318 1.13615e-05 0.105409 0 0 0 0 0.0902473 0.000451044 0.375739 0.308723 7.50111e-08 1.85537e-08 0.160206 0.0800592 0 0 0 0
546.644 2.5191 242.186 214.544 1.02366 1.08609 0.3 0.5 0.7 1.3 1.5 2.1 2.3 3.2 3.4 3.9 4.4 4.9 0.152439 0.0662569 0.143824 0.398879 0.0698625 0.104114 0.00118189 0.0871009 0 0 0 0 0.0979725 0.218204 0.0658075 0.348797 0.100453 0.018179 0.1894 0.0472735 0 0 0 0
544.87 2.51092 241.426 213.783 1.0262 1.09745 0.2 0.6 0.9 1.3 1.7 2.3 2.4 3.3 3.6 4.1 4.6 5.1 0.0995938 0.264669 3.28376e-05 0.401207 0.115894 0.00997135 0.0592516 0.0755753 0 0 0 0 0.0939554 0.304763 0.00806315 0.327241 0.145383 0.000119598 0.175631 0.0422901 0 0 0 0
597.518 2.75354 263.009 235.366 0.985489 1.00274 0.2 0.5 0.8 1 1.4 1.6 1.7 2.6 3.1 3.7 4.2 4.8 0.0405301 0.210933 0.213238 0.021701 0.223241 0.158496 0.000726952 0.116622 0 0 0 0 0.141504 0.0024225 0.298572 0.142357 0.000835037 1.60848e-05 0.31442 0.102617 0 0 0 0
535.241 2.46655 237.253 209.611 1.02716 1.17927 0.4 0.5 1.1 1.4 1.5 2.1 3.8 2.9 3.5 4 4.5 5.1 0.166652 0.173724 0.110687 0.292942 0.119304 0.0537788 0.0313196 0.0787478 0 0 0 0 0.280208 0.0340187 0.269769 0.219892 7.67788e-05 0.2272 0.0372677 0.110841 0 0 0 0
539.967 2.48833 239.31 211.668 1.02837 1.13388 0.3 0.4 0.6 1.2 1.5 2 2.7 3.6 3.3 3.9 4.5 5.1 0.00151919 0.220637 0.140173 0.165935 0.364633 1.92873e-07 0.0916079 0.0438702 0 0 0 0 0.15269 4.25303e-05 0.211056 0.318419 0.105635 0.19083 0.119668 0.0355423 0 0 0 0
552.623 2.54665 244.732 217.089 1.01636 1.05712 0.2 0.6 1.2 1.5 1.9 2.1 2.2 3 3.4 3.9 4.5 5 0.0830575 0.303058 0.154563 0.32533 0.0438367 2.03746e-06 1.71523e-09 0.106514 0 0 0 0 0.0995322 0.284072 0.238158 0.196269 2.32498e-09 1.70914e-11 0.185477 0.0536074 0 0 0 0
559.206 2.57699 247.503 219.86 1.01488 1.02536 0.3 0.5 0.9 1.4 1.5 2 2.1 2.9 3.3 3.9 4.5 5 0.00791004 0.384252 1.38649e-05 0.251617 0.255643 1.58602e-07 9.54408e-08 0.115441 0 0 0 0 0.206089 2.22827e-07 0.319753 0.245095 2.8079e-07 0.0297396 0.174073 0.0506136 0 0 0 0
558.373 2.57315 247.154 219.511 1.01023 1.03294 0.4 0.5 0.7 1.1 1.4 1.9 2.1 2.9 3.3 3.9 4.5 5 0.0990065 0.25239 0.0283899 0.000778464 0.478194 0.0426689 1.1402e-05 0.108789 0 0 0 0 0.287535 0.0178585 3.94996e-05 0.276654 0.192964 0.00646884 0.195441 0.0559756 0 0 0 0
569.498 2.62442 251.77 224.128 1.0016 1.0161 0.2 0.5 0.7 1.3 1.4 1.9 2 2.8 3.2 3.8 4.3 4.8 0.0222415 0.354726 0.00138571 8.39041e-05 0.483503 0.0305737 6.85774e-06 0.109077 0 0 0 0 0.120421 0.0141218 0.293241 0.280575 0.0420204 0.0012471 0.198056 0.066413 0 0 0 0
535.806 2.46915 237.5 209.858 1.02816 1.16058 0.3 0.5 1.1 1.4 1.5 2 3.8 2.8 3.4 4 4.5 5.1 0.0375386 0.333356 0.0655477 0.133968 0.327059 0.000136533 0.0301411 0.100415 0 0 0 0 0.13181 0.17642 0.339249 0.00200807 0.132164 0.216458 0.0394146 0.123052 0 0 0 0
550.386 2.53634 243.783 216.14 1.01991 1.07405 0.2 0.6 1 1.5 1.9 2.2 2.1 3.1 3.5 4 4.5 5 0.103598 0.223458 0.181181 0.365768 0.0112007 0.0389827 0.000819612 0.0948999 0 0 0 0 0.127052 0.170545 0.280207 0.238513 1.25302e-06 0.201149 5.39408e-07 0.0565861 0 0 0 0
558.414 2.57334 247.171 219.528 1.01078 1.03372 0.2 2.77556e-17 0.8 0.4 1.5 2.1 2.2 2.9 3.4 3.9 4.4 5 0.0220395 0.000133182 0.227897 0.207896 0.442167 2.00131e-09 1.8392e-10 0.110652 0 0 0 0 0.118865 0.000289942 0.356753 0.0373155 0.317962 7.52001e-08 0.149504 0.0530263 0 0 0 0
557.379 2.56857 246.737 219.094 1.01199 1.03743 0.3 0.5 1.2 1.4 1.5 2.1 1.9 2.9 3.5 4.1 4.6 5.1 0.0132566 0.373564 0.00245015 0.299154 0.208614 9.90181e-08 5.89362e-06 0.114945 0 0 0 0 0.107282 0.225718 0.355356 0.0734616 0.000830456 0.188156 0.0287594 0.0578633 0 0 0 0
537.536 2.47712 238.254 210.612 1.02933 1.1462 0.3 0.5 1 1.4 1.5 1.9 3.7 2.7 3.3 3.8 4.3 4.8 0.0340375 0.344641 2.14615e-07 0.375754 0.135496 1.39052e-06 0.0390976 0.100299 0 0 0 0 0.160599 0.107119 0.335581 0.000114153 0.159627 0.205584 0.0395689 0.138005 0 0 0 0
588.592 2.71241 259.487 231.844 0.994224 1.02528 0.0001 0.6 0.9 1.6 1.5 1.3 1.9 2.8 3.2 3.7 4.2 4.8 0.0685648 0.169887 0.349208 0.24418 0.000194317 4.38175e-06 0.0716037 0.0905821 0 0 0 0 0.104169 0.121453 0.323519 2.72245e-06 0.000580258 0.135548 0.264134 0.075873 0 0 0 0
545.622 2.51439 241.748 214.106 1.02544 1.09984 0.4 0.4 0.8 1.2 1.5 2.1 2.4 3.3 3.4 4 4.6 5.1 0.0179014 0.266403 0.0513796 0.28155 0.245216 0.0270107 0.0613294 0.0746501 0 0 0 0 0.203598 0.0824574 0.106115 0.211826 0.241626 0.051787 0.157649 0.0447777 0 0 0 0
582.443 2.68407 257.029 229.387 0.998082 1.04427 0.2 0.2 0.7 0.8 1.5 1.6 2.2 2.9 3.3 3.8 4.4 5 0.100785 0.00175357 0.00381587 0.445492 0.0803677 0.240718 0.041998 0.0831521 0 0 0 0 0.118855 0.01598 0.065639 0.312762 0.319548 9.68068e-05 0.151751 0.0596338 0 0 0 0
545.276 2.51279 241.6 213.957 1.02511 1.09501 0.3 0.5 0.9 1.4 1.5 2.1 2.4 3.3 3.5 4 4.6 5.2 0.0908459 0.230495 0.0777112 0.460145 0.0117754 6.96554e-07 0.0828261 0.0713113 0 0 0 0 0.126967 0.164894 0.190579 0.186527 0.181148 0.0417567 0.160645 0.0424919 0 0 0 0
546.864 2.52011 242.28 214.638 1.02301 1.08176 0.3 0.6 0.9 1.3 1.6 2.2 2.3 3.2 3.5 4.1 4.7 5.2 0.154519 0.166121 0.0713382 0.330491 0.149009 0.0155999 0.0528943 0.0830385 0 0 0 0 0.139207 0.24899 2.19411e-05 0.356191 0.0968917 4.38858e-06 0.194353 0.0460959 0 0 0 0
548.012 2.5254 242.771 215.128 1.02172 1.06755 0.2 0.6 0.9 1.3 1.6 2.2 2.3 3.1 3.6 4.2 4.8 5.4 0.138769 0.0446676 0.375407 0.00527901 0.3357 0.0231943 3.51057e-05 0.0986715 0 0 0 0 0.0950017 0.299908 0.0107285 0.314465 0.120823 0.0302642 0.152114 0.0442472 0 0 0 0
531.501 2.44931 235.612 207.97 1.02504 1.1968 0.3 0.5 0.8 1.2 1.5 2.1 3.9 2.9 3.5 4.1 4.6 5.2 0.112785 0.151388 0.169753 0.0445076 0.410776 0.0205105 0.0238564 0.0914587 0 0 0 0 0.193402 4.79317e-07 0.268055 0.144803 0.21944 0.203597 0.0449417 0.122564 0 0 0 0
546.521 2.51853 242.133 214.491 1.02435 1.08765 0.3 0.5 1.1 1.4 1.5 2 2.3 3.2 3.3 3.9 4.4 5 0.15334 0.121764 0.31391 0.186816 0.0256029 0.133166 9.97168e-06 0.0897396 0 0 0 0 0.0872269 0.263698 0.142038 0.331842 0.00588473 0.0135618 0.195718 0.0476802 0 0 0 0
576.967 2.65883 254.819 227.177 1.00272 1.0421 0.2 0.5 0.7 0.9 1.4 1.7 2.1 3 3.1 3.6 4.2 4.8 0.125891 7.21118e-05 0.00108728 0.506337 0.00738537 0.213045 0.0775807 0.0713218 0 0 0 0 0.123917 0.0969573 1.24455e-06 0.306154 0.245872 8.28501e-09 0.213964 0.0552328 0 0 0 0
546.564 2.51873 242.152 214.509 1.02365 1.0853 0.2 0.5 0.8 1.3 1.6 2.2 2.3 3.2 3.5 4.1 4.6 5.2 0.10102 0.129123 0.178345 0.305521 0.150771 0.0710513 0.00136079 0.0864589 0 0 0 0 0.0531705 0.295765 0.0346473 0.370147 0.0866387 0.00112098 0.197149 0.0466587 0 0 0 0
570.277 2.628 252.09 224.447 1.00508 1.00886 0.3 0.5 1 1.4 1.5 1.9 1.2 2.8 3.3 3.9 4.4 5 0.0206801 0.366641 1.8365e-07 0.318839 0.185246 5.939e-06 1.85338e-06 0.113661 0 0 0 0 0.214828 2.95448e-07 0.402242 2.2362e-08 1.00791e-07 0.269461 0.0572448 0.065082 0 0 0 0
17380.3 80.0937 1051.66 1024.02 1.68297 2.07684 0.2 0.6 0.9 1 1.4 2 2.1 2.9 3.3 3.9 4.4 4.9 5.46e-11 1.72743e-10 9.45393e-10 6.95333e-11 8.85529e-08 6.09016e-05 0.904371 0.778542 0 0 0 0 0.157163 0.195804 0.00228345 0.497006 0.308451 0.493173 1.52939e-06 0.422959 0 0 0 0
17366.9 80.032 1051.48 1023.84 1.68677 2.09257 0.0001 0.8 0.9 1 1.6 2 2.1 2.9 3.4 3.9 4.4 4.9 5.55112e-16 2.63739e-12 1.23734e-13 3.07177e-12 6.11511e-13 4.45718e-08 0.90528 0.781494 0 0 0 0 0.142776 0.259942 0.268825 0.242005 0.320622 0.416529 4.55768e-05 0.441827 0 0 0 0
17369.9 80.0457 1051.52 1023.88 1.68427 2.08619 0.0001 2.77556e-17 0.9 1 1.6 2 2.1 2.9 3.5 4.1 4.6 5.2 0 2.77556e-16 8.18789e-14 5.32907e-15 4.55475e-12 6.65883e-10 0.905428 0.778838 0 0 0 0 0.148064 9.7507e-07 0.764265 4.44961e-12 0.312645 0.42794 7.48679e-13 0.433278 0 0 0 0
17353.7 79.9708 1051.3 1023.66 1.66974 2.09804 0.2 0.2 0.8 1 1.8 2.1 2.8 2.9 3.4 3.9 4.5 5 4.89053e-14 4.89053e-14 9.9587e-14 4.03677e-13 0.00758296 0.865584 0.218448 0.57813 0 0 0 0 0.154237 0.0370097 0.152055 0.642872 0.490848 0.172716 4.6825e-09 0.448307 0 0 0 0
17357.3 79.9877 1051.35 1023.71 1.64473 2.00717 0.0001 0.8 0.9 0.8 1.7 2 2.1 2.8 3.4 3.9 4.4 4.9 2.11098e-12 6.03684e-13 4.60743e-15 1.92885e-12 3.02934e-10 0.690183 0.133384 0.821161 0 0 0 0 0.139082 0.164453 0.572841 0.0120186 0.508614 0.185458 1.33705e-08 0.424706 0 0 0 0
546.384 2.5179 242.075 214.432 1.02467 1.08794 0.2 0.6 0.4 1.2 1.4 1.9 2.3 3.2 3.3 3.9 4.4 4.9 0.0732395 0.104852 0.121677 0.452876 0.00234726 0.171318 0.00780695 0.0905514 0 0 0 0 0.0527989 0.230696 0.106048 0.104258 0.339315 0.0070971 0.200408 0.0473199 0 0 0 0
