Chi2   rChi2   BIC   AIC    Qichtot    Qimtot  R[0]  R[1]  R[2]  R[3]  R[4]  R[5]  R[6]  R[7]  R[8]  R[9]  R[10]  R[11]  Q0ch    Q1ch    Q2ch    Q3ch    Q4ch    Q5ch    Q6ch    Q7ch    Q8ch    Q9ch    Q10ch    Q11ch    Q0m    Q1m    Q2m    Q3m    Q4m    Q5m    Q6m    Q7m    Q8m    Q9m    Q10m    Q11m
408.455 1.74553 184.67 141.988 1.00473 1.16175 0.2 0.7 1.1 1.3 1.4 1.9 2.3 2.9 3.5 4.1 4.4 4.5 0.0637435 0.314643 1.00725e-09 0.175594 0.150555 0.111909 0.101927 0.0545068 0.0223997 0.00945468 1.50257e-08 5.52366e-11 0.101696 0.261509 0.111244 1.63634e-11 0.211977 0.158347 0.0905396 0.0984914 0.0711389 2.70721e-10 0.0568036 8.22205e-09
392.296 1.67648 174.216 131.534 1.00566 1.0385 0.0001 0.6 0.7 1.2 1.4 1.9 2.1 2.6 3.1 3.7 4.1 4.2 0.0396936 0.135304 0.182093 0.130909 0.222117 0.0578777 0.116617 0.0550093 0.0461819 0.00806905 0.0117886 1.50685e-12 0.0697964 0.17971 0.0831021 0.240841 0.108583 0.132561 0.0449882 0.107489 0.0280479 0.0242824 0.0190982 1.71463e-08
393.699 1.68247 175.14 132.458 1.00554 1.12632 0.1 0.4 0.7 1.1 1.4 1.8 2.1 2.7 3.2 3.6 4.2 4.6 0.0360871 0.0467095 0.276472 0.0819543 0.275219 0.0265268 0.149184 0.0595692 0.0359099 0.00575873 0.0121439 7.95142e-13 0.0491102 0.0969363 0.184763 0.178771 0.163349 0.105628 0.124489 0.0977746 0.0438064 0.0362923 0.0308819 0.0145144
393.072 1.67979 174.728 132.046 1.00558 1.06904 0.1 0.5 0.8 1.2 1.4 2 2.1 2.7 3.1 3.7 4.2 4.3 0.0370591 0.118853 0.255649 2.77818e-10 0.318681 0.00303074 0.162813 0.0483716 0.0402116 0.011544 0.00937152 6.19771e-10 0.0729877 0.106724 0.211419 0.0836261 0.242101 0.0710178 0.0990885 0.100439 0.020569 0.0403788 2.47661e-08 0.0206851
390.333 1.66809 172.917 130.235 1.00553 1.05397 0.1 0.5 0.7 1.2 1.4 1.9 2.3 2.8 3.1 3.9 4 5.3 0.0422948 0.0521852 0.270327 0.118816 0.221688 0.109582 0.104205 0.0200709 0.0489409 1.289e-10 0.0174178 5.16563e-10 0.0699194 0.0971841 0.16177 0.263292 0.0888489 0.141413 0.0855046 0.0869822 0.00807759 0.0492608 1.01901e-09 0.00172153
394.507 1.68593 175.671 132.989 1.0057 1.07152 0.0001 0.4 0.8 1.1 1.4 1.9 2.1 2.7 3.2 3.7 4.2 5 0.0197858 0.110447 0.287593 7.13796e-12 0.305217 0.0273163 0.140449 0.0623412 0.0339197 0.00813887 0.0104926 2.99094e-13 0.0522544 0.106561 0.231764 0.0609034 0.265629 0.0386274 0.13218 0.104555 0.0203059 0.0343372 0.0224694 0.00193054
393.96 1.68359 175.312 132.63 1.00547 1.06587 0.0001 0.3 0.6 1 1.4 1.5 2 2.5 3.1 3.8 4.1 4.9 0.0363271 2.06283e-09 0.251614 0.163598 0.232117 0.0331001 0.145901 0.0740744 0.0502122 0.00806435 0.0104589 1.20153e-11 0.0375433 0.0782452 0.131533 0.262148 4.17505e-08 0.226029 0.109797 0.117169 0.0519569 0.0258846 0.0212622 0.00429678
398.208 1.70174 178.09 135.408 1.00481 1.13776 0.2 0.5 0.9 1.3 1.6 2 2.3 2.9 3.4 4 4.5 4.6 0.042347 0.151002 0.253494 0.130896 0.189166 0.0431218 0.110078 0.0492558 0.0230827 0.0123633 1.42167e-10 5.94635e-13 0.0811371 0.132406 0.234585 0.144312 0.155635 0.0962328 0.0939715 0.0840558 0.053657 0.0269972 0.0225531 0.0122171
394.68 1.68667 175.785 133.103 1.00575 1.00393 0.1 0.6 0.8 1.2 1.5 1.9 2.4 2.8 3.1 3.8 4 4.7 0.0411207 0.220139 0.0884999 0.219813 0.135111 0.127046 0.101409 2.28446e-11 0.0552442 0.000654896 0.0167091 1.29647e-11 0.0770873 0.189648 0.0751665 0.250113 0.0990544 0.131381 0.0897977 0.0496202 0.0132608 0.0226025 0.00620261 5.25652e-12
399.122 1.70565 178.684 136.002 1.00468 1.1797 0.1 0.5 0.8 1.3 1.7 2 2.4 2.9 3.4 3.9 4.5 4.6 0.0338805 0.137252 0.217456 0.262823 0.100965 0.0928742 0.0778907 0.0459276 0.0228243 0.0102873 0.0025043 1.3951e-10 0.0608222 0.141192 0.190345 0.270581 0.0682187 0.154214 0.0657297 0.0911987 0.0585787 0.031635 0.0471874 2.35962e-09
406.076 1.73537 183.158 140.476 1.0049 1.20933 0.1 0.6 0.9 1.3 1.6 2 2.4 2.9 3.5 4.2 4.3 5.1 0.0405851 0.232676 0.122739 0.238845 0.0972437 0.119481 0.067744 0.05318 0.0230356 0.00937255 2.55241e-10 1.20086e-11 0.07187 0.207278 0.134856 0.235555 0.0644257 0.186389 0.0518572 0.111552 0.0623553 0.0440015 0.0222841 0.0169059
395.297 1.6893 176.19 133.508 1.00523 1.1179 0.1 0.6 0.7 1.2 1.3 1.9 2.3 2.8 3.4 4.1 4.5 5.1 0.043852 0.120275 0.195275 2.54291e-10 0.323127 0.151334 0.0716417 0.0600992 0.0282263 0.0113977 5.89917e-13 2.80909e-12 0.067889 0.205394 0.0694657 0.156682 0.164078 0.195187 0.0593596 0.0895174 0.0617773 0.0176907 0.0308633 1.46805e-12
397.074 1.6969 177.351 134.67 1.00524 1.1451 0.1 0.5 0.8 1.3 1.6 2 2.4 2.9 3.5 4.2 4.5 4.6 0.0343965 0.134621 0.222697 0.242895 0.0972802 0.119775 0.0682041 0.051803 0.0243019 0.00926581 8.20788e-13 1.93021e-11 0.0608623 0.140751 0.191192 0.260845 0.0585174 0.176267 0.0506748 0.0945707 0.0604773 0.0158754 0.035069 3.65543e-09
393.258 1.68059 174.85 132.168 1.00556 1.05868 0.0001 0.5 0.9 1.2 1.5 1.7 2.2 2.8 3 3.6 4.1 4.2 0.0276957 0.170202 0.254456 0.030126 0.277251 1.84119e-08 0.15555 0.0109972 0.0560208 0.0108756 0.0123895 7.98747e-11 0.0601909 0.159106 0.196168 0.128817 0.159228 0.0618219 0.142595 0.0895049 0.00214265 0.0341453 0.0123678 0.0125902
390.991 1.6709 173.353 130.671 1.00537 1.04394 0.2 0.3 0.7 1.1 1.4 2 2.2 2.8 3.1 3.9 4.1 4.8 0.0641102 6.39329e-10 0.308783 0.0512381 0.303572 0.0744181 0.105926 0.0396708 0.0391162 0.0132187 0.00531383 2.7834e-10 0.0875471 0.0310409 0.212601 0.152361 0.226426 0.106474 0.0785912 0.100695 1.18114e-10 0.0482033 1.38093e-10 4.18746e-09
398.279 1.70205 178.136 135.454 1.00453 1.22091 0.2 0.6 0.7 1.3 1.4 1.9 2.3 2.9 3.5 4 4.5 4.6 0.0626245 0.0205449 0.288229 0.245863 0.0751789 0.132763 0.089015 0.0600828 0.0188199 0.0103788 0.00103408 2.30815e-13 0.0989104 0.020161 0.257667 0.307583 1.27049e-11 0.177949 0.098144 0.113425 0.0717423 0.0243854 0.0509442 1.55898e-08
397.499 1.69871 177.628 134.946 1.00526 1.12357 0.3 0.7 0.9 1.4 1.8 2.2 2.5 3.1 3.9 4.1 4.5 5 0.101176 0.171199 0.162211 0.264522 0.088872 0.0975199 0.0483041 0.054196 0.00768029 0.00957722 1.125e-09 1.54321e-14 0.171806 1.54303e-11 0.295254 0.222974 0.109744 0.0777797 0.0955416 0.0736434 0.0456461 0.0134022 0.00697909 0.0108032
395.803 1.69147 176.521 133.839 1.00541 1.11578 0.2 0.6 1 1.3 1.7 2.3 2.7 3.1 3.6 4.1 4.9 5 0.0536767 0.217594 0.183857 0.157307 0.187509 0.118624 0.0189529 0.0478819 0.00674891 0.0132533 5.27639e-12 2.39936e-12 0.10331 0.154166 0.222311 0.134691 0.190001 0.120776 0.0674751 0.0398238 0.0337984 0.0389864 0.0104423 4.2194e-10
395.604 1.69062 176.391 133.709 1.0054 1.14216 0.0001 0.6 0.7 1.1 1.3 1.7 2.1 2.7 3.4 4.2 4.4 4.6 0.0375628 0.188142 0.110945 0.0750098 0.241144 0.103834 0.129896 0.0747193 0.0336374 0.0105103 5.21078e-12 2.03463e-11 0.0614083 0.256338 5.44766e-09 0.180789 0.11861 0.162112 0.124293 0.108132 0.080665 0.00966543 0.0401442 2.14773e-11
399.94 1.70914 179.214 136.532 1.00503 1.1522 0.1 0.5 0.8 1.2 1.6 2 2.4 3 3.5 4.1 4.6 5.1 0.0321439 0.149357 0.184141 0.213542 0.173681 0.0863451 0.0901203 0.0474088 0.017336 0.0109559 4.44089e-16 4.724e-14 0.0589779 0.15346 0.155655 0.220425 0.151696 0.127059 0.0871694 0.0875929 0.047525 0.0282264 0.0344122 1.10967e-13
396.054 1.69254 176.685 134.003 1.00512 1.09185 0.2 0.5 0.8 1.2 1.4 1.9 2.1 2.7 3.3 4 4.5 4.1 0.052004 0.0959646 0.263127 0.0138637 0.297115 0.0293018 0.139228 0.0670691 0.0339414 0.0135061 8.38218e-15 4.16334e-15 0.0859249 0.10008 0.2036 0.120543 0.174324 0.12317 0.0855256 0.0917215 0.0597974 0.0219132 0.0252534 1.12022e-13
398.837 1.70443 178.498 135.817 1.00511 1.18036 0.2 0.5 0.9 1.4 1.6 2 2.4 3 3.6 4.3 4.6 5.2 0.0431105 0.147965 0.264965 0.193677 0.0936468 0.0982802 0.0863717 0.0504483 0.0189733 0.00767526 5.55112e-16 8.99281e-15 0.0823202 0.128769 0.249571 0.208117 0.0617936 0.147499 0.0838014 0.101829 0.0582663 0.0304632 0.0279322 1.31717e-12
401.258 1.71478 180.066 137.384 1.0054 1.11554 0.2 0.6 0.8 1.3 1.8 1.9 2.4 3 3.5 4.2 4.6 5.3 0.0575669 0.162682 0.157927 0.288091 0.0831461 0.0842449 0.0955533 0.0471791 0.0188945 0.0101123 0 2.22045e-16 0.0948238 0.138357 0.153084 0.2812 0.0101655 0.177806 0.0889534 0.079001 0.0429538 0.0218421 0.0273532 3.39284e-13
398.24 1.70188 178.11 135.428 1.00426 1.34404 0.0001 0.5 0.9 1 1.5 2.2 2.3 3 3.6 4 4.9 5.7 0.0272595 0.172827 0.220053 0.0534894 0.289265 0.126704 0.0298278 0.0644441 0.00519877 0.0151888 1.80023e-13 2.03726e-14 0.0583033 0.171936 0.0833884 0.189473 0.284639 0.0649489 0.154793 0.134252 0.021424 0.113517 0.0478269 0.0195416
396.109 1.69277 176.721 134.039 1.00491 1.19654 0.1 0.4 0.7 1.2 1.6 1.9 2.4 3 3.5 4.1 4.6 5.9 0.028631 0.0724247 0.241086 0.254383 0.127398 0.10693 0.0993844 0.0462656 0.0177123 0.0106909 1.4968e-12 3.80362e-13 0.0523266 0.0866474 0.209167 0.263996 0.0913894 0.158182 0.104846 0.0881035 0.0520168 0.0271612 0.0453437 0.0173648
393.416 1.68127 174.954 132.272 1.00494 1.07063 0.3 0.7 0.9 1.1 1.5 2 2.3 2.9 3.1 3.9 4.9 5 0.100643 0.183202 0.111587 0.0938088 0.262672 0.0580291 0.114065 0.0209383 0.0422085 0.017792 2.40363e-14 7.04881e-13 0.171578 3.75111e-12 0.275255 0.0575478 0.240037 0.0616888 0.120814 0.0823962 0.00139947 0.0531157 0.00679932 2.86493e-13
963.626 4.11806 406.975 364.294 1.00782 1.27268 0.1 0.5 0.9 1.1 1.4 1.9 2.2 2.8 3.4 4.3 4.7 5.5 0.0532663 0.110413 0.244552 0.105864 0.183436 0.0449392 0.194399 1.49173e-08 0.0636907 2.77556e-16 0.00725747 2.22045e-16 0.0589838 0.165751 0.204454 0.0704937 0.18216 0.199106 0.0655248 0.127555 0.0908504 0.0767129 0.00714602 0.0239417
410.723 1.75523 186.105 143.423 1.00428 1.34534 0.1 0.5 0.8 1.3 1.7 2 2.5 2.9 3.6 4.2 5 5.1 0.033688 0.138366 0.215178 0.268778 0.0823752 0.122332 0.0696488 0.0405874 0.0267531 0.00657093 1.72085e-15 2.77556e-16 0.072415 0.115505 0.202494 0.298726 0.0590902 0.157664 0.111546 0.10784 0.103378 0.0760146 0.040667 7.75981e-08
392.218 1.67614 174.164 131.482 1.00567 1.04626 0.2 0.6 0.8 1.1 1.4 2 2.1 2.7 3.1 3.6 4.1 4.8 0.0604807 0.13151 0.211522 0.00971531 0.317094 6.33149e-08 0.166097 0.0484004 0.0390197 0.00901862 0.0128114 2.07955e-11 0.108928 0.0750742 0.204112 0.058843 0.272125 0.0569467 0.106506 0.0998072 0.0119925 0.0287772 0.0231492 1.53455e-11
452.927 1.93559 211.438 168.756 1.00592 1.29976 0.2 0.4 0.9 1.1 1.5 1.7 2.2 2.7 3.3 3.9 4 5 0.0875737 0.0862356 0.107138 0.274074 0.0341095 0.24877 0.0445016 0.0528573 0.0680197 5.99781e-12 5.28227e-12 0.00263722 0.0657575 0.128928 0.195832 0.157412 0.144609 0.110864 0.144411 0.115262 0.0848733 0.0361317 0.0502711 0.0654046
473.884 2.02515 223.153 180.471 1.00622 1.33192 0.0001 0.4 0.7 1.2 1.6 2 2.3 3 3.5 4 4.6 5.1 0.066939 0.0587431 0.164355 0.304133 0.162754 0.122081 0.0171063 0.0781102 0.029078 4.38538e-15 2.33535e-13 0.00292176 0.0561243 0.0804327 0.209001 0.260387 0.189643 0.014346 0.197637 0.110553 0.0521021 0.0805292 0.0145141 0.0666481
490.981 2.09821 232.333 189.651 1.00735 1.18673 0.2 0.3 0.8 1 1.3 1.6 2.2 2.7 2.6 3.9 4.1 4.5 0.0121232 0.139821 1.49341e-11 0.384057 0.0338573 0.224779 0.0514908 0.1027 0.0327568 3.48277e-13 0.025763 1.22872e-11 0.0383021 0.107918 0.231039 0.0742452 0.141586 0.201596 0.105132 0.174768 1.91402e-13 0.0945584 0.0175868 6.06404e-13
395.297 1.6893 176.19 133.508 1.00523 1.1179 0.1 0.6 0.7 1.2 1.3 1.9 2.3 2.8 3.4 4.1 4.5 5 0.043852 0.120275 0.195275 5.35509e-10 0.323127 0.151334 0.0716417 0.0600992 0.0282263 0.0113978 4.59077e-14 4.01729e-12 0.067889 0.205394 0.0694661 0.156681 0.164079 0.195186 0.0593597 0.0895172 0.0617771 0.0176905 0.0308631 1.84399e-11
394.645 1.68652 175.762 133.08 1.00555 1.06076 0.1 0.6 1.1 1.3 1.6 2 2.2 2.8 3.3 3.9 4.1 3.8 0.0390402 0.254432 0.248193 0.0176811 0.213968 1.12109e-08 0.132417 0.0560012 0.0301038 4.43967e-08 0.0137133 3.14726e-08 0.0734612 0.228088 0.177313 0.160809 0.0878967 0.0785241 0.0966862 0.103085 0.00238392 0.0495674 1.55821e-07 0.00294581
394.742 1.68693 175.826 133.144 1.00513 1.22625 0.1 0.6 0.8 1.2 1.4 2 2.1 2.7 3.3 3.8 4.3 5.2 0.0422771 0.200702 0.130613 0.0985791 0.242309 0.105574 0.0648022 0.073815 0.0323335 0.00507445 0.00905316 6.97808e-12 0.0782789 0.171631 0.119225 0.145583 0.208862 0.100098 0.0873386 0.143438 0.0394747 0.0667117 0.045097 0.0205144
398.923 1.7048 178.554 135.872 1.00492 1.19845 0.1 0.6 0.8 1.2 1.6 1.7 2.2 2.8 3.4 3.7 4.4 4.5 0.0404741 0.22766 0.0743105 0.250771 0.107648 0.0771221 0.126171 0.0615709 0.0264128 0.0056624 0.00711962 2.67647e-11 0.0698391 0.214646 0.0705667 0.251805 7.05506e-11 0.196886 0.134119 0.104996 0.0728165 0.0221413 0.0546743 0.0059638
394.496 1.68588 175.664 132.982 1.00575 1.05501 0.0001 0.5 0.8 1 1.3 1.7 2.1 2.6 3.2 3.8 4.1 4.9 0.0302563 0.143308 0.214421 2.99914e-08 0.261924 0.113229 0.115285 0.0683197 0.04394 0.000375121 0.0146926 4.1106e-13 0.0604117 0.153701 0.0953428 0.128622 0.200671 0.129249 0.0991827 0.107401 0.0376296 0.0201238 0.0211795 0.00149332
394.297 1.68503 175.534 132.852 1.0055 1.04981 0.1 0.5 0.8 1.2 1.6 1.9 2.3 2.9 3.1 3.9 4 4.7 0.0330978 0.1434 0.195545 0.198678 0.192177 0.0346296 0.128247 0.0124903 0.0503733 7.50053e-09 0.0168593 6.55924e-09 0.0658756 0.145061 0.131382 0.271578 0.103675 0.0875848 0.112833 0.0821681 1.05553e-10 0.0444989 1.7887e-09 0.00515678
395.622 1.69069 176.402 133.72 1.00469 1.15587 0.2 0.5 0.7 1.2 1.4 1.9 2.1 2.7 3.3 3.9 4.5 4.1 0.0614633 0.0133905 0.29435 0.104144 0.239202 0.0515899 0.124924 0.0695684 0.0319679 0.0125261 0.00156829 3.24346e-12 0.0934314 0.0368392 0.227687 0.192262 0.130462 0.144368 0.0800429 0.103834 0.0740461 0.0317678 0.041129 4.69646e-10
393.863 1.68317 175.248 132.566 1.00505 1.16959 0.2 0.5 0.8 1.1 1.4 1.5 2.1 2.7 3.1 3.8 4.2 4.8 0.0534065 0.0905419 0.272148 1.43683e-08 0.29161 0.0248818 0.163369 0.0485148 0.0408105 0.0123178 0.00744465 7.09982e-12 0.0959437 0.0949305 0.149389 0.180207 0.0497331 0.171355 0.173057 0.0967627 0.0545461 0.0612685 0.0217755 0.0206235
398.197 1.70169 178.082 135.4 1.00531 1.11686 0.2 0.5 0.8 1.2 1.6 1.9 2.3 2.9 3.4 4.1 4.6 5.1 0.0467397 0.12216 0.204109 0.200618 0.180368 0.0511662 0.114854 0.0484254 0.0248966 0.0119716 1.66533e-16 1.67644e-14 0.0843666 0.10951 0.180444 0.213248 0.135754 0.105343 0.105691 0.077155 0.0521521 0.0272443 0.0259566 2.50355e-14
390.816 1.67016 173.237 130.555 1.00495 1.15949 0.1 0.6 0.8 1.2 1.4 1.8 2.1 2.6 3 3.5 4 4.5 0.0439141 0.180921 0.167915 0.0342816 0.302511 1.20954e-05 0.16656 0.0319085 0.0523284 0.00973123 0.0148624 1.0074e-09 0.0664899 0.247996 0.0181123 0.279733 0.0357122 0.153489 0.100544 0.0765295 0.0648047 0.0563744 0.0186429 0.0410652
472.629 2.01978 222.466 179.784 1.00691 1.2965 0.2 0.3 0.9 1.3 1.6 2 2.3 2.9 3.5 4 4.5 5.1 0.0627474 0.0881958 0.255668 0.186886 0.171114 0.111575 0.0150157 0.0700572 0.0438822 1.11022e-16 5.55112e-17 0.00176717 0.0177675 0.150206 0.315961 0.0826929 0.245702 0.00107142 0.178447 0.101569 0.0738201 0.0510571 0.0195677 0.058634
400.428 1.71123 179.53 136.848 1.00549 1.15779 0.2 0.4 0.7 1.1 1.6 1.7 2.2 2.7 3.3 3.7 4.3 4.4 0.0347963 0.0806422 0.195485 0.235528 0.232482 2.6234e-08 0.118173 0.0574777 0.0395811 8.25317e-08 0.0113282 2.65e-10 0.0820516 0.0520007 0.190156 0.236652 0.116756 0.123803 0.115816 0.0988796 0.0640202 0.0290476 0.0270417 0.0215701
406.787 1.73841 183.611 140.929 1.00493 1.20562 0.1 0.6 0.9 1.2 1.6 2 2.3 2.9 3.5 4.2 4.3 5.1 0.0398512 0.242125 0.0805227 0.21745 0.17828 0.061179 0.0963763 0.057455 0.0220699 0.00962509 3.72786e-08 2.38976e-13 0.0710658 0.217056 0.0919896 0.216281 0.141739 0.134158 0.0772721 0.113533 0.0599577 0.0499865 0.0155323 0.0170461
390.735 1.66981 173.183 130.501 1.00545 1.05056 0.0001 0.6 0.7 1.2 1.4 2 2.5 2.8 3.1 3.9 4 5.4 0.0396634 0.135282 0.18203 0.13109 0.223133 0.153523 0.0706714 1.48778e-10 0.0531431 2.20712e-09 0.0169164 2.22607e-11 0.0664735 0.232098 0.0207821 0.27019 0.102709 0.176218 0.0415363 0.0859589 0.0012448 0.0497853 1.50491e-12 0.00356704
390.576 1.66913 173.078 130.396 1.00532 1.04278 0.0001 0.5 0.7 1.1 1.5 2.1 2.2 2.8 3 3.9 4 4.7 0.0350857 0.086819 0.215541 0.15966 0.259999 3.81567e-10 0.160771 1.64202e-13 0.0683226 0.0118969 0.00722086 3.0889e-11 0.0587298 0.145659 0.0881172 0.251355 0.186616 0.128019 0.0364715 0.099977 5.73225e-09 0.0478311 4.07452e-13 1.68649e-10
395.783 1.69138 176.508 133.826 1.00498 1.13259 0.3 0.7 1 1.4 1.6 2.1 2.2 2.8 3.3 4 4.6 4.5 0.0998606 0.203239 0.168678 0.147572 0.146672 0.0107559 0.131501 0.0525468 0.0301901 0.0139617 3.17468e-13 1.73417e-13 0.156006 0.108368 0.258178 0.019936 0.237312 0.00397818 0.143708 0.0744647 0.0657753 0.0345223 0.0303356 7.25253e-13
487.485 2.08327 230.482 187.8 1.00606 1.11258 0.3 0.4 0.9 1.1 1.7 1.8 2.5 2.8 3.2 3.9 4.2 5.3 0.0602292 0.0959854 0.241894 0.182195 0.0153007 0.268809 0.0174604 0.0989038 6.34603e-13 0.0252866 2.89102e-13 3.00315e-14 0.161468 0.0204096 0.185671 0.21438 0.185252 0.0681005 0.150973 4.4581e-13 0.0638599 0.0180672 0.0374789 0.00691707
517.255 2.21049 245.834 203.152 1.00848 1.20753 0.0001 0.5 0.8 1.2 1.4 1.8 2.1 2.7 3.3 3.8 4.2 4.6 0.0593108 0.110655 0.128944 0.330508 0.0508384 0.13077 0.0303464 0.141874 3.59546e-13 2.0098e-11 0.0252326 4.95798e-12 0.0641642 0.135704 0.174693 0.155442 0.168512 0.0869474 0.133135 0.124365 0.0690137 0.0338236 0.026976 0.0347557
466.491 1.99355 219.08 176.399 1.00711 1.05305 0.2 0.5 0.7 1.1 1.5 2 2.2 2.9 3.4 4.6 4.6 5.2 0.117496 4.2847e-09 0.153291 0.234213 0.241931 0.135541 0.00833089 0.0673226 0.0463059 6.5179e-11 6.5179e-11 0.00267556 0.0919921 0.0519792 0.192342 0.181718 0.212509 0.090029 0.0943055 0.0766543 0.0348947 0.0102372 0.00293764 0.0134548
467.73 1.99885 219.767 177.085 1.00669 1.18017 0.0001 0.5 0.9 1.2 1.6 2 2.3 2.9 3.4 4.2 5.1 5.2 0.0674333 0.134782 0.126456 0.252174 0.1818 0.116053 0.0135049 0.0650228 0.0469128 1.73373e-10 0.00254849 1.67419e-11 0.0546046 0.171828 0.197344 0.150201 0.177109 0.118171 0.0747761 0.0954628 0.057779 0.0426577 0.0402333 6.7355e-07
476.128 2.03474 224.377 181.695 1.00685 1.11845 0.1 0.4 0.9 1.3 1.6 2 2.3 3 3.5 4.3 4.4 5.2 0.0643141 0.100226 0.230289 0.210086 0.157907 0.108548 0.0270726 0.0744052 0.0321811 2.22045e-16 8.32667e-16 0.00182184 0.043509 0.140283 0.294644 0.0867333 0.192601 0.0863991 0.0932852 0.0920549 0.0288202 0.0225894 0.00540191 0.0321327
400.939 1.71341 179.86 137.178 1.00489 1.21135 0.2 0.6 0.8 1.2 1.6 2.1 2.4 2.9 3.5 4.4 4.5 5.2 0.0564622 0.17659 0.124764 0.220136 0.185625 0.0989174 0.0558381 0.053736 0.0252315 0.00758744 7.66054e-15 2.40918e-14 0.0980943 0.118725 0.172136 0.179429 0.203762 0.130294 0.0564635 0.100362 0.0849568 0.0534798 0.0136498 7.11098e-14
396.792 1.69569 177.167 134.485 1.00535 1.13947 0.2 0.5 0.8 1.1 1.4 1.7 2.2 2.8 3.3 3.8 4.3 4.6 0.048678 0.112959 0.218668 0.084492 0.20642 0.102605 0.132718 0.0549708 0.0281855 0.00820678 0.00744188 4.19714e-12 0.0815239 0.123048 0.138881 0.18718 0.0930428 0.167128 0.137163 0.0861157 0.0543938 0.0298476 0.025752 0.01539
398.157 1.70152 178.056 135.374 1.00474 1.14362 0.2 0.5 0.8 1.2 1.6 1.7 2.2 2.8 3.3 3.9 4.5 4.6 0.0475188 0.118436 0.211089 0.189988 0.205335 7.2278e-10 0.134815 0.0551074 0.027695 0.013322 0.00143226 7.5087e-10 0.084031 0.11104 0.177626 0.222796 0.0390736 0.156557 0.136902 0.0809251 0.0646486 0.0315203 0.0385038 3.88551e-08
459.04 1.96171 214.91 172.228 1.00717 1.15602 0.1 0.4 0.7 1.1 1.6 1.7 2.2 2.8 3.4 4.4 4.5 5.2 0.0597025 0.108177 0.0562364 0.346574 0.0180269 0.246502 0.0517863 0.0611106 0.0569913 5.92237e-12 1.73705e-12 0.00206271 0.0545223 0.0860001 0.189632 0.220365 0.199729 0.0446867 0.138725 0.0854479 0.0740369 0.0221701 0.0131601 0.0275474
406.516 1.73725 183.438 140.756 1.00536 1.09451 0.3 0.7 0.8 1 1.4 1.5 2.1 2.7 3.1 3.6 4.2 4.1 0.103621 0.0607715 0.255205 2.30151e-06 0.261111 0.0558476 0.156053 0.0571368 0.0311737 0.0150966 0.00934372 2.96406e-10 0.160814 8.826e-11 0.158927 0.186044 8.66612e-11 0.224941 0.18302 0.0450123 0.0801688 0.010907 0.0446726 1.66299e-08
399.933 1.70912 179.209 136.527 1.00484 1.24766 0.0001 0.6 0.9 1.3 1.7 2 2.4 2.9 3.5 4.3 4.4 5.2 0.0364997 0.245307 0.104342 0.270675 0.0895455 0.101979 0.072026 0.0510189 0.0247843 0.00865979 2.6254e-12 2.92488e-13 0.0632898 0.236909 0.101539 0.255267 0.0951047 0.139446 0.0806449 0.104656 0.0943214 7.01156e-12 0.0731572 0.00332778
393.001 1.67949 174.681 131.999 1.0052 1.11568 0.2 0.4 0.7 1 1.4 1.9 2.3 2.9 3 3.8 4.2 4.8 0.0527616 0.0327901 0.253408 0.0942837 0.278813 0.0991078 0.111028 9.82412e-09 0.0612604 0.0162506 0.00550056 5.96001e-12 0.0872032 0.0624403 0.132395 0.190484 0.232733 0.11314 0.116986 0.0982725 1.79898e-05 0.0564303 0.0128419 0.0127317
395.426 1.68986 176.274 133.592 1.00512 1.09574 0.2 0.4 0.7 1 1.4 1.9 2.1 2.7 3.3 4 4.5 4.6 0.0533304 0.0304284 0.259564 0.0844654 0.292932 0.0319837 0.137831 0.0671624 0.0338126 0.0136111 8.88178e-15 4.28002e-12 0.0756917 0.0683699 0.164167 0.157912 0.225022 0.109999 0.09362 0.0916578 0.0610606 0.02293 0.0253053 1.69056e-11
400.453 1.71134 179.546 136.864 1.00405 1.1847 0.1 0.5 1 1.4 1.6 2.2 2.3 3 3.3 3.9 4.8 6.5 0.0260002 0.194306 0.307656 5.5667e-11 0.262521 0.00502767 0.131159 0.0489512 0.0137445 0.014687 4.50195e-13 4.6152e-13 0.0637164 0.170748 0.277498 0.0874347 0.181361 0.0515655 0.128504 0.106218 3.38771e-10 0.0792611 0.029822 0.00856966
396.883 1.69608 177.227 134.545 1.00515 1.17355 0.2 0.5 0.8 1.3 1.6 1.9 2.3 2.9 3.5 4.2 4.6 5 0.0496823 0.107377 0.239889 0.232125 0.0970753 0.0879358 0.102876 0.0552131 0.0234225 0.00955195 9.99201e-16 1.59317e-13 0.087369 0.0954029 0.217143 0.253599 0.0406669 0.154887 0.0964545 0.100405 0.0660133 0.0316578 0.0299477 3.27016e-13
487.8 2.08462 230.649 187.967 1.00623 1.04884 0.1 0.4 0.7 1.2 1 1.8 2.2 2.8 3.3 3.9 4.7 5.1 0.0199254 0.129487 0.0658419 0.0535605 0.31573 0.277881 0.0115821 0.108349 2.1072e-13 0.0238691 2.35423e-13 1.58479e-12 0.0574393 0.0814839 0.189633 0.308176 3.53051e-14 0.140801 0.126502 0.0564026 0.0415443 0.0264788 0.0203767 1.7189e-12
401.993 1.71792 180.54 137.858 1.0055 1.0634 0.1 0.5 0.8 1.3 1.8 2.1 2.5 3 3.4 4.1 4.6 5.2 0.0333583 0.14004 0.21215 0.275785 0.136539 0.0620935 0.0773343 0.032729 0.0234944 0.0119781 1.66533e-16 1.27676e-15 0.0603914 0.140262 0.189665 0.269465 0.119666 0.0971179 0.0621108 0.0595888 0.028063 0.0243017 0.0127669 1.05804e-13
394.68 1.68667 175.785 133.103 1.00575 1.00393 0.1 0.6 0.8 1.2 1.5 1.9 2.4 2.8 3.1 3.8 4 4.3 0.0411207 0.220139 0.0884991 0.219814 0.13511 0.127047 0.101408 2.55718e-11 0.0552442 0.000654932 0.0167092 4.29101e-14 0.0770873 0.189648 0.0751662 0.250114 0.0990538 0.131382 0.0897975 0.0496198 0.0132608 0.0226024 0.00620177 8.17869e-11
393.195 1.68032 174.809 132.127 1.00577 1.06816 0.1 0.6 0.7 1.1 1.3 1.9 2.3 2.7 3.2 3.7 4.2 4.3 0.0439033 0.118879 0.196752 2.77928e-09 0.322764 0.15314 0.0638605 0.0514808 0.0375411 0.00615973 0.0112862 2.49689e-13 0.0788617 0.124636 0.137547 0.0624191 0.276576 0.155153 0.0608216 0.0930623 0.0239308 0.0328521 0.0145861 0.00771781
394.045 1.68395 175.368 132.686 1.00552 1.10693 0.1 0.5 0.8 1.3 1.8 2 2.4 2.9 3.1 3.8 4.2 4.6 0.0338016 0.137976 0.215347 0.270951 0.15046 0.0197733 0.105217 3.6669e-08 0.0539127 0.00856773 0.00950953 1.26362e-11 0.0689716 0.127702 0.179271 0.315263 0.0313841 0.14176 0.0712962 0.0952055 2.98893e-08 0.0561886 0.00430711 0.015584
394.603 1.68634 175.734 133.052 1.00571 1.11224 0.0001 0.4 0.8 1.2 1.4 2 2.1 2.7 3.3 3.7 4.2 4.9 0.019559 0.111149 0.286669 1.75311e-07 0.306586 0.0592248 0.104774 0.0689635 0.0358591 2.63956e-05 0.0128941 6.60511e-12 0.0530897 0.103987 0.244251 0.066541 0.252796 0.0840643 0.0892661 0.116372 0.029752 0.0349483 0.0304834 0.00669286
399.899 1.70897 179.187 136.505 1.00555 1.06031 0.2 0.5 0.8 1.3 1.7 1.9 2.3 2.9 3.4 4.1 4.5 5.4 0.0491987 0.109665 0.235534 0.248475 0.116973 0.0483334 0.11075 0.0501901 0.0242883 0.0121417 9.4369e-16 3.88578e-16 0.0869952 0.0949966 0.215066 0.25321 0.0524961 0.125411 0.0888362 0.0702225 0.0388515 0.0111472 0.0230768 2.08999e-12
507.487 2.16875 240.896 198.215 1.00877 1.06215 0.2 0.3 0.9 1 1.5 1.7 2.2 2.7 3.2 4.1 4.6 4.7 0.0174617 0.132751 0.0286184 0.351701 0.185424 0.0784741 0.0556532 0.132293 9.14185e-12 0.0263955 3.66224e-12 2.51044e-12 0.0228815 0.142402 0.316811 0.00461323 0.24756 0.0402047 0.13206 0.065361 0.0511968 0.0237925 0.0131298 0.00213594
511.807 2.18721 243.092 200.41 1.00654 1.41295 0.1 0.4 0.8 1.1 1.5 1.7 2.3 2.7 3.3 4.1 4.5 4.7 0.0478598 0.111582 0.0778382 0.359777 0.0361314 0.178443 0.0442137 0.125648 1.66533e-16 0.025051 1.55431e-15 4.44089e-16 0.0445534 0.138305 0.157479 0.240807 0.0060814 0.262263 0.173035 0.0484511 0.201643 0.0342544 0.106083 9.32032e-13
456.461 1.95069 213.451 170.769 1.00603 1.24159 0.2 0.4 0.9 1 1.5 1.8 2.2 2.8 3.3 3.9 4.6 5 0.0902907 0.0808631 0.0248916 0.29898 0.217441 0.120336 0.0589404 0.0476341 0.0638554 1.33445e-11 2.10665e-12 0.00279781 0.0693749 0.120416 0.173606 0.143764 0.251298 0.024721 0.167061 0.105277 0.0502369 0.0786989 2.73822e-07 0.0571341
392.523 1.67745 174.366 131.684 1.00532 1.07209 0.3 0.7 0.9 1.3 1.6 2.2 2.4 2.9 3.1 3.9 4 5.2 0.100969 0.174826 0.149454 0.161243 0.186974 0.109794 0.0424779 0.0132532 0.0496891 2.13239e-10 0.0166393 6.10234e-12 0.170756 2.73803e-12 0.290132 0.128564 0.177475 0.115415 0.0485757 0.0808155 0.00112645 0.0405787 0.0150983 0.00355021
561.298 2.39871 266.999 224.317 1.0068 1.27628 0.1 0.4 0.8 1.2 1.6 1.7 2.4 2.8 3.2 4 4.8 4.9 0.0572387 0.0794417 0.17802 0.322245 0.0183747 0.150561 0.0917112 0.0866959 3.90998e-11 0.022507 4.09568e-11 3.63549e-11 0.0454673 0.137332 0.185064 0.235446 9.90687e-10 0.240177 0.148737 0.0522191 0.0905916 0.0895226 0.0517249 3.07716e-09
393.555 1.68186 175.045 132.363 1.0056 1.03809 0.0001 0.4 0.9 0.8 1.4 1.7 2.1 2.6 3.1 3.8 4.1 4.2 0.0202513 0.109007 5.48312e-10 0.289949 0.296625 0.0248726 0.147447 0.0502458 0.0484044 0.0085766 0.0102232 6.91169e-13 0.0463262 0.130066 0.226188 0.0509552 0.235164 0.0612646 0.119489 0.0930837 0.0356756 0.0246327 0.015246 1.03566e-07
