Chi2   rChi2   BIC   AIC    Qichtot    Qimtot  R[0]  R[1]  R[2]  R[3]  R[4]  R[5]  R[6]  R[7]  R[8]  R[9]  R[10]  R[11]  Q0ch    Q1ch    Q2ch    Q3ch    Q4ch    Q5ch    Q6ch    Q7ch    Q8ch    Q9ch    Q10ch    Q11ch    Q0m    Q1m    Q2m    Q3m    Q4m    Q5m    Q6m    Q7m    Q8m    Q9m    Q10m    Q11m
492.691 2.10552 233.233 190.551 1.01803 1.05829 0.1 0.3 0.9 1.2 1.4 1.7 2 2.5 3 3.7 4 5.1 0.0146389 0.118663 0.302267 0.0963203 0.156937 0.0489895 0.0896942 0.136048 5.63444e-12 0.0421021 1.95594e-11 0.0123715 0.00954658 0.157673 0.30157 1.15741e-09 0.191722 0.0999894 0.0808024 0.116423 0.0483846 0.0232974 0.0239775 0.00490724
419.241 1.79163 191.421 148.739 1.01352 1.00719 0.0001 0.4 0.8 1.3 1.4 1.8 2.2 2.8 3.4 4 4.5 5.2 0.0186416 0.11481 0.278546 0.100911 0.178156 0.090932 0.124958 0.0569531 0.0346218 2.05767e-11 0.0137671 0.00122256 0.0379048 0.131998 0.226086 0.249623 3.38627e-09 0.145827 0.101885 0.0733892 0.0271818 0.0120541 0.0012362 1.22913e-09
520.109 2.22269 247.26 204.578 1.02053 0.983823 0.2 0.6 0.7 1.1 1.4 1.8 2.1 2.5 3.1 3.6 3.2 5.3 0.084122 0.121392 0.117696 0.097224 0.244435 0.196181 0.0278648 2.77556e-16 0.113363 6.15924e-12 3.16631e-09 0.0182546 0.088713 0.176025 0.0411819 0.228443 0.10092 0.161594 0.0574625 0.0788871 4.23925e-10 2.01897e-05 0.0505766 3.10009e-09
474.703 2.02864 223.6 180.918 1.02455 1.04364 0.2 0.6 0.7 1.1 1.6 1.9 2.3 2.8 3.4 5.2 4.5 4.4 0.111421 0.114299 0.00339512 0.328501 0.190835 0.114222 0.0184323 0.0652157 0.055575 0.0226485 5.39291e-13 8.95561e-13 0.0959829 0.105737 0.118916 0.227515 0.196293 0.0796596 0.0957369 0.0649743 0.0495506 0.00085234 0.00842036 4.73306e-10
475.943 2.03394 224.276 181.594 1.02395 1.00957 0.2 0.4 0.8 1.2 1.6 1.8 2.3 2.9 3.4 3.9 4.4 5.2 0.10278 0.045053 0.16508 0.283085 0.0913197 0.161063 0.0443712 0.0590889 0.0500353 2.93426e-12 4.06687e-11 0.0220787 0.0632002 0.107879 0.206699 0.208821 0.0877179 0.139235 0.106252 0.0587456 0.0310243 6.13953e-13 3.21304e-08 2.26088e-09
477.573 2.04091 225.161 182.479 1.02282 1.02498 0.1 0.5 0.8 1.2 1.7 1.8 2.3 2.7 3.3 4.1 4 5.2 0.0755478 0.116131 0.0948754 0.33679 0.0308027 0.207913 0.0145535 0.0564951 0.0678917 6.86134e-12 9.46082e-12 0.0218198 0.0558098 0.168288 0.123217 0.268599 0.0105603 0.202054 0.0744005 0.0611004 0.0534006 0.0064108 3.9179e-09 0.00114266
474.928 2.02961 223.723 181.041 1.02447 1.01393 0.1 0.5 0.8 1.2 1.6 1.9 2.2 2.8 3.4 3.6 4.5 5.2 0.0767383 0.109467 0.108563 0.309023 0.115019 0.151709 0.00753573 0.0692258 0.0547293 4.21585e-10 1.21301e-10 0.0224601 0.0576973 0.158372 0.143701 0.23233 0.119366 0.101622 0.0892851 0.0748546 0.0360856 5.50454e-12 0.000616855 1.64478e-08
474.253 2.02672 223.354 180.672 1.0241 1.02458 0.1 0.5 0.8 1.1 1.7 2.3 2.4 2.9 3.4 3.3 4.5 5.2 0.0721436 0.141637 0.00442067 0.353984 0.26902 0.0470068 0.00711374 0.0553579 0.0511812 8.08549e-08 3.88578e-16 0.0222322 0.0578708 0.164815 0.0967453 0.244139 0.254221 0.029475 0.0907249 0.0335211 0.0143996 0.0336883 0.00497896 4.71965e-09
416.432 1.77962 189.68 146.998 1.01288 1.02799 0.1 0.5 0.8 1 1.4 2 2.1 2.7 3.3 3.9 4.5 5.4 0.0370378 0.12016 0.251415 0.00815312 0.309981 0.0170016 0.151692 0.0596474 0.0416848 0.00137907 0.0147303 1.79629e-09 0.064215 0.158148 0.0560429 0.184569 0.243296 0.0723397 0.102586 0.0869138 0.0249008 0.0275893 8.78377e-11 0.0073886
418.924 1.79027 191.225 148.543 1.01318 1.02588 0.2 0.4 0.7 1.1 1.4 1.8 2.2 2.7 3.2 3.8 4.6 4.8 0.0571498 0.0201584 0.280093 0.100769 0.239334 0.0812583 0.128086 0.0397037 0.0456522 0.00783559 0.0131435 2.15994e-13 0.0760584 0.0636179 0.185584 0.187748 0.133153 0.15389 0.0880996 0.069265 0.0381451 0.0223016 0.00801222 2.61807e-12
418.572 1.78877 191.007 148.325 1.01314 1.00127 0.2 0.5 0.8 1.2 1.6 1.9 2.3 2.8 3.3 3.9 4.5 5.1 0.0477936 0.118102 0.211558 0.196157 0.177628 0.0541009 0.115669 0.0329931 0.0437779 1.71274e-10 0.0150436 0.000320395 0.0826024 0.112767 0.171221 0.218632 0.117804 0.116641 0.0778689 0.0625446 0.025222 0.0159651 9.0844e-08 4.97546e-13
418.026 1.78644 190.67 147.988 1.01347 1.0782 0.2 0.6 0.8 1.2 1.6 2.1 2.3 2.9 3.5 3.8 4.5 5.3 0.057056 0.173216 0.130447 0.217597 0.185041 0.0740187 0.0801211 0.0546481 0.0265781 8.11386e-10 0.0130847 0.00166614 0.103503 0.12711 0.115951 0.253175 0.148291 0.0967046 0.0800924 0.0849357 8.46892e-09 0.0489646 0.0081673 0.0113061
418.992 1.79056 191.267 148.585 1.01332 1.02412 0.2 0.5 0.7 0.9 1.3 1.6 1.9 2.4 3 3.5 4.6 3.8 0.0607392 0.0177835 0.29056 1.60975e-07 0.304259 0.0108054 0.154502 0.0921065 0.0443265 0.0245748 0.0136656 2.49023e-13 0.0796461 0.134949 0.000295642 0.221034 0.169929 0.0902504 0.136611 0.0920042 0.0628821 0.0076086 0.00811451 0.0207988
419.227 1.79157 191.412 148.73 1.01352 1.02369 0.0001 0.6 0.8 1.2 1.5 1.7 2.1 2.6 3.2 3.7 4.1 4.6 0.037474 0.228349 0.0863504 0.21583 0.126927 0.0559119 0.1336 0.0614425 0.0451422 0.00796459 1.17719e-07 0.0145283 0.0684886 0.224961 0.0294871 0.298558 1.51248e-08 0.138627 0.103768 0.0962431 0.0309534 0.0209478 0.0116546 1.02186e-10
421.33 1.80056 192.708 150.026 1.01367 1.04575 0.1 0.5 0.8 1.2 1.6 2 2.4 3 3.5 3.8 4.5 5.2 0.0322927 0.149045 0.18517 0.215696 0.166796 0.0909792 0.0909844 0.0440935 0.0236307 3.69748e-11 0.0126444 0.00233971 0.0584287 0.152069 0.154688 0.215549 0.149261 0.119003 0.0787899 0.0728971 0.00721023 0.0258698 0.0119849 5.30598e-12
417.934 1.78604 190.612 147.93 1.01295 0.99545 0.0001 0.5 0.8 1 1.4 1.7 2.3 2.5 3.1 3.5 4.3 4.6 0.0273414 0.169138 0.101716 0.183148 0.159921 0.151781 0.133532 0.00635076 0.0518386 0.0134769 0.00449575 0.0102106 0.0493884 0.191235 8.53959e-07 0.276248 0.0609159 0.224014 0.063867 0.0640515 0.0395122 0.017676 0.00854146 1.28505e-09
478.004 2.04275 225.395 182.713 1.02355 1.16972 0.1 0.3 0.9 1.3 1.7 2.2 2.4 3 3.5 4 4.1 5.2 0.0305544 0.123617 0.248151 0.211733 0.208799 0.0650512 0.00858443 0.0719052 0.0331902 8.03635e-13 2.43361e-13 0.0219688 0.0055687 0.164073 0.294985 0.145495 0.211952 8.23913e-08 0.166344 0.057677 0.0427825 0.0318009 0.0147529 0.0342898
418.667 1.78917 191.066 148.384 1.01311 1.02207 0.0001 0.4 0.7 1 1.4 1.9 2.3 2.7 3.2 3.8 4.5 4.6 0.0262269 0.075939 0.22272 0.120043 0.2594 0.114089 0.0964404 0.0301355 0.0478262 0.00679005 0.00351241 0.00998725 0.0372271 0.12897 0.121675 0.184007 0.200998 0.162961 0.0539155 0.0665155 0.0377916 0.0211135 0.00581258 0.00108105
529.637 2.2634 251.961 209.279 1.02046 1.00813 0.2 0.4 0.7 1 1.5 1.8 2.1 3.1 2.4 4 4.5 5.3 0.0583108 0.0918597 0.13119 0.162308 0.27917 0.121266 0.0453616 0.112409 1.78216e-10 5.55112e-17 0.000237232 0.0183464 0.0753918 0.0755336 0.119615 0.248381 0.148131 0.127779 0.0529449 0.0682747 0.0795488 0.0105347 1.20624e-10 0.00199996
490.834 2.09758 232.255 189.573 1.01777 1.02996 0.0001 0.3 0.7 1 1.2 1.6 2 2.5 2.9 3.7 4 5.1 3.89101e-07 0.145122 0.0211863 0.363755 0.0555491 0.166368 0.0717132 0.140782 2.20841e-11 0.0415541 1.31035e-10 0.0117442 0.0441042 0.073436 0.221571 3.16361e-09 0.259162 0.136181 0.111253 0.090404 0.0523344 0.0242955 0.0156526 0.00157003
491.896 2.10212 232.815 190.133 1.01808 1.01425 0.2 0.5 0.7 1.1 1.5 1.7 2.2 2.5 3.2 3.7 4 5.1 0.0840732 0.0536838 0.101017 0.376337 1.29628e-05 0.174401 0.0429541 0.131427 4.19165e-13 0.0422392 1.9203e-12 0.0119371 0.0789353 0.113427 0.102912 0.278233 3.32128e-09 0.219894 0.0756401 0.0743766 0.0555453 0.00134004 0.0139429 9.32587e-14
491.862 2.10197 232.797 190.115 1.01811 1.04667 0.0001 0.4 0.7 1 1.3 1.9 2.5 2.8 2.9 3.7 4 5.1 0.0442872 0.0826044 0.107347 0.215925 0.232874 0.14267 0.13717 0.000714046 2.65963e-11 0.0422232 4.79228e-12 0.0122915 0.0604778 0.0682275 0.205907 0.0505278 0.290022 0.169014 0.0990903 2.99225e-07 0.0541606 0.0288688 0.0171075 0.00326761
4731.45 20.2199 819.118 776.436 0.979032 5.13204 0.2 0.5 0.9 1.4 1.6 2 2.4 3 3.5 4 4.5 4.7 0.0752337 0.13548 0.21282 0.139807 0.227151 0.0821363 7.34988e-10 0.106404 5.81951e-12 1.95312e-11 1.01585e-14 4.19692e-12 0.068293 0.069793 0.353875 0.294358 0.319821 0.472714 0.475838 0.556508 0.719283 0.941486 0.699951 0.160126
4680.96 20.0041 816.34 773.658 0.995825 5.02935 0.1 0.4 0.9 1.2 1.6 2 2.4 2.9 3.5 4.1 4.6 5.5 0.0294828 0.166885 0.214247 0.0770779 0.328663 0.0388728 4.83793e-10 0.109192 1.32347e-09 5.23526e-13 3.2413e-13 0.0314044 0.0222141 0.129698 0.271796 0.238911 0.464104 0.460406 0.409718 0.485346 0.910532 1 0.636627 1.7486e-14
4571.86 19.5379 810.232 767.55 1.00721 5.36621 0.3 0.6 0.9 1.4 1.7 2.2 2.4 3 3.6 4.2 4.8 6 0.100469 0.105845 0.248838 0.203082 0.113639 0.0914169 0.0352718 0.0534824 1.28069e-09 2.4291e-11 1.41537e-11 0.0551714 0.114386 4.50324e-10 0.372607 0.42362 0.417589 0.477325 0.230828 0.699785 1 1 0.630069 1.32561e-13
496.419 2.12145 235.185 192.503 1.01795 1.03851 0.0001 0.3 0.8 1.1 1.5 2.1 2.5 2.7 2.8 3.7 4 5.1 0.0197234 0.103113 0.186817 0.247962 0.180142 0.117282 0.0819382 0.0279763 8.09786e-12 0.0409588 7.88319e-12 0.0120329 0.0225021 0.127007 0.220287 0.13303 0.241213 0.129564 0.0381081 7.13881e-10 0.0802937 0.0305638 0.0134649 0.00247481
480.709 2.05431 226.856 184.174 1.02416 1.20559 0.1 0.5 1 1.4 1.8 2.1 2.3 2.9 3.5 4.1 4.5 5.2 0.0748849 0.128733 0.249008 0.231515 0.136122 0.0640459 5.32633e-08 0.0771296 0.0402624 3.54028e-11 3.55083e-12 0.0224634 0.0622958 0.177206 0.255301 0.195227 0.12486 1.85855e-10 0.1563 0.0868408 0.0565694 0.0517513 2.90194e-08 0.0392404
480.917 2.0552 226.968 184.286 1.02419 1.01032 0.2 0.5 0.9 1.3 1.7 2.1 2.4 3 3.5 3.8 3.4 5.2 0.10979 0.0604572 0.219091 0.237441 0.180879 0.0702862 0.0188009 0.070907 0.030855 7.3086e-13 0.00358388 0.0220968 0.0800036 0.135291 0.223297 0.172569 0.166686 0.0814552 0.068869 0.0596483 0.00018004 0.00318867 0.019135 2.53917e-09
473.969 2.02551 223.199 180.517 1.02397 1.0062 0.2 0.5 0.8 1.2 1.7 1.8 2.2 2.7 3.3 3.4 4.3 5.2 0.109289 0.0554404 0.135197 0.314199 0.0796355 0.16252 0.0164599 0.0632964 0.0407731 0.0250843 1.88988e-12 0.0220744 0.0817129 0.119346 0.160796 0.239924 0.123405 0.0764611 0.092269 0.0661073 0.0461756 8.4947e-12 6.20869e-09 4.07109e-11
474.61 2.02825 223.549 180.867 1.02322 1.00082 0.2 0.5 0.8 1.1 1.6 1.7 2.3 2.6 3.2 3.3 4.2 5.2 0.104223 0.083151 0.0479027 0.33264 6.59239e-08 0.277874 0.0290693 0.0507899 0.0124565 0.063502 1.73195e-14 0.0216129 0.0771764 0.14328 0.0881885 0.259428 2.10105e-09 0.238024 0.0995443 0.0346805 0.0594085 6.57326e-11 0.00109036 7.93504e-12
417.368 1.78362 190.261 147.579 1.0129 1.0944 0.0001 0.6 1.1 1.2 1.6 2.1 2.4 2.9 3.4 3.8 4.5 5.4 0.0352658 0.264586 0.189998 0.0802034 0.190809 0.101916 0.0607294 0.043127 0.0311901 3.84536e-10 0.0147007 0.000373893 0.0667647 0.244493 0.0260451 0.279656 0.119659 0.146553 0.0444709 0.0872743 1.81008e-09 0.0516107 0.0130393 0.0148316
422.49 1.80551 193.42 150.739 1.01343 1.0079 0.0001 0.6 1.1 1.2 1.6 1.9 2.3 2.9 3.5 4.4 4.6 5.2 0.0352544 0.265288 0.168652 0.109976 0.161982 0.0689167 0.109754 0.0514763 0.0290717 2.55099e-08 0.0124622 0.000599998 0.0594457 0.265005 0.00762954 0.275136 0.0780628 0.139737 0.078834 0.067958 0.0253546 0.0107384 4.31571e-12 9.373e-12
527.707 2.25516 251.016 208.334 1.02038 1.00109 0.0001 0.4 0.6 1 1.3 1.7 2 2.5 3.1 3.5 4 5.3 0.0515709 0.0107909 0.244401 0.0527579 0.245762 0.210168 0.0732223 1.82326e-12 0.113509 3.21965e-15 2.10942e-15 0.0182014 0.0569176 0.027877 0.201443 0.171822 0.159949 0.111101 0.13474 0.0646147 0.0600797 0.000968351 0.00885498 0.00271716
420.492 1.79698 192.193 149.511 1.01308 1.02615 0.3 0.7 0.8 1.2 1.5 1.7 2.1 2.6 3.2 3.9 4.6 5 0.103307 0.0979789 0.194826 0.12294 0.223643 3.82919e-10 0.143775 0.0589387 0.0476153 0.00754595 0.0125108 4.08329e-12 0.156358 1.92159e-11 0.228763 0.18875 0.0422459 0.152611 0.101057 0.0818333 0.0482708 0.0212312 0.00503052 2.85777e-11
493.85 2.11047 233.842 191.16 1.01753 1.06992 0.1 0.3 0.9 1.2 1.6 2.2 2.6 3.1 3.7 4 4.7 5.1 0.0123315 0.123158 0.283708 0.178361 0.16499 0.114695 0.0884868 4.60743e-13 0.0401251 3.56939e-11 3.33439e-12 0.0116728 0.00754284 0.16172 0.283584 0.0911956 0.238895 0.100497 0.0903422 0.042284 0.0178036 0.0292738 6.85395e-10 0.00677955
418.254 1.78741 190.81 148.128 1.01311 1.00106 0.2 0.3 0.7 1.2 1.6 1.9 2.3 2.8 3.3 3.8 4.5 5.2 0.0308045 0.0508232 0.270617 0.234543 0.153533 0.0690666 0.110394 0.0346666 0.0433197 2.48272e-08 0.0150601 0.000282935 0.058197 0.0618417 0.227225 0.24809 0.0982688 0.130193 0.0715797 0.0657623 0.0210268 0.0168227 0.00205291 1.40354e-11
420.678 1.79777 192.307 149.625 1.01307 1.00875 0.1 0.3 0.6 0.9 1.4 1.8 2.1 2.5 3.1 3.7 4.5 4.6 0.0289339 0.0300154 0.184279 0.190808 0.274158 0.0494214 0.119035 0.0590568 0.0512435 0.0138208 2.38882e-07 0.0123023 8.96314e-08 0.153614 0.042523 0.266002 0.196925 0.127775 0.0680263 0.0764159 0.0528557 0.0164164 0.00819522 2.69515e-08
418.178 1.78709 190.763 148.082 1.01355 1.02295 0.0001 0.5 0.7 1.1 1.4 1.8 2.2 2.8 3.4 3.9 4.5 5.2 0.0342302 0.0929124 0.210891 0.137395 0.214705 0.0919606 0.125031 0.0566083 0.0347535 6.01019e-13 0.0134762 0.00158311 0.0515219 0.154379 0.103186 0.211631 0.125888 0.148981 0.0994846 0.0779995 0.0289144 0.01419 0.0067776 1.64825e-11
418.232 1.78732 190.797 148.115 1.01302 1.02326 0.1 0.5 0.8 1.2 1.5 1.9 2.4 2.8 3.2 3.8 4.5 4.6 0.0337059 0.140377 0.204341 0.173606 0.156732 0.121155 0.107172 0.00395503 0.0534009 0.00426813 0.00840747 0.00590164 0.0573421 0.157733 0.143443 0.223254 0.0884317 0.172635 0.066334 0.0536563 0.0298006 0.0242455 0.0019082 0.00447469
418.319 1.78769 190.851 148.169 1.01305 1.0225 0.2 0.5 0.7 1.1 1.5 2 2.4 2.7 3.2 3.8 4.5 4.6 0.0550333 0.057724 0.218284 0.183403 0.219714 0.110234 0.0838082 0.0141602 0.0515271 0.005135 0.00683618 0.00719037 0.0867234 0.0757618 0.15706 0.207784 0.178471 0.16085 0.018589 0.0731744 0.0347015 0.0228389 0.00342029 0.0031249
421.191 1.79996 192.623 149.941 1.01345 1.06753 0.2 0.6 0.8 1.3 1.8 1.9 2.4 3 3.5 3.8 4.6 5.3 0.0575394 0.162623 0.159281 0.289907 0.0527673 0.113852 0.0952434 0.0432928 0.0249021 5.95915e-11 0.0132602 0.000783976 0.0944401 0.136011 0.154207 0.274968 0.0289946 0.156284 0.088522 0.076023 0.00977835 0.0302772 0.0180278 2.77139e-12
476.919 2.03812 224.806 182.124 1.02285 1.19794 0.2 0.3 0.9 1.3 1.6 2 2.3 2.9 3.4 3.9 4.4 5.2 0.061452 0.0904637 0.255728 0.184098 0.172961 0.111472 0.012023 0.0659954 0.0468473 1.11944e-12 0 0.0218071 3.958e-12 0.173233 0.287813 0.131233 0.18912 0.0283242 0.161142 0.0842797 0.0340636 0.0608604 0.0108718 0.037
417.966 1.78618 190.632 147.95 1.01322 1.151 0.0001 0.6 1.1 1.2 1.5 1.9 2.3 2.9 3.5 3.8 4.4 5.3 0.0355614 0.26296 0.234527 4.53357e-08 0.185385 0.095073 0.105238 0.0536565 0.0252633 1.44519e-09 0.0126011 0.00295289 0.0667342 0.246052 0.0152526 0.289182 0.0798146 0.123923 0.120954 0.0965765 2.92905e-07 0.0664935 0.0206322 0.0253856
419.294 1.79186 191.454 148.772 1.01299 0.998795 0.2 0.5 0.7 1.1 1.4 1.6 2.1 2.7 3.3 3.9 4.5 4.6 0.0590067 0.0329921 0.258428 0.118273 0.203524 0.0658066 0.156393 0.060951 0.0415771 0.00126517 0.0141806 0.000594234 0.0834083 0.0944336 0.128178 0.244857 3.81602e-09 0.194757 0.131915 0.0763851 0.031239 0.0136207 3.10866e-07 4.38973e-10
415.796 1.7769 189.284 146.602 1.01278 1.03995 0.2 0.4 0.8 1.1 1.5 2.1 2.2 2.8 3.3 3.9 4.5 5.4 0.0323494 0.100019 0.262928 0.0902281 0.270465 0.0238874 0.132597 0.0450533 0.0386327 0.00230658 0.0143132 1.29729e-06 0.0788535 0.0888968 0.176856 0.174786 0.216385 0.0777335 0.0888298 0.0767955 0.0160428 0.0340823 5.55252e-09 0.0106938
417.516 1.78426 190.353 147.671 1.01347 1.01468 0.1 0.5 0.7 1 1.5 1.7 2.2 2.7 3.3 3.5 4.4 5 0.0308794 0.154851 0.0708983 0.246884 0.204579 0.064981 0.131351 0.0480884 0.0449778 1.17327e-09 0.0124081 0.00357219 0.0575391 0.165137 0.029369 0.263033 0.11966 0.149253 0.101507 0.0720093 0.026304 0.0186208 0.0122502 1.81258e-10
416.937 1.78178 189.993 147.311 1.01326 1.01209 0.0001 0.6 0.9 1.2 1.4 2 2.5 2.9 3.2 3.8 4.4 4.8 0.0379689 0.232251 0.140702 0.0351053 0.268618 0.147224 0.0802589 1.75642e-08 0.0522372 0.00309946 0.0113642 0.0044286 0.0666744 0.242272 0.0143833 0.248956 0.11476 0.174625 0.0572845 0.0593807 0.00233887 0.0314151 3.85931e-11 5.37553e-12
422.144 1.80403 193.208 150.526 1.0128 0.979568 0.0001 0.4 0.9 1.4 1.6 2 2.4 2.8 3.2 3.9 4.5 4.6 0.00831839 0.156142 0.312663 0.119561 0.167585 0.0619742 0.114445 1.44958e-11 0.0549654 0.00386938 0.0116235 0.00165103 0.0354832 0.148367 0.292794 0.103746 0.158932 0.0904531 0.0723296 0.0385265 0.0262557 0.012682 4.50346e-11 7.26638e-10
416.109 1.77824 189.479 146.797 1.01285 1.05972 0.2 0.6 0.7 1 1.4 1.9 2.3 2.9 3.4 3.9 4.5 5.4 0.0578865 0.134767 0.11511 0.14209 0.253381 0.113585 0.103289 0.048129 0.0292882 0.000539157 0.014788 4.19246e-09 0.100969 0.160261 1.78903e-07 0.211436 0.225406 0.10574 0.119126 0.0727721 0.00330227 0.0435238 1.40703e-08 0.0171822
415.727 1.77661 189.241 146.559 1.01282 1.03805 0.2 0.5 0.8 1.2 1.5 2 2.3 2.8 3.3 3.9 4.5 5.4 0.0504052 0.105566 0.238725 0.129038 0.21366 0.0891758 0.0901682 0.0395983 0.0402263 0.00169108 0.0145712 2.95337e-09 0.0964043 0.0857802 0.179807 0.208917 0.142531 0.117325 0.0750496 0.0716019 0.0174873 0.0330407 3.72423e-11 0.0101031
416.857 1.78144 189.944 147.262 1.01291 1.04663 0.2 0.5 0.8 1.3 1.4 2 2.4 2.8 3.4 3.9 4.5 5.4 0.0517912 0.097747 0.260677 0.0624705 0.241055 0.144958 0.0570631 0.0470715 0.035923 2.0022e-11 0.0140423 0.000109147 0.0987771 0.0728605 0.213236 0.240545 0.0705721 0.159371 0.0541122 0.0729843 0.0137219 0.0358265 8.65269e-12 0.0146249
417.301 1.78334 190.22 147.538 1.01368 1.03849 0.2 0.5 0.8 1.1 1.5 1.8 2.3 2.8 3.3 3.6 4.4 5.1 0.0457542 0.129283 0.175067 0.170701 0.184464 0.0953297 0.12124 0.0316909 0.0434194 2.32661e-10 0.0131761 0.00355236 0.0878399 0.0959168 0.180296 0.155582 0.154651 0.135146 0.100292 0.0645923 0.0235578 0.0251714 0.0154411 7.03326e-14
473.622 2.02403 223.01 180.328 1.02343 1.03594 0.1 0.3 0.8 1 1.6 2 2.2 2.7 3.3 3.4 4.5 5.2 0.0166348 0.149859 2.1373e-10 0.349014 0.284343 0.0484903 0.0314292 0.0521449 0.0620603 0.00747943 3.4881e-12 0.0219702 0.00013818 0.160296 0.159949 0.194154 0.269467 3.39649e-10 0.120282 0.0654311 0.0424834 0.0149089 0.00883213 1.14487e-08
475.836 2.03349 224.218 181.536 1.02303 1.00016 0.2 0.4 0.7 1.1 1.5 1.7 2.2 2.8 3.3 3.7 4.3 5.2 0.101748 0.0428457 0.0966255 0.311789 0.0550575 0.22083 0.0595921 0.0479485 0.0630794 0.00206003 2.12194e-11 0.0214587 0.0716927 0.0770925 0.164902 0.235956 0.0711807 0.161512 0.121758 0.0570627 0.0390042 8.71347e-12 1.10488e-10 3.78076e-09
473.596 2.02391 222.995 180.313 1.02293 1.00018 0.2 0.5 0.8 1.1 1.5 1.7 2.1 2.7 3.3 2.8 4.3 5.2 0.105736 0.0758205 0.0659587 0.305147 0.0586363 0.21104 0.0549102 0.0550513 0.0691269 1.78341e-11 4.996e-16 0.0214986 0.0815095 0.122378 0.137325 0.188568 0.141765 0.0802159 0.137959 0.0516675 0.0412771 0.0175179 1.43182e-08 2.01909e-09
473.906 2.02524 223.165 180.483 1.02322 0.999101 0.2 0.5 0.9 1.1 1.5 1.7 2.3 2.6 3.2 3.3 5.2 4.7 0.102868 0.0912012 0.0566902 0.315764 6.99779e-10 0.279954 0.0271924 0.0524364 0.0102704 0.0652833 0.021561 1.54765e-13 0.0750344 0.156785 0.109619 0.221299 0.00720221 0.236715 0.0981995 0.0355691 0.0583939 1.02154e-11 5.17975e-13 0.000283356
524.995 2.24357 249.681 206.999 1.0156 0.996174 0.3 0.4 0.9 1.1 1.5 1.9 2.2 2.8 3.1 3.9 4.9 5 0.073762 0.0741208 0.295833 0.105965 0.103888 0.226503 1.91847e-11 0.093439 0.0103224 0.0214217 0.0103495 2.83504e-10 0.168974 3.60124e-11 0.279126 0.0570877 0.220493 0.0218242 0.164138 0.0169737 0.0507022 0.016856 7.86284e-11 1.09742e-10
419.744 1.79378 191.732 149.05 1.01301 1.05133 0.2 0.4 0.8 1.3 1.4 1.8 2.2 2.7 3.2 3.8 4.5 4.6 0.0387299 0.0837412 0.302648 1.49882e-08 0.282696 0.0669114 0.13355 0.0375706 0.0466006 0.00730565 0.000527977 0.0127248 0.0686105 0.093284 0.23848 0.243814 1.05756e-09 0.157805 0.0931358 0.0705708 0.0457875 0.0264969 0.00848459 0.00486525
415.525 1.77575 189.115 146.433 1.01283 1.03153 0.1 0.5 0.7 1.2 1.4 2 2.2 2.7 3.3 3.9 4.5 5.4 0.043089 0.0475834 0.278301 0.104541 0.241007 0.120636 0.061041 0.0590525 0.0413821 0.00168679 0.0145147 5.23044e-08 0.0707118 0.0927791 0.167596 0.232167 0.127118 0.164441 0.0241657 0.091432 0.0225963 0.0297713 4.22762e-10 0.00875338
417.664 1.78489 190.445 147.763 1.01345 1.00747 0.1 0.5 0.7 1 1.5 1.7 2.2 2.7 3.3 3.4 4.4 5 0.0308367 0.155205 0.0702961 0.247343 0.204021 0.0654769 0.13123 0.0481381 0.0450328 4.41085e-08 0.0123877 0.00348735 0.0574232 0.165904 0.0280243 0.26381 0.11816 0.150164 0.100131 0.0714277 0.00848769 0.0328745 0.0110675 5.72604e-10
421.563 1.80155 192.852 150.17 1.01341 1.00737 0.1 0.5 0.8 1.2 1.5 1.9 2.3 2.9 3.5 4.4 4.6 5.2 0.033578 0.141302 0.203155 0.170067 0.168399 0.0979266 0.104791 0.0522918 0.0288378 1.22999e-07 0.0125175 0.000542396 0.0583384 0.152299 0.155227 0.199555 0.116358 0.14202 0.0802496 0.0672798 0.0254548 0.0105934 5.64602e-11 5.71766e-10
524.603 2.24189 249.488 206.806 1.02036 0.977089 0.2 0.5 0.7 1.1 1.4 1.8 2.3 3.1 3.4 3.5 4.3 5.3 0.0775799 0.0778728 0.162582 0.116402 0.218352 0.223692 0.0130217 0.112808 1.2142e-12 2.22877e-13 1.70609e-09 0.0180456 0.0886822 0.0566027 0.188891 0.169027 0.145794 0.148597 0.118391 0.0586751 1.11579e-08 0.00242926 2.99032e-10 2.04492e-09
475.027 2.03003 223.777 181.095 1.02282 1.00793 0.2 0.4 0.8 1.2 1.6 1.8 2.1 2.7 3.3 3.9 4.3 5.2 0.102038 0.0467035 0.162997 0.287093 0.0857885 0.156888 0.0340187 0.0574072 0.0683228 5.41672e-12 0 0.0215654 0.0647629 0.103709 0.214546 0.189972 0.156068 0.0282079 0.131827 0.0704707 0.0466081 1.86905e-09 0.00175352 2.75906e-10
479.971 2.05116 226.459 183.777 1.02357 1.08142 0.2 0.5 0.9 1.2 1.7 2.2 2.5 3.1 3.5 4.4 4.5 5.2 0.107525 0.070831 0.171027 0.237089 0.24806 0.0387819 0.0362931 0.0657581 0.0260519 4.42424e-14 1.27953e-13 0.0221535 0.0823389 0.130186 0.217243 0.14296 0.245052 0.0552156 0.0933534 0.0532669 0.0378695 0.017915 4.73675e-09 0.00602065
494.18 2.11188 234.014 191.333 1.0175 1.0685 0.2 0.3 0.9 1.2 1.6 2.2 2.6 3.1 3.7 4 4.5 5.1 0.0246719 0.110081 0.285359 0.176951 0.165746 0.114193 0.0888128 2.54868e-12 0.0400537 2.8608e-09 3.12283e-11 0.011634 0.0150535 0.15375 0.284599 0.0903044 0.239223 0.100134 0.090362 0.0419046 0.0177467 0.0288506 6.85729e-13 0.00657172
415.675 1.77639 189.208 146.526 1.01297 1.0549 0.2 0.4 0.8 1.1 1.5 1.9 2.3 2.9 3.3 3.9 4.5 5.3 0.0288653 0.108612 0.245454 0.115593 0.238786 0.0646058 0.123859 0.033566 0.0362785 0.00294072 0.0137682 0.000644921 0.0762711 0.0955165 0.163194 0.196039 0.187783 0.077751 0.129138 0.0653887 0.0118204 0.0400474 4.94846e-08 0.011954
418.681 1.78924 191.075 148.393 1.01311 1.02174 0.2 0.5 0.7 1 1.4 1.9 2.3 2.7 3.2 3.8 4.5 4.6 0.056412 0.052268 0.216578 0.119313 0.259897 0.11386 0.0965794 0.0300727 0.0478512 0.0067747 0.00358524 0.00991871 0.0833811 0.100785 0.101688 0.186119 0.200921 0.162838 0.053998 0.0664025 0.0377593 0.021026 0.00581272 0.00100577
