Chi2   rChi2   BIC   AIC    Qichtot    Qimtot  R[0]  R[1]  R[2]  R[3]  R[4]  R[5]  R[6]  R[7]  R[8]  R[9]  R[10]  R[11]  Q0ch    Q1ch    Q2ch    Q3ch    Q4ch    Q5ch    Q6ch    Q7ch    Q8ch    Q9ch    Q10ch    Q11ch    Q0m    Q1m    Q2m    Q3m    Q4m    Q5m    Q6m    Q7m    Q8m    Q9m    Q10m    Q11m
666.364 3.0708 288.527 260.884 1.07655 1.03198 0.3 0.5 0.8 1.4 1.6 1.9 2.3 3.1 3.5 4 4.5 5.1 0.176405 0.0193165 0.260348 0.319387 0.0880205 0.0434224 0.0565678 0.113079 0 0 0 0 0.182403 0.00494339 0.291847 0.236681 0.125908 2.47282e-05 0.160195 0.029976 0 0 0 0
666.514 3.07149 288.58 260.937 1.07628 1.03109 0.3 0.4 0.8 0.9 1.5 1.6 2.3 3.1 3.5 4.1 4.6 5.2 0.101657 0.131643 0.0285797 0.237116 0.385713 0.00932792 0.070925 0.111313 0 0 0 0 0.116173 0.116352 0.00453457 0.285927 0.288035 0.0304653 0.160102 0.0295 0 0 0 0
655.532 3.02089 284.692 257.05 1.10645 1.03326 0.3 0.7 0.9 1.2 1.6 1.7 2.5 3.7 3.3 3.8 4.4 4.9 0.173078 0.00249293 0.398224 0.0576517 0.154766 0.0982108 0.156909 0.0651139 0 0 0 0 0.196631 4.06468e-10 0.369331 0.00579721 0.163274 0.159223 0.123699 0.0153028 0 0 0 0
660.145 3.04214 286.333 258.69 1.1047 1.00313 0.2 0.6 0.8 0.6 1.4 1.6 2.4 3.6 3.2 3.8 4.3 4.9 0.11831 0.000386105 0.404278 6.72532e-05 0.226907 0.104113 0.181547 0.0690862 0 0 0 0 0.124057 0.0566021 0.310264 0.0109472 0.112968 0.247097 0.13276 0.00843213 0 0 0 0
701.309 3.23184 300.487 272.845 1.049 1.00223 0.3 0.6 0.8 0.9 1.4 1.5 2.1 2.8 3.1 3.7 4.3 4.9 0.150081 0.00841817 0.20953 0.188967 1.56016e-05 0.284761 0.0908379 0.116391 0 0 0 0 0.170802 0.108325 5.80999e-05 0.200881 0.303847 1.28488e-07 0.168461 0.0498592 0 0 0 0
660.254 3.04265 286.372 258.729 1.10468 1.00166 0.0001 0.4 0.8 1.4 1.6 1.7 2.4 3.6 3.2 3.8 4.3 4.9 0.048475 0.109337 0.342992 0.295054 0.0457797 0.00959966 0.184851 0.0685875 0 0 0 0 0.0616782 0.109733 0.331852 0.109822 0.248739 1.45907e-07 0.132278 0.00755315 0 0 0 0
661.287 3.04741 286.737 259.095 1.08868 1.03721 0.0001 0.5 0.7 1.4 1.5 2.7 2.2 3.5 3.3 3.8 4.4 5 0.0131261 0.372727 0.00229344 0.334106 0.185071 0.126988 0.00257368 0.0517939 0 0 0 0 0.0873878 1.07644e-07 0.386742 0.11218 0.249642 0.0599572 0.131289 0.0100119 0 0 0 0
657.277 3.02893 285.314 257.672 1.10079 1.02914 0.2 0.6 0.8 1.4 1.5 2 2.5 3.6 3.2 3.8 4.4 5 0.118448 1.94912e-08 0.399744 0.287684 3.71066e-09 0.102568 0.124983 0.0673621 0 0 0 0 0.124368 0.0691043 0.310231 8.79102e-09 0.323149 0.0778313 0.110456 0.0139977 0 0 0 0
661.755 3.04956 286.903 259.26 1.08585 1.03683 0.3 0.5 0.9 1.5 1.6 1.8 2.5 3.3 3.5 4 4.6 5.2 0.150133 0.104352 0.236961 0.409492 0.000172218 4.46616e-06 0.0993996 0.0853332 0 0 0 0 0.196677 0.00121517 0.369214 0.00365623 0.250981 0.0749719 0.126454 0.013665 0 0 0 0
666.937 3.07344 288.728 261.086 1.07626 1.03335 0.3 0.5 0.8 1.4 1.6 1.9 2.3 3.1 3.4 4 4.6 5.2 0.16385 0.0481566 0.237348 0.332263 0.08608 0.0366108 0.0592214 0.112733 0 0 0 0 0.163316 0.054568 0.24089 0.334748 0.0100164 0.0471427 0.151343 0.0313224 0 0 0 0
667.699 3.07695 288.995 261.353 1.07651 1.03845 0.2 0.5 0.3 1.2 1.5 1.9 2.3 3.1 3.3 3.9 4.5 5.1 0.0614215 0.228637 0.0240687 0.411046 0.0488075 0.169979 0.0149257 0.117628 0 0 0 0 0.0524169 0.280123 0.00963952 0.328146 0.112261 0.078033 0.142831 0.0350008 0 0 0 0
660.905 3.04564 286.602 258.959 1.10511 1.0026 0.2 0.6 0.7 0.9 1.4 1.7 2.4 3.6 3.3 3.9 4.4 5 0.123015 0.0294449 0.0617484 0.357463 0.171142 0.118657 0.173649 0.0699962 0 0 0 0 0.12131 6.28409e-07 0.280074 0.0805224 0.23269 0.149876 0.128704 0.00941999 0 0 0 0
664.815 3.06366 287.982 260.34 1.08031 1.03703 0.3 0.4 0.8 1.3 1.5 1.8 2.4 3.2 3.4 4 4.6 5.1 0.0939126 0.134284 0.205762 0.130362 0.328332 8.01029e-05 0.0914929 0.0960859 0 0 0 0 0.185382 0.000136253 0.288383 0.135045 0.167263 0.100527 0.136678 0.0236195 0 0 0 0
712.694 3.28431 304.256 276.613 1.04843 0.983507 0.0001 0.4 0.5 1.1 1.3 1.7 1.9 2.7 3 3.6 4.1 4.6 0.000343128 0.00290099 0.357337 0.101127 0.309264 0.0376419 0.0975374 0.142281 0 0 0 0 0.0663569 7.90588e-07 0.220984 0.393096 7.48619e-08 3.4482e-08 0.24549 0.0575797 0 0 0 0
660.225 3.04251 286.361 258.719 1.10461 1.00671 0.2 0.9 0.7 1.1 1.5 1.7 2.4 3.6 3.2 3.7 4.3 4.8 0.126833 0.355007 0.085113 0.0386559 0.166924 0.0890353 0.173004 0.0700404 0 0 0 0 0.124007 0.140139 0.24558 8.15727e-07 0.272471 0.0805468 0.133301 0.0106689 0 0 0 0
663.962 3.05973 287.682 260.04 1.08095 1.03499 0.2 0.5 0.8 1.4 1.5 1.8 2.4 3.2 3.4 4 4.5 5 0.0765038 0.20096 0.143162 0.414964 0.0146077 0.0465962 0.0869261 0.0972307 0 0 0 0 0.118569 0.0556623 0.332102 1.81328e-09 0.311774 0.0534041 0.141857 0.0216172 0 0 0 0
660.424 3.04343 286.432 258.789 1.10509 1.00088 0.2 0.6 0.8 1.3 1.6 1.7 2.4 3.6 3.3 3.9 4.5 5.1 0.0970023 0.151906 0.201205 0.314154 0.00157979 0.0891362 0.181012 0.0690908 0 0 0 0 0.121314 0.0903837 0.275304 0.10513 0.262558 0.00772209 0.130834 0.00763149 0 0 0 0
666.67 3.07221 288.634 260.992 1.07617 1.03089 0.2 0.6 0.7 1.3 1.5 1.7 2.3 3.1 3.5 4.1 4.6 5.2 0.0998994 0.167018 0.151802 0.152747 0.315738 0.00379473 0.0745268 0.110645 0 0 0 0 0.108314 0.121277 0.194397 0.245481 0.0939738 0.0804532 0.1574 0.0295976 0 0 0 0
654.725 3.01717 284.404 256.761 1.1011 1.04765 0.2 0.7 0.9 1.2 1.7 2 2.5 3.6 3.7 4.2 4.8 5.3 0.129468 0.133907 0.190749 0.296724 0.000129856 0.186606 0.0902935 0.0732246 0 0 0 0 0.123921 0.282441 0.0345944 0.191279 0.266938 5.86089e-08 0.127515 0.0209559 0 0 0 0
660.871 3.04549 286.59 258.948 1.10498 1.00078 0.2 0.7 0.8 1.4 1.7 0.6 2.4 3.6 3.2 3.7 4.2 4.8 0.117943 4.56336e-06 0.392469 0.271007 0.0671241 0.00716746 0.180117 0.0691457 0 0 0 0 0.122839 0.21494 0.138885 0.240314 0.147086 4.17913e-07 0.128538 0.00817426 0 0 0 0
666.197 3.07003 288.469 260.826 1.07735 1.03287 0.5 0.4 1.1 1.3 1.6 1.9 2.4 3.1 3.5 4.1 4.6 5.2 0.000297604 0.295721 0.195049 0.283581 0.000182625 0.169246 0.0161483 0.117123 0 0 0 0 5.38551e-09 0.296158 0.314648 0.0633912 0.101357 0.118625 0.111345 0.0273444 0 0 0 0
660.756 3.04496 286.549 258.907 1.10542 0.99561 0.2 0.6 0.9 1.4 1.6 1.7 2.4 3.6 3.3 3.9 4.4 4.9 0.0862339 0.226097 0.179825 0.333944 0.0110515 0.0113672 0.188463 0.0684395 0 0 0 0 0.117083 0.157925 0.252734 0.0587585 0.275779 2.8236e-09 0.128365 0.00496569 0 0 0 0
707.319 3.25954 302.484 274.842 1.04463 0.992397 0.2 0.5 0.6 0.7 1.3 1.4 2 2.7 3.1 3.6 4.2 4.7 0.0741 0.0245377 0.031823 0.334836 4.81874e-05 0.364738 0.077757 0.136791 0 0 0 0 0.100555 0.0864935 0.0113177 0.205805 0.344462 0.000236765 0.182633 0.0608934 0 0 0 0
663.645 3.05827 287.57 259.928 1.08092 1.03274 0.2 0.5 0.8 1.4 1.5 1.6 2.4 3.2 3.3 3.8 4.3 4.8 0.0682265 0.22395 0.125141 0.398529 5.7761e-05 0.0750441 0.0940904 0.0958806 0 0 0 0 0.12464 0.0342708 0.357597 8.80788e-07 0.170166 0.181613 0.14435 0.0200998 0 0 0 0
660.066 3.04178 286.305 258.662 1.10497 1.00385 0.0001 0.6 0.8 1.3 1.6 1.7 2.4 3.6 3.2 3.7 4.3 4.9 0.0881614 0.043402 0.388272 0.155958 0.177236 0.00510341 0.176991 0.0698483 0 0 0 0 0.0817893 0.188328 0.20714 0.117913 0.267131 1.26835e-07 0.132471 0.00908337 0 0 0 0
669.098 3.0834 289.485 261.843 1.0719 1.02317 0.0001 0.6 0.7 1.1 1.5 1.4 2.2 3 3.4 3.9 4.5 5 0.055506 0.36591 0.000376478 2.40761e-06 0.254526 0.218741 0.0499032 0.126938 0 0 0 0 0.068332 0.328009 0.000387413 0.0705408 4.85904e-06 0.339115 0.180392 0.0363875 0 0 0 0
659.961 3.0413 286.268 258.625 1.1048 1.00465 0.0001 0.5 0.8 1.4 1.6 1.7 2.4 3.6 3.3 3.8 4.3 4.8 0.084716 0.0336696 0.410035 0.237937 0.0186528 0.0731015 0.17694 0.0697491 0 0 0 0 0.0758406 0.120367 0.302661 0.120151 0.242941 1.46912e-05 0.133381 0.00929145 0 0 0 0
662.315 3.05214 287.101 259.458 1.08431 1.03584 0.0001 0.5 0.8 1.4 1.5 2 2.5 3.3 3.4 3.9 4.5 5.1 0.0210402 0.355092 0.000924899 0.503142 0.00697134 0.00764617 0.108656 0.0808328 0 0 0 0 0.0778465 0.114663 0.312151 1.02199e-08 0.323568 0.078424 0.113657 0.0155338 0 0 0 0
654.666 3.01689 284.383 256.74 1.10564 1.03743 0.2 0.5 0.8 1.1 1.6 1.7 2.5 3.7 3.2 3.8 4.4 5 0.0759735 0.144887 0.188226 0.216426 0.247676 0.00573318 0.162669 0.0640521 0 0 0 0 0.134639 0.00370064 0.377448 0.0355742 0.259215 0.0825921 0.128911 0.0153457 0 0 0 0
666.625 3.07201 288.619 260.976 1.07631 1.03186 0.2 0.3 0.7 1.2 1.5 1.6 2.3 3.1 3.3 3.9 4.4 5 0.00723405 0.159468 0.228124 0.199077 0.133358 0.170286 0.0668202 0.111947 0 0 0 0 0.0168694 0.147618 0.240855 0.207343 0.0740317 0.156528 0.158551 0.0300614 0 0 0 0
663.72 3.05862 287.597 259.954 1.08147 1.03541 0.0001 0.5 0.8 1.5 1.7 1.5 2.4 3.2 3.5 4.1 4.7 5.3 0.0791917 0.113676 0.291651 0.111917 0.00195471 0.299548 0.084708 0.0988222 0 0 0 0 0.0773048 0.115883 0.312727 0.241997 0.0726695 0.0485513 0.145081 0.0211947 0 0 0 0
660.134 3.04209 286.329 258.686 1.10479 1.00275 0.0001 0.6 0.8 1.3 1.6 1.7 2.4 3.6 3.3 3.9 4.5 5 0.0695711 0.195296 0.192077 0.291854 0.0383666 0.0681364 0.18032 0.0691703 0 0 0 0 0.0816248 0.189904 0.205007 0.119195 0.266347 4.35642e-07 0.132413 0.00825541 0 0 0 0
656.086 3.02344 284.89 257.247 1.10036 1.04207 0.0001 0.5 0.8 1.5 1.6 2.8 2.4 3.8 3.5 4.1 4.7 5.3 0.0380188 0.263144 0.147416 0.469043 0.00159126 0.140969 1.83186e-08 0.0401819 0 0 0 0 0.0916347 0.0532349 0.391235 1.68191e-09 0.349027 0.0396398 0.108241 0.00905556 0 0 0 0
656.21 3.02401 284.934 257.291 1.10116 1.03676 0.2 0.6 0.9 1.5 1.9 2 2.5 3.6 3.5 4.1 4.6 5.2 0.136121 7.08405e-07 0.478849 0.178184 1.21185e-06 0.128283 0.109383 0.0703382 0 0 0 0 0.116818 0.163681 0.244794 0.277025 0.100004 8.20584e-09 0.117049 0.017393 0 0 0 0
654.78 3.01742 284.423 256.781 1.09908 1.04704 0.2 0.7 0.9 1.5 1.8 1.6 2.5 3.6 3.3 3.8 4.3 4.9 0.133658 4.49148e-05 0.491679 0.105316 0.170991 0.000425485 0.128594 0.0683716 0 0 0 0 0.131458 0.176846 0.241562 0.000246907 0.0402559 0.306013 0.132579 0.0180769 0 0 0 0
663.711 3.05857 287.593 259.951 1.10604 0.991793 0.2 0.4 0.6 1.2 1.4 1.8 2.4 3.6 3 3.6 4.2 4.8 0.0785567 0.0186748 0.25388 0.397217 0.0168656 0.0963044 0.175327 0.0692129 0 0 0 0 0.0972746 1.77786e-06 0.278224 0.236882 0.112461 0.146193 0.114228 0.00652799 0 0 0 0
661.861 3.05005 286.94 259.298 1.08602 1.0379 0.2 0.7 0.9 1.5 1.8 1.9 2.5 3.3 3.4 3.9 4.5 5 0.124347 0.258566 0.0975642 0.421433 0.000613528 4.37425e-05 0.0972773 0.086175 0 0 0 0 0.128669 0.210269 0.189178 0.248162 0.111895 0.00992942 0.125596 0.014202 0 0 0 0
691.007 3.18437 297.025 269.382 1.05867 1.00557 0.2 0.4 0.7 0.8 1.4 1.5 2.2 3 3.1 3.7 4.2 4.8 0.112431 0.000340192 4.82731e-06 0.41632 0.187761 0.110303 0.147604 0.0839099 0 0 0 0 0.0556759 0.164094 0.000981484 0.230822 0.351815 7.50403e-10 0.171249 0.0309278 0 0 0 0
664.347 3.06151 287.818 260.175 1.0805 1.03519 0.3 0.5 0.9 1.4 1.5 1.7 2.4 3.2 3.4 4 4.6 5.2 0.115166 0.180518 0.150817 0.240404 0.195755 0.00882902 0.0932696 0.0957375 0 0 0 0 0.175892 0.0477743 0.317152 0.000165102 0.207354 0.124247 0.14039 0.0222193 0 0 0 0
661.491 3.04835 286.81 259.167 1.08648 1.0364 0.2 0.7 0.9 1.5 1.7 1.9 2.5 3.3 3.6 4.1 4.7 5.2 0.125313 0.250244 0.108118 0.412205 0.00662118 0.000696799 0.0964413 0.086843 0 0 0 0 0.131266 0.182034 0.23049 0.149726 0.200915 0.000195501 0.129167 0.01261 0 0 0 0
701.044 3.23062 300.399 272.756 1.04914 1.00072 0.2 0.4 0.6 0.9 1.4 1.5 2.1 2.8 3.1 3.6 4.1 4.6 0.0893075 0.000911816 0.167558 0.301907 3.01858e-06 0.281025 0.0924191 0.116013 0 0 0 0 0.0394 0.210821 8.40952e-07 0.234995 0.2974 2.7417e-07 0.169526 0.0485773 0 0 0 0
663.602 3.05807 287.555 259.913 1.08166 1.03536 0.0001 0.5 0.8 0.8 1.5 1.6 2.4 3.2 3.4 4 4.6 5.1 0.0835755 0.0963521 0.310982 5.86628e-08 0.37169 0.0367152 0.0829596 0.0993846 0 0 0 0 0.0790055 0.107915 0.305759 0.0180314 0.200025 0.157263 0.146465 0.0208928 0 0 0 0
691.473 3.18651 297.182 269.54 1.05837 1.00508 0.0001 0.6 0.7 1.3 1.5 1.2 2.2 3 3.2 3.7 4.3 4.8 0.0704661 0.0383014 0.3261 7.62474e-09 0.176302 0.213711 0.150653 0.0828379 0 0 0 0 0.0671711 0.333963 1.08739e-07 0.281508 0.121045 5.98687e-06 0.170378 0.0310071 0 0 0 0
670.673 3.09066 290.035 262.393 1.06977 1.01864 0.2 0.5 0.7 0.8 1.4 1.5 2.2 3 3.2 3.8 4.3 4.8 0.0442071 0.293458 0.00656731 0.0504266 0.479241 0.000182052 0.0774036 0.118288 0 0 0 0 0.0908725 0.155327 3.69213e-07 0.203882 0.356732 2.95078e-07 0.176687 0.0351438 0 0 0 0
661.235 3.04717 286.719 259.076 1.08681 1.03517 0.0001 0.6 0.8 1.5 1.7 1.9 2.5 3.3 3.6 4.1 4.7 5.3 0.084577 0.173054 0.218048 0.427452 2.00836e-07 1.14067e-09 0.0964849 0.0871984 0 0 0 0 0.0926288 0.0957587 0.335672 0.193641 0.17528 1.80736e-08 0.130659 0.0115279 0 0 0 0
660.708 3.04474 286.532 258.89 1.1057 1.0008 0.2 0.4 0.8 1.1 1.6 1.7 2.4 3.6 3.3 3.9 4.5 5.1 0.0911082 0.0795123 0.208212 0.303194 0.0496487 0.131939 0.171446 0.0706438 0 0 0 0 0.0854022 0.105908 0.253839 0.120461 0.297744 1.55767e-08 0.12897 0.0084785 0 0 0 0
659.58 3.03954 286.133 258.49 1.10428 1.00984 0.2 2.77556e-17 0.7 0.9 1.5 1.7 2.4 3.6 3.3 3.9 4.5 5 0.0266795 0.073821 0.140057 0.349054 0.193585 0.0785692 0.172366 0.0701483 0 0 0 0 0.000316241 0.0880514 0.359006 0.04631 0.312277 0.0556994 0.136591 0.0115887 0 0 0 0
662.312 3.05213 287.1 259.457 1.08699 1.04144 0.3 0.8 0.9 1 1.6 1.7 2.5 3.3 3.5 4 4.6 5.2 0.202793 0.0906375 1.59135e-09 0.288859 0.329289 2.25254e-06 0.085072 0.0903346 0 0 0 0 0.197597 0.000709687 0.357564 0.0170029 0.169612 0.153596 0.130465 0.0148952 0 0 0 0
655.245 3.01956 284.59 256.947 1.10018 1.04081 0.2 0.7 0.9 1.3 1.7 1.8 2.5 3.6 3.3 3.8 4.3 4.9 0.134247 0.0121584 0.455538 0.0951276 0.00877704 0.199055 0.126346 0.0689255 0 0 0 0 0.126779 0.237927 0.132261 0.14419 0.256408 5.21789e-11 0.126632 0.0166188 0 0 0 0
663.713 3.05858 287.594 259.952 1.08154 1.03567 0.2 0.4 0.8 0.8 1.5 1.6 2.4 3.2 3.4 3.9 4.5 5.1 0.120566 0.0334995 0.331767 0.00763617 0.366113 0.0395272 0.0832322 0.099201 0 0 0 0 0.115682 0.0388359 0.356731 0.00521982 0.175467 0.176633 0.145891 0.0212078 0 0 0 0
663.633 3.05822 287.566 259.924 1.0815 1.03499 0.2 0.5 0.8 1.5 1.6 0.7 2.4 3.2 3.4 3.9 4.4 4.9 0.121598 0.0493456 0.309749 0.406041 0.00516607 0.00575604 0.085114 0.0987269 0 0 0 0 0.128334 0.00750182 0.302303 0.189147 0.166163 0.0747335 0.145964 0.0208419 0 0 0 0
660.228 3.04252 286.362 258.72 1.1046 1.00647 0.2 0.5 0.9 0.7 1.5 1.7 2.4 3.6 3.2 3.8 4.4 5 0.119461 0.0416065 0.42863 0.00724442 0.184977 0.0789527 0.17378 0.0699463 0 0 0 0 0.124 1.31452e-06 0.140011 0.245661 0.272558 0.0804712 0.133246 0.0105227 0 0 0 0
656.816 3.0268 285.15 257.507 1.10684 1.02437 0.3 0.9 0.7 0.8 1.4 1.7 2.5 3.7 3.2 3.7 4.3 4.8 0.122134 0.000281221 0.334042 0.000324492 0.369889 0.0441732 0.173318 0.0626813 0 0 0 0 0.195183 0.341896 0.0162141 0.000141737 0.0841711 0.257266 0.119651 0.00984639 0 0 0 0
16235.5 74.8182 1035.72 1008.08 1.73817 1.77948 0.0001 0.2 0.8 0.6 1.6 1.7 3.1 2.4 3 3.6 4.2 4.8 3.78031e-14 1.44273e-13 4.86999e-13 2.50355e-14 6.77963e-12 0.332879 0.405287 1 0 0 0 0 0.132353 5.9457e-09 0.618668 6.17761e-11 0.510033 0.095726 0.143165 0.279532 0 0 0 0
654.105 3.01431 284.182 256.54 1.09931 1.05144 0.1 0.7 1 1.5 1.8 1.6 2.5 3.6 3.4 4 4.5 5.1 0.105976 0.158528 0.415546 3.1526e-05 0.229841 6.82086e-07 0.119283 0.070108 0 0 0 0 0.100249 0.312999 0.139098 9.69722e-09 0.0386343 0.305873 0.13429 0.0202925 0 0 0 0
660.431 3.04346 286.434 258.792 1.1054 1.00314 0.2 0.6 0.8 1.2 1.6 1.7 2.4 3.6 3.3 3.8 4.3 4.8 0.125356 0.00673783 0.333359 0.23668 0.00490134 0.157277 0.170416 0.0706693 0 0 0 0 0.118909 0.113237 0.234656 0.109054 0.287193 1.14036e-08 0.130726 0.00936268 0 0 0 0
669.163 3.0837 289.508 261.865 1.07232 1.0255 0.3 0.4 0.6 1.2 1.5 1.8 2.2 3 3.3 3.8 4.3 4.8 0.0612766 0.153939 0.119619 0.354871 0.0567964 0.194397 1.72424e-06 0.131422 0 0 0 0 0.0189648 0.239483 0.0736173 0.357653 0.0787974 0.0489099 0.169973 0.0380986 0 0 0 0
659.647 3.03985 286.156 258.514 1.10429 1.01031 0.0001 0.6 0.7 1 1.5 1.7 2.4 3.6 3.2 3.7 4.3 4.8 0.0899519 0.0011304 0.246591 0.28053 0.134848 0.110546 0.17035 0.07034 0 0 0 0 0.0877552 7.4742e-05 0.371857 0.0376972 0.305313 0.0591372 0.136536 0.0119366 0 0 0 0
662.22 3.05171 287.067 259.425 1.08558 1.03893 0.2 0.5 0.7 1.2 1.6 1.8 2.5 3.3 3.5 4 4.6 5.2 0.0595069 0.277243 5.22328e-05 0.317934 0.24873 3.11671e-08 0.0965144 0.0855978 0 0 0 0 0.122439 1.67675e-06 0.30316 0.205361 0.137303 0.131651 0.123682 0.0153288 0 0 0 0
654.148 3.01451 284.197 256.555 1.09978 1.05171 0.2 0.7 0.9 1.3 1.6 1.9 2.5 3.6 3.5 4.1 4.7 5.2 0.137444 0.0078352 0.440665 0.142397 0.00180827 0.189913 0.108372 0.0713399 0 0 0 0 0.131009 0.180906 0.236339 7.89184e-08 0.323359 0.0263039 0.132579 0.0212165 0 0 0 0
691.087 3.18473 297.051 269.409 1.05852 1.0048 0.2 0.6 0.7 0.9 1.4 1.5 2.2 3 3.2 3.7 4.2 4.8 0.110859 0.0825264 0.00822201 0.38351 1.71963e-09 0.244232 0.14582 0.0833527 0 0 0 0 0.103112 0.226723 0.0258443 0.0944025 0.353619 1.43044e-05 0.17011 0.0309757 0 0 0 0
663.831 3.05913 287.636 259.993 1.08108 1.03459 0.0001 0.6 0.7 1.4 1.6 1.8 2.4 3.2 3.4 4 4.5 5.1 0.0725679 0.229593 0.119648 0.380827 0.0792833 0.0133722 0.0884517 0.097339 0 0 0 0 0.0869608 0.00659612 0.378698 0.224922 0.130448 0.04317 0.142627 0.0211718 0 0 0 0
661.753 3.04955 286.902 259.26 1.0875 1.0391 0.2 0.5 0.8 1 1.6 1.7 2.5 3.3 3.5 4 4.6 5.2 0.107476 0.145052 0.00915036 0.322033 0.327806 4.35194e-05 0.0851613 0.0907736 0 0 0 0 0.135769 0.00268822 0.366908 0.0435278 0.273602 0.0707186 0.132937 0.0129463 0 0 0 0
666.355 3.07076 288.524 260.881 1.07671 1.03238 0.3 0.5 0.9 1.4 1.5 1.6 2.3 3.1 3.3 3.9 4.4 4.9 0.189444 0.0175512 0.321853 0.0987132 0.0106912 0.266098 0.0585461 0.113812 0 0 0 0 0.159249 0.0853416 0.274599 5.1946e-05 0.307329 0.0144814 0.161426 0.0299042 0 0 0 0
669.152 3.08365 289.504 261.861 1.07209 1.02312 0.3 0.5 0.8 1.4 1.5 1.9 2.2 3 3.3 3.8 4.3 4.9 0.0705624 0.255446 0.0838819 0.357524 0.10729 0.0266815 0.0432463 0.127455 0 0 0 0 0.164029 0.0540912 0.237398 0.347325 0.00379041 4.67833e-08 0.180313 0.0361684 0 0 0 0
715.775 3.2985 305.265 277.623 1.04821 0.994699 0.2 0.5 0.8 0.7 1.3 1.4 1.9 2.7 3 3.5 4.1 4.6 0.018856 0.241188 0.0340332 0.151251 0.00229195 0.386455 0.0655809 0.148554 0 0 0 0 0.141522 4.69426e-11 0.342655 9.45297e-10 0.216044 1.96709e-08 0.226382 0.0680961 0 0 0 0
669.349 3.08456 289.573 261.93 1.07183 1.02159 0.3 0.4 0.5 0.8 1.4 1.5 2.2 3 3.4 3.9 4.5 5.1 0.00448907 0.0615091 0.313579 0.0013887 0.467261 0.0362893 0.062207 0.12511 0 0 0 0 0.148898 0.0394485 0.026115 0.241031 0.348793 0.00184796 0.180303 0.0351561 0 0 0 0
666.331 3.07065 288.516 260.873 1.07628 1.02993 0.2 0.5 0.7 1.2 1.5 1.6 2.3 3.1 3.5 4 4.5 5.1 0.0811656 0.152496 0.161735 0.151258 0.325431 0.0192915 0.0742878 0.110618 0 0 0 0 0.114934 0.0165224 0.307137 0.106684 0.268835 0.0260986 0.160988 0.0287271 0 0 0 0
663.792 3.05895 287.622 259.98 1.08156 1.03608 0.2 0.5 0.8 1.5 1.6 1.7 2.4 3.2 3.4 3.9 4.5 5.1 0.130273 0.0242287 0.33996 0.379114 0.00283199 0.0237784 0.0818986 0.0994764 0 0 0 0 0.12195 0.0437812 0.346621 0.235892 0.0772083 0.0437216 0.145416 0.0214864 0 0 0 0
663.005 3.05532 287.345 259.702 1.0842 1.03861 0.2 0.6 0.9 1.5 1.4 2 2.5 3.3 3.3 3.9 4.5 5 0.0853247 0.317876 0.00182066 0.153424 0.337171 4.8174e-09 0.107035 0.081549 0 0 0 0 0.11518 0.173741 0.230417 0.303121 2.9937e-07 0.0870607 0.111714 0.0173709 0 0 0 0
655.554 3.02098 284.7 257.057 1.10633 1.03364 0.3 0.7 0.9 1.4 1.6 1.7 2.5 3.7 3.2 3.7 4.2 4.8 0.169175 0.0241005 0.383252 0.123259 0.0338299 0.150442 0.157342 0.0649286 0 0 0 0 0.196574 2.08866e-08 0.370678 0.00878709 0.156825 0.161369 0.124039 0.0153721 0 0 0 0
661.872 3.0501 286.944 259.302 1.08606 1.03783 0.3 0.4 0.9 1.5 1.7 1.8 2.5 3.3 3.5 4 4.5 5 0.122784 0.107923 0.273646 0.371476 0.0269709 0.000645686 0.0962779 0.0863356 0 0 0 0 0.192273 0.00736736 0.364117 0.109853 0.211143 0.0119304 0.12717 0.0139738 0 0 0 0
664.111 3.06042 287.735 260.092 1.08099 1.03591 0.3 0.5 0.9 1.5 1.7 1.6 2.4 3.2 3.4 4 4.6 5.2 0.159311 0.0842536 0.255287 0.394441 2.43596e-06 0.00255752 0.0875086 0.0976259 0 0 0 0 0.181133 0.0354108 0.333754 0.0503396 7.50414e-07 0.270076 0.14317 0.0220255 0 0 0 0
661.172 3.04688 286.697 259.054 1.08608 1.03344 0.2 0.5 0.8 1.1 1.7 1.5 2.5 3.3 3.6 4.1 4.7 5.2 0.058052 0.273711 0.0102843 0.183284 0.00511599 0.368835 0.102125 0.084668 0 0 0 0 0.13559 4.48367e-05 0.38833 0.0123079 0.193348 0.164054 0.128396 0.0113684 0 0 0 0
662.667 3.05376 287.225 259.583 1.08666 1.04267 0.3 1 0.7 0.8 1.6 1.8 2.5 3.3 3.5 4.1 4.7 5.3 0.201124 0.304343 0.0305937 0.0474661 0.327799 2.15448e-05 0.0853584 0.0899504 0 0 0 0 0.193377 0.211271 0.00222421 0.172554 0.232929 0.0861089 0.12815 0.0160556 0 0 0 0
661.754 3.04956 286.903 259.26 1.08584 1.03681 0.3 0.5 0.9 1.5 1.6 1.8 2.5 3.3 3.5 4 4.6 5.2 0.150179 0.104274 0.237 0.409591 4.3309e-05 4.82968e-06 0.0994321 0.0853179 0 0 0 0 0.196711 0.00114143 0.369271 0.0038363 0.250608 0.0751693 0.126408 0.0136644 0 0 0 0
669.717 3.08625 289.701 262.059 1.07152 1.02471 0.2 0.5 0.7 1.4 1.5 2.1 2.2 3 3.4 4 4.5 5.1 0.039883 0.28053 0.0796507 0.38419 0.0955206 0.0500989 0.014736 0.126908 0 0 0 0 0.114335 0.0169405 0.312965 0.364034 0.000251809 5.06476e-07 0.177976 0.0382031 0 0 0 0
671.09 3.09258 290.181 262.538 1.07354 1.01859 0.3 0.4 0.6 1.2 1.5 1.8 2.2 3 3.4 3.9 4.4 4.9 0.12091 0.0642289 0.144518 0.388315 0.00963251 0.213344 0.00119375 0.131401 0 0 0 0 0.014107 0.241181 0.08306 0.32029 0.143629 1.9675e-05 0.185153 0.0311511 0 0 0 0
660.54 3.04396 286.473 258.83 1.10463 1.00023 0.0001 0.6 0.9 1.3 1.6 1.7 2.4 3.6 3.3 3.9 4.5 5 0.0511915 0.34069 0.0142062 0.383931 0.00841066 0.0513749 0.186725 0.0681047 0 0 0 0 0.0782562 0.247639 0.169824 0.0925003 0.273837 3.51961e-07 0.131334 0.00683437 0 0 0 0
681.461 3.14038 293.769 266.127 1.08426 0.97484 0.0001 0.5 0.7 1.3 1.5 1.4 2.2 3.3 3.2 3.7 4.3 4.8 0.0786981 1.3445e-08 0.360958 0.357708 8.6364e-11 8.55732e-11 0.2132 0.073697 0 0 0 0 0.0323547 0.326661 8.05906e-09 0.394921 8.54532e-10 0.0306448 0.177773 0.0124846 0 0 0 0
673.024 3.10149 290.854 263.211 1.06963 1.00798 0.3 0.5 0.4 0.9 1.4 1.5 2.1 2.9 3.3 3.8 4.3 4.9 0.019353 0.358053 2.09465e-06 0.0479192 0.0832296 0.411331 0.000887559 0.148858 0 0 0 0 0.191773 5.64514e-07 0.0171309 0.307399 0.254692 1.24432e-09 0.197245 0.0397419 0 0 0 0
666.659 3.07216 288.631 260.988 1.07603 1.03031 0.3 0.5 0.8 0.9 1.4 1.6 2.3 3.1 3.3 3.9 4.4 4.9 0.0996445 0.210077 0.00653996 0.116547 0.365209 0.0909816 0.0771732 0.109862 0 0 0 0 0.168693 0.0510996 0.140563 0.133312 0.206817 0.141841 0.158672 0.0293122 0 0 0 0
660.314 3.04292 286.393 258.75 1.105 1.00213 0.2 0.6 0.8 1.3 1.6 1.7 2.4 3.6 3.2 3.8 4.4 5 0.118383 0.0128243 0.374124 0.186575 0.161384 0.00274 0.179527 0.069443 0 0 0 0 0.121725 0.0871674 0.279913 0.0997928 0.273823 2.07415e-08 0.131426 0.00828243 0 0 0 0
661.454 3.04817 286.796 259.154 1.08644 1.03614 0.2 0.7 0.9 1.5 1.7 2.3 2.5 3.3 3.5 4 4.5 5 0.123948 0.261328 0.0945494 0.422716 7.17672e-07 1.35087e-07 0.097322 0.0865718 0 0 0 0 0.131279 0.181823 0.230775 0.149218 0.201451 6.16962e-06 0.129055 0.0125347 0 0 0 0
659.994 3.04145 286.279 258.637 1.10463 1.00801 0.2 0.7 0.8 1.2 1.5 1.7 2.4 3.6 3.3 3.9 4.5 5.1 0.125926 0.00117376 0.343005 0.226316 0.0105841 0.157718 0.169467 0.0704422 0 0 0 0 0.126859 0.127283 0.248093 3.55203e-09 0.289007 0.0711965 0.134372 0.0112019 0 0 0 0
692.581 3.19162 297.557 269.914 1.05785 1.00428 0.2 0.6 0.7 0.8 1.4 1.5 2.2 3 3.2 3.8 4.3 4.9 0.105813 0.0491463 0.000871238 0.352307 0.312128 2.86606e-05 0.156615 0.080938 0 0 0 0 0.106994 0.193689 0.00131141 0.142911 0.359332 2.00743e-07 0.168802 0.0312419 0 0 0 0
661.532 3.04853 286.824 259.181 1.10445 1.00578 0.2 0.4 0.8 0.7 1.5 1.7 2.4 3.6 3.3 3.8 4.3 4.9 0.115957 4.80943e-09 0.42263 7.26864e-09 0.320162 5.40223e-12 0.175667 0.0700383 0 0 0 0 0.126323 3.3337e-08 0.235825 0.137803 0.296191 0.0648888 0.133862 0.0108827 0 0 0 0
663.469 3.05746 287.508 259.866 1.08165 1.03458 0.1 0.5 0.7 0.8 1.5 1.6 2.4 3.2 3.5 4.1 4.7 5.2 0.0890914 0.0944407 0.00793811 0.294344 0.40338 0.00886764 0.0845768 0.0990071 0 0 0 0 0.0992406 0.000127889 0.247524 0.155847 0.230207 0.134364 0.146876 0.0203894 0 0 0 0
666.374 3.07085 288.531 260.888 1.07664 1.03212 0.3 0.5 0.9 1.4 1.5 1.6 2.3 3.1 3.4 4 4.6 5.2 0.179016 0.0400559 0.29852 0.134397 0.000170147 0.250535 0.0605636 0.11338 0 0 0 0 0.159342 0.0851213 0.274781 0.00104271 0.304669 0.0160827 0.161267 0.0298139 0 0 0 0
660.802 3.04517 286.566 258.923 1.10516 1.00301 0.2 0.7 0.8 1.4 1.7 1.1 2.4 3.6 3.2 3.8 4.3 4.8 0.125765 0.0032009 0.330607 0.11821 0.134124 0.150757 0.17231 0.0701902 0 0 0 0 0.122855 0.214322 0.139704 0.240294 0.147188 1.41881e-08 0.129045 0.00959919 0 0 0 0
663.677 3.05842 287.582 259.939 1.0814 1.03496 0.2 0.5 0.9 0.8 1.5 1.6 2.4 3.2 3.4 4 4.6 5.1 0.0981604 0.150913 0.245535 0.00777795 0.363795 0.0312586 0.0855132 0.0984515 0 0 0 0 0.122583 0.0429566 0.0180502 0.333644 0.172131 0.179138 0.145513 0.0209459 0 0 0 0
