Chi2   rChi2   BIC   AIC    Qichtot    Qimtot  R[0]  R[1]  R[2]  R[3]  R[4]  R[5]  R[6]  R[7]  R[8]  R[9]  R[10]  R[11]  Q0ch    Q1ch    Q2ch    Q3ch    Q4ch    Q5ch    Q6ch    Q7ch    Q8ch    Q9ch    Q10ch    Q11ch    Q0m    Q1m    Q2m    Q3m    Q4m    Q5m    Q6m    Q7m    Q8m    Q9m    Q10m    Q11m
695.011 3.20282 298.377 270.734 1.08252 1.06639 0.3 0.5 0.8 1.4 1.5 1.8 2.3 3.2 3.4 4 4.6 5.1 0.177552 0.0199248 0.24717 0.385767 1.17566e-05 0.0615259 0.0818096 0.108759 0 0 0 0 0.125119 0.153659 0.157763 0.404401 6.62203e-08 0.0011657 0.190119 0.0341661 0 0 0 0
694.885 3.20224 298.334 270.692 1.08291 1.07119 0.3 0.4 0.5 1.2 1.5 1.9 2.3 3.2 3.3 3.9 4.5 5.1 0.1029 0.0899547 0.099533 0.471575 0.000927332 0.167222 0.0377555 0.11304 0 0 0 0 0.0355063 0.121442 0.19075 0.294199 0.196812 0.0074652 0.188437 0.0365826 0 0 0 0
694.893 3.20227 298.337 270.694 1.08282 1.06923 0.0001 0.6 0.4 1.3 1.5 2.1 2.3 3.2 3.4 4 4.5 5.1 0.0115546 0.116026 0.217415 0.450326 0.0417048 0.110085 0.0240724 0.111638 0 0 0 0 0.0298296 0.227639 0.134007 0.305008 0.146012 0.000554556 0.191181 0.034998 0 0 0 0
726.89 3.34972 308.871 281.228 1.06537 1.02212 0.0001 0.5 1.2 1.2 1.4 1.5 2 2.9 3.3 3.9 4.5 5 0.005621 0.381193 0.0824956 0.019071 0.0100742 0.411742 0.0144509 0.140719 0 0 0 0 0.0482369 0.285872 0.185447 0.215511 5.5478e-11 2.0537e-09 0.227386 0.0596669 0 0 0 0
685.83 3.16051 295.265 267.622 1.09061 1.07792 0.0001 0.5 0.7 1.4 1.6 1.9 2.5 3.4 3.5 4.1 4.7 5.3 0.0207209 0.354485 0.000623107 0.507827 5.10497e-05 0.00902196 0.114046 0.0838315 0 0 0 0 0.0878374 0.00229019 0.390858 0.219267 0.150712 0.0609042 0.144104 0.0219424 0 0 0 0
720.896 3.3221 306.933 279.291 1.09512 0.959006 0.3 0.6 0.8 1.3 1.5 1.4 2.2 3.4 3.3 3.8 4.4 4.9 0.165661 3.19907e-08 0.290506 0.337327 4.02061e-10 6.19976e-10 0.224494 0.0771299 0 0 0 0 0.13786 0.242311 9.99481e-11 0.286059 7.15533e-12 0.126136 0.160825 0.00581379 0 0 0 0
676.511 3.11756 292.063 264.421 1.09868 1.11059 0.2 0.6 0.8 1.1 1.5 2.6 2.2 3.6 3.3 3.8 4.4 4.9 0.152197 0.00332278 0.117294 0.495158 0.000310194 1.1724e-13 0.249594 0.0808039 0 0 0 0 0.121413 0.105349 0.27537 4.26276e-06 0.36954 0.101899 0.102057 0.0349543 0 0 0 0
705.992 3.25342 302.045 274.402 1.07388 1.04932 0.0001 0.6 1.5 1.3 1.6 2.1 2.2 3 3.4 3.9 4.4 4.9 0.0540785 0.359705 0.00574778 0.217229 0.282731 0.0142258 8.63089e-07 0.140165 0 0 0 0 0.0684205 0.339212 0.124288 0.287761 6.11825e-08 1.32197e-08 0.185321 0.0443162 0 0 0 0
694.417 3.20008 298.176 270.534 1.08305 1.06917 0.3 0.5 0.9 1.4 1.5 2 2.3 3.2 3.4 3.9 4.4 5 0.201854 0.00165756 0.293447 0.30167 0.0239775 0.11299 0.0348895 0.112569 0 0 0 0 0.111312 0.20076 0.141253 0.351877 0.0377873 1.0468e-05 0.190482 0.035686 0 0 0 0
