Chi2   rChi2   BIC   AIC    Qichtot    Qimtot  R[0]  R[1]  R[2]  R[3]  R[4]  R[5]  R[6]  R[7]  R[8]  R[9]  R[10]  R[11]  Q0ch    Q1ch    Q2ch    Q3ch    Q4ch    Q5ch    Q6ch    Q7ch    Q8ch    Q9ch    Q10ch    Q11ch    Q0m    Q1m    Q2m    Q3m    Q4m    Q5m    Q6m    Q7m    Q8m    Q9m    Q10m    Q11m
619.962 2.85697 271.638 243.995 1.07813 1.01367 0.4 0.5 1.1 1.4 1.5 2 2.1 2.9 3.3 3.9 4.4 4.9 0.0993233 0.266719 0.0973922 0.135032 0.301622 0.030262 9.47097e-08 0.147784 0 0 0 0 0.285404 0.0187609 0.273922 0.197959 0.00175471 2.38432e-07 0.194087 0.0417839 0 0 0 0
620.417 2.85906 271.809 244.166 1.11157 0.932764 0.2 0.5 0.7 0.8 1.4 1.5 2.2 3.4 3.3 3.9 4.4 5 0.124412 5.81475e-11 3.0785e-11 0.392557 0.293563 2.2817e-11 0.217028 0.0840097 0 0 0 0 0.0870695 0.165354 1.28098e-05 0.189262 0.351572 5.58056e-09 0.139495 1.12278e-09 0 0 0 0
602.619 2.77705 264.998 237.356 1.09278 1.03011 0.0001 0.4 0.7 1.4 1.6 1.7 2.3 3.2 3.5 4.1 4.6 5.2 0.0822165 0.0339913 0.320676 0.385902 0.0344757 0.0218733 0.113312 0.100335 0 0 0 0 0.0512505 0.110606 0.27806 0.368422 0.000452323 0.0308858 0.164888 0.0255463 0 0 0 0
611.168 2.81644 268.294 240.652 1.08316 1.02349 0.3 0.5 0.8 1.4 1.5 1.9 2.2 3 3.4 3.9 4.5 5 0.185106 6.46707e-07 0.275742 0.353845 1.23269e-07 0.129968 0.00626993 0.132224 0 0 0 0 0.160541 0.065307 0.228766 0.358754 2.03378e-08 7.46912e-10 0.175055 0.0350673 0 0 0 0
17292 79.6865 1050.47 1022.83 1.50161 1.88077 0.3 0.8 0.9 0.9 1.5 1.8 2.5 2.7 3.5 4 4.6 5.2 2.72204e-12 9.09367e-12 2.89369e-12 2.99116e-12 1.17483e-10 0.547364 0.747821 0.20643 0 0 0 0 0.245529 1.23359e-09 0.339384 0.220881 0.345185 0.322558 0.23056 0.17667 0 0 0 0
587.243 2.70619 258.95 231.308 1.10696 1.02637 0.3 0.8 1 1.6 1.7 1.8 2.5 3.4 3.6 4.2 4.7 5.3 0.207831 0.0739871 0.306368 0.322407 9.30649e-09 1.62636e-10 0.110413 0.0859533 0 0 0 0 0.193804 0.175842 0.2128 0.166961 0.146074 5.72553e-09 0.122633 0.00825361 0 0 0 0
584.565 2.69385 257.881 230.238 1.1153 1.01384 0.2 0.5 0.8 1.5 1.6 2.1 2.5 3.5 3.5 4.1 4.6 5.1 0.124214 0.0567428 0.303568 0.416941 4.65839e-08 4.33757e-10 0.131233 0.0826028 0 0 0 0 0.134703 3.55984e-10 0.397712 0.0447499 0.304499 0.00664798 0.121278 0.00424876 0 0 0 0
587.019 2.70516 258.861 231.218 1.10744 1.03016 0.2 0.7 0.9 1.5 1.7 1.5 2.5 3.4 3.5 4.1 4.7 5.2 0.157492 0.00513214 0.411371 0.0722724 0.193429 0.0789149 0.100044 0.0887801 0 0 0 0 0.130282 0.196394 0.21273 0.165092 0.176523 0.0139358 0.125839 0.00936745 0 0 0 0
585.779 2.69944 258.366 230.724 1.11699 0.99987 0.3 0.4 0.9 1.5 1.6 1.8 2.5 3.5 3.5 4.1 4.6 5.1 0.123559 0.114374 0.261865 0.399417 2.43656e-08 3.49358e-09 0.135876 0.081903 0 0 0 0 0.19012 0.00966553 0.364846 1.60163e-07 0.270254 0.0534682 0.111515 3.87263e-08 0 0 0 0
584.671 2.69434 257.923 230.28 1.11497 1.01582 0.2 0.5 0.8 1.5 1.6 2.2 2.5 3.5 3.4 3.9 4.5 5.1 0.123859 0.0576862 0.302731 0.417311 3.76502e-08 1.17791e-09 0.130851 0.0825323 0 0 0 0 0.134687 8.51441e-10 0.39809 0.0392312 0.311634 0.0051483 0.122025 0.00500067 0 0 0 0
631.66 2.91088 276.012 248.369 1.07539 0.999937 0.3 0.5 0.8 1.4 1.5 2 2.1 2.9 3.3 3.8 4.4 5 0.0566947 0.295808 0.0398118 0.483112 0.000856287 7.1065e-06 0.0665008 0.132599 0 0 0 0 0.186842 3.50639e-10 0.284283 0.317099 9.00094e-10 7.96619e-10 0.167344 0.0443699 0 0 0 0
608.747 2.80529 267.366 239.723 1.08731 1.02916 0.3 0.4 0.5 1.2 1.5 1.9 2.2 3.1 3.4 3.9 4.5 5.1 0.143323 0.000534589 0.154537 0.467083 6.34476e-12 0.165304 0.0412993 0.115226 0 0 0 0 7.80797e-09 0.232444 0.0981641 0.345069 0.131058 5.17125e-12 0.187186 0.0352398 0 0 0 0
585.629 2.69875 258.306 230.663 1.11645 1.00418 0.0001 0.6 0.7 1.3 1.6 1.8 2.5 3.5 3.4 3.9 4.4 4.9 0.0727543 0.320609 0.000276016 0.305201 0.20165 1.63924e-08 0.133933 0.0820235 0 0 0 0 0.0886708 4.75563e-08 0.376531 0.169444 0.166716 0.0881971 0.113068 0.00154818 0 0 0 0
588.608 2.71248 259.493 231.851 1.10621 1.02496 0.2 0.6 0.7 1.2 1.6 1.9 2.5 3.4 3.4 4 4.5 5.1 0.106332 0.25657 1.61518e-05 0.281524 0.260892 9.04657e-06 0.117373 0.0834877 0 0 0 0 0.121685 7.10176e-11 0.309844 0.184443 0.216884 0.066797 0.11647 0.00883217 0 0 0 0
569.254 2.62329 251.67 224.027 1.13825 1.01496 0.1 0.6 0.7 1.3 1.5 2.6 2.1 3.8 3.2 3.7 4.3 4.9 0.0764105 0.0307552 0.351582 0.223028 0.148751 0.12093 0.108496 0.078295 0 0 0 0 0.0952941 1.82534e-06 0.37011 0.0941868 0.267325 0.0723972 0.112343 0.00329932 0 0 0 0
572.26 2.63714 252.902 225.26 1.13166 1.01008 0.0001 0.6 0.7 1.2 1.5 2.5 1.9 3.7 3.2 3.7 4.3 4.8 0.0853135 0.00134074 0.322795 0.330619 0.00643024 0.133854 0.169618 0.0816849 0 0 0 0 0.0890945 1.81927e-07 0.375625 0.0736615 0.26568 0.104991 0.0978398 0.00318422 0 0 0 0
655.245 3.01956 284.589 256.947 1.07231 1.00356 0.0001 0.5 0.7 0.4 1.3 1.5 2 2.9 3.1 3.6 4.2 4.7 0.031437 0.165032 0.233097 0.00768382 0.252495 0.131091 0.129008 0.12247 0 0 0 0 0.0959893 3.51569e-09 0.342667 2.30496e-09 0.299834 5.6059e-12 0.21351 0.051556 0 0 0 0
593.99 2.73728 261.623 233.981 1.09991 1.02804 0.0001 0.6 0.7 0.8 1.5 1.6 2.4 3.3 3.5 4 4.6 5.2 0.10102 0.0665925 0.0194032 0.311565 0.379107 0.0162362 0.113534 0.0924539 0 0 0 0 0.0889265 0.000630549 0.340869 0.0615957 0.313215 0.0619453 0.144935 0.0159219 0 0 0 0
614.054 2.82974 269.397 241.754 1.08762 1.02949 0.0001 0.4 0.5 1.2 1.4 1.8 2.1 3.1 3.3 3.9 4.5 5 0.0514769 0.0112529 0.258223 0.376461 0.077957 0.09275 0.104562 0.114942 0 0 0 0 0.0365525 0.0996075 0.182348 0.424319 0.0160965 0.00017368 0.227675 0.0427194 0 0 0 0
594.633 2.74024 261.876 234.234 1.09969 1.02814 0.2 0.4 0.8 0.6 1.5 1.6 2.4 3.3 3.4 3.9 4.4 4.9 0.141935 6.21897e-08 0.355913 4.03883e-10 0.39521 1.44329e-07 0.11461 0.0920236 0 0 0 0 0.123513 9.69404e-07 0.30617 0.0768396 0.256863 0.104619 0.143801 0.0163332 0 0 0 0
612.158 2.821 268.673 241.031 1.08252 1.0214 0.2 0.5 0.7 0.8 1.4 1.5 2.2 3 3.3 3.8 4.3 4.9 0.105855 0.0850052 0.0382832 0.248729 0.0306222 0.388396 0.0580071 0.127627 0 0 0 0 0.090388 0.159737 4.2664e-05 0.201233 0.362087 6.78092e-06 0.173506 0.0344011 0 0 0 0
584.633 2.69416 257.908 230.265 1.11714 1.002 0.0001 0.6 0.9 1.5 1.7 1.9 2.5 3.5 3.6 4.1 4.6 5.2 0.0846081 0.235602 0.168817 0.411487 1.99769e-08 1.32045e-09 0.133824 0.0828035 0 0 0 0 0.0844376 0.208431 0.244083 0.177709 0.172763 1.53162e-08 0.11458 1.22933e-07 0 0 0 0
594.568 2.73994 261.851 234.208 1.09953 1.0248 0.0001 0.5 0.7 1.4 1.6 1.8 2.4 3.3 3.5 4.1 4.6 5.1 0.0603704 0.174705 0.173997 0.455969 0.00182796 0.0199094 0.122829 0.0899224 0 0 0 0 0.0870604 0.00156628 0.387689 0.194166 0.197517 5.54338e-07 0.141947 0.014849 0 0 0 0
613.155 2.8256 269.054 241.412 1.08204 1.02212 0.0001 0.5 0.7 0.7 1.4 1.5 2.2 3 3.3 3.9 4.4 5 0.0708475 0.0814789 0.293256 0.00206199 0.159427 0.285876 0.0628717 0.126222 0 0 0 0 0.0706161 0.10359 0.265416 0.00240993 0.373075 7.62615e-05 0.171044 0.0358884 0 0 0 0
576.139 2.65502 254.483 226.84 1.13375 0.987554 0.3 0.6 0.8 0.9 1.5 1.6 2.4 3.7 3.3 3.8 4.3 4.8 0.164944 0.0419715 2.45292e-05 0.35794 0.291265 8.75762e-05 0.19579 0.08173 0 0 0 0 0.192464 4.34945e-06 0.0939431 0.256926 0.0598853 0.263076 0.121255 8.6634e-12 0 0 0 0
596.974 2.75103 262.796 235.153 1.09863 1.02855 0.3 0.5 0.8 1.3 1.5 1.8 2.4 3.3 3.3 3.8 4.3 4.9 0.0972034 0.234599 0.0313279 0.353971 0.146008 0.0232309 0.123216 0.0890699 0 0 0 0 0.185192 2.13751e-08 0.296124 0.0915336 0.234464 0.0660377 0.137798 0.0174029 0 0 0 0
582.8 2.68571 257.173 229.53 1.12337 0.997659 0.2 0.5 0.8 1.4 1.6 2 2.5 3.6 3.5 4 4.6 5.2 0.0373138 0.339114 2.74808e-09 0.513393 3.43926e-10 1.55457e-10 0.154309 0.0792365 0 0 0 0 0.134578 4.3118e-09 0.395006 0.029571 0.315051 0.0102722 0.11318 9.69169e-13 0 0 0 0
594.69 2.74051 261.899 234.256 1.09965 1.02747 0.2 0.5 0.8 1.4 1.5 1.6 2.4 3.3 3.4 4 4.5 5 0.125535 0.0560197 0.288999 0.240028 0.0681245 0.113235 0.11622 0.0914894 0 0 0 0 0.117978 0.0582952 0.332824 1.19909e-06 0.244322 0.114902 0.143057 0.0160879 0 0 0 0
588.523 2.71209 259.459 231.817 1.11602 0.994597 0.3 0.5 0.9 1.4 1.5 1.9 2.5 3.5 3.2 3.8 4.3 4.8 0.0652706 0.301501 0.0132021 0.507711 0.00262047 2.59348e-07 0.147832 0.0778853 0 0 0 0 0.174989 0.0499423 0.311194 9.83987e-06 0.260077 0.0985142 0.0998702 5.91293e-07 0 0 0 0
609.402 2.8083 267.617 239.975 1.08708 1.02624 0.2 0.4 0.6 1.2 1.5 1.7 2.2 3.1 3.3 3.8 4.3 4.9 0.113728 0.000555854 0.226273 0.372234 0.0085202 0.167017 0.0862551 0.112499 0 0 0 0 0.0012217 0.267177 0.0683206 0.331995 0.138393 2.31043e-07 0.184551 0.0345863 0 0 0 0
602.358 2.77584 264.897 237.254 1.09348 1.02783 0.0001 0.4 0.6 1.2 1.5 1.7 2.3 3.2 3.3 3.9 4.5 5.1 0.0819936 0.0131986 0.250449 0.367816 0.000611635 0.179846 0.0976151 0.101947 0 0 0 0 0.0678783 1.67917e-05 0.333542 0.170174 0.268381 4.10382e-08 0.162229 0.0256115 0 0 0 0
572.044 2.63615 252.814 225.171 1.14046 0.996309 0.2 0.6 0.8 1.1 1.5 2.1 2.5 3.8 3.2 3.7 4.2 4.7 0.0708638 0.296675 0.0320845 0.162106 0.30586 0.0181741 0.17539 0.0793026 0 0 0 0 0.123827 0.0760515 0.300971 3.40438e-07 0.334278 0.0777884 0.0833926 3.17102e-09 0 0 0 0
584.063 2.69153 257.679 230.037 1.11708 1.0033 0.2 0.7 0.9 1.5 1.6 1.7 2.5 3.5 3.5 4.1 4.7 5.3 0.131492 0.233629 0.122786 0.41269 1.157e-07 3.08041e-08 0.133483 0.083 0 0 0 0 0.131638 0.173926 0.245042 2.42263e-07 0.284948 0.0511203 0.116583 4.47715e-05 0 0 0 0
595.839 2.7458 262.351 234.708 1.0994 1.0284 0.3 0.4 0.9 1.5 1.6 1.5 2.4 3.3 3.5 4.1 4.6 5.2 0.199048 0.00703508 0.316821 0.169989 0.0407639 0.158644 0.115846 0.0912536 0 0 0 0 0.141563 0.08067 0.320731 0.0504801 0.206086 0.0708155 0.140894 0.0171649 0 0 0 0
612.451 2.82235 268.785 241.143 1.08197 1.01799 0.2 0.5 0.6 0.8 1.4 1.5 2.2 3 3.2 3.8 4.4 4.9 0.119586 0.0519945 0.000970305 0.319505 0.000152993 0.401136 0.0635773 0.125047 0 0 0 0 0.0899993 0.160801 6.58171e-05 0.199802 0.361938 0.000412791 0.171971 0.0329972 0 0 0 0
576.139 2.65502 254.483 226.841 1.13375 0.98754 0.3 0.6 0.8 0.9 1.5 1.6 2.4 3.7 3.2 3.8 4.4 5 0.165071 0.0411043 0.00219589 0.356437 0.291428 6.22642e-07 0.195788 0.0817287 0 0 0 0 0.192467 4.50919e-08 0.0939067 0.256973 0.0598273 0.26312 0.121246 1.44314e-10 0 0 0 0
569.282 2.62342 251.681 224.039 1.13823 1.01595 0.3 0.6 0.8 1.5 1.3 2 2.6 3.8 3.2 3.7 4.3 4.9 0.154471 0.0303757 0.287596 0.0754757 0.252578 0.132735 0.126753 0.078247 0 0 0 0 0.187239 4.83894e-10 0.281533 0.165382 0.158456 0.141905 0.0785389 0.00289377 0 0 0 0
612.566 2.82288 268.829 241.186 1.08223 1.02135 0.2 0.5 0.7 1.4 1.5 2.1 2.2 3 3.4 4 4.6 5.2 0.100739 0.062608 0.26819 0.326068 0.112958 0.084235 4.80133e-05 0.127381 0 0 0 0 0.111507 0.0308616 0.301363 0.370972 3.11345e-06 1.65649e-05 0.171294 0.0353326 0 0 0 0
584.184 2.69209 257.728 230.085 1.11607 1.00938 0.2 0.4 0.8 1.5 1.6 1.8 2.5 3.5 3.5 4 4.5 5 0.111552 0.0599464 0.314089 0.415542 9.26135e-08 9.58949e-09 0.13213 0.0828138 0 0 0 0 0.13481 2.50972e-09 0.396324 0.0839446 0.241058 0.0311343 0.119702 0.00240094 0 0 0 0
587.088 2.70547 258.888 231.246 1.10716 1.02493 0.3 0.8 0.9 1 1.6 1.8 2.5 3.4 3.6 4.1 4.6 5.1 0.208008 0.0723204 0.000734833 0.30759 0.321489 0.000318087 0.110781 0.0859153 0 0 0 0 0.19666 0.0206757 0.347144 0.00110421 0.277285 0.0525618 0.121746 0.00775609 0 0 0 0
604.832 2.78725 265.856 238.214 1.08813 1.02578 0.3 0.5 0.8 0.9 1.5 1.6 2.3 3.1 3.3 3.9 4.5 5.1 0.199385 6.55491e-05 0.00282836 0.334807 0.208617 0.155088 0.0738605 0.113484 0 0 0 0 0.161012 0.0812783 0.0228905 0.252393 0.327548 5.24596e-05 0.155351 0.025257 0 0 0 0
584.671 2.69434 257.923 230.28 1.11497 1.01583 0.2 0.5 0.8 1.5 1.6 2.2 2.5 3.5 3.4 3.9 4.4 5 0.123861 0.0576803 0.302736 0.417315 7.34923e-08 5.45541e-09 0.130851 0.0825317 0 0 0 0 0.134687 3.08432e-09 0.398091 0.0392212 0.311646 0.00514183 0.122033 0.00500527 0 0 0 0
641.808 2.95764 279.741 252.099 1.07097 1.01073 0.2 0.5 0.6 1.2 1.4 1.6 2.1 2.9 3.1 3.7 4.2 4.7 0.059801 0.000461386 0.33017 0.289822 2.58925e-08 0.174601 0.0952345 0.120881 0 0 0 0 0.0612639 0.27993 1.80204e-06 0.302035 0.132199 1.68756e-08 0.193013 0.0422828 0 0 0 0
612.172 2.82107 268.679 241.036 1.08252 1.02136 0.2 0.5 0.7 0.8 1.4 1.5 2.2 3 3.3 3.9 4.5 5.1 0.103064 0.10045 0.00624682 0.268263 0.0328469 0.385809 0.0582709 0.127571 0 0 0 0 0.0903885 0.159744 3.86382e-07 0.201271 0.362057 2.49579e-05 0.173495 0.0343799 0 0 0 0
612.294 2.82163 268.725 241.082 1.08255 1.02068 0.0001 0.4 0.6 0.8 1.4 1.5 2.2 3 3.3 3.9 4.4 4.9 0.0485783 0.106518 0.111981 0.189799 0.13442 0.302151 0.06196 0.127145 0 0 0 0 0.0312936 0.196679 4.51455e-06 0.225544 0.359431 3.85532e-07 0.173993 0.033732 0 0 0 0
654.934 3.01813 284.478 256.836 1.06505 1.01593 0.2 0.5 0.7 0.7 1.3 1.4 2 2.8 2.9 3.4 4 4.6 0.00243272 0.300483 0.0604403 0.0643767 0.000536859 0.426682 0.0678092 0.142289 0 0 0 0 0.119625 0.0229289 0.0953051 0.183201 0.329414 2.74639e-08 0.202087 0.0633682 0 0 0 0
649.563 2.99338 282.552 254.909 1.06593 1.00677 0.3 0.5 0.6 0.8 1.4 1.5 2.1 2.8 3.2 3.7 4.2 4.7 0.0877653 0.111959 0.0146296 0.293344 5.05307e-05 0.374553 0.0422837 0.141345 0 0 0 0 0.187669 3.40523e-08 2.86082e-07 0.282873 0.321547 2.56183e-10 0.165207 0.0494745 0 0 0 0
608.774 2.80541 267.376 239.733 1.08728 1.02913 0.3 0.4 0.5 1.2 1.5 1.9 2.2 3.1 3.3 3.9 4.5 5.1 0.118133 0.0590776 0.119505 0.469495 4.46376e-06 0.163689 0.0422443 0.115127 0 0 0 0 0.000470105 0.231293 0.0988979 0.34494 0.131139 7.32444e-09 0.187162 0.035225 0 0 0 0
602.654 2.77721 265.012 237.369 1.09275 1.0302 0.0001 0.5 0.7 1.4 1.5 1.8 2.3 3.2 3.4 4 4.6 5.1 0.083843 0.0561279 0.291112 0.417073 4.779e-05 0.0331872 0.110934 0.100421 0 0 0 0 0.0630275 0.141682 0.230591 0.382733 0.000754056 0.0217031 0.164036 0.0256707 0 0 0 0
594.727 2.74068 261.913 234.271 1.09969 1.02805 0.2 0.5 0.8 1.5 1.6 1.5 2.4 3.3 3.5 4.1 4.7 5.2 0.141939 2.37143e-06 0.355906 0.218276 1.44987e-06 0.176926 0.11465 0.0919876 0 0 0 0 0.117678 0.0593089 0.331734 0.11796 0.111453 0.130011 0.143531 0.0163734 0 0 0 0
594.692 2.74052 261.9 234.257 1.09964 1.02734 0.2 0.5 0.8 1.4 1.5 1.6 2.4 3.3 3.3 3.9 4.5 5.1 0.121643 0.0690449 0.273968 0.286559 0.00763251 0.132835 0.116563 0.0913906 0 0 0 0 0.117967 0.0583331 0.332755 0.000855644 0.242623 0.115795 0.142981 0.0160275 0 0 0 0
569.164 2.62287 251.633 223.99 1.13896 1.0119 0.2 0.6 0.8 1.4 1.5 1.8 2.5 3.8 3.2 3.8 4.3 4.8 0.0514251 0.370941 0.0147811 0.349023 0.0870514 1.50099e-06 0.18766 0.0780819 0 0 0 0 0.134768 0.0086492 0.380552 3.56203e-05 0.249277 0.126242 0.110772 0.00160635 0 0 0 0
602.769 2.77774 265.056 237.414 1.09287 1.03101 0.3 0.5 0.9 1.4 1.5 1.6 2.3 3.2 3.3 3.9 4.5 5 0.204677 9.17577e-05 0.307734 0.207648 6.63751e-05 0.164034 0.107469 0.101145 0 0 0 0 0.141865 0.127634 0.2238 0.134266 0.212477 6.60729e-06 0.164802 0.0261581 0 0 0 0
584.212 2.69222 257.739 230.097 1.11608 1.00941 0.2 0.5 0.8 1.5 1.6 1.8 2.5 3.5 3.4 3.9 4.4 5 0.124981 0.054707 0.305383 0.416117 1.18268e-07 5.93927e-10 0.132055 0.0828357 0 0 0 0 0.134811 2.53031e-08 0.396321 0.0840091 0.240978 0.0311586 0.119709 0.00242344 0 0 0 0
596.799 2.75023 262.727 235.085 1.09878 1.03419 0.3 0.5 0.8 1.4 1.6 1.9 2.4 3.3 3.4 4 4.6 5.2 0.193699 1.80749e-05 0.250506 0.401398 5.13697e-05 0.0547505 0.106192 0.0921652 0 0 0 0 0.184838 2.24773e-08 0.300157 0.224522 0.132981 0.0320855 0.140009 0.0195969 0 0 0 0
602.967 2.77865 265.133 237.491 1.09289 1.03104 0.2 0.5 0.7 1.3 1.6 1.7 2.3 3.2 3.5 4.1 4.7 5.2 0.129336 0.00414564 0.271061 0.351448 0.00163873 0.130535 0.103358 0.101363 0 0 0 0 0.0877399 0.137186 0.185598 0.295593 0.135539 4.25007e-07 0.162867 0.0265192 0 0 0 0
625.378 2.88193 273.673 246.03 1.078 1.00608 0.0001 0.4 0.5 1 1.3 1.6 2 2.9 3.1 3.7 4.3 4.9 0.0272068 0.0816434 0.203568 0.211369 0.0539788 0.354915 4.06819e-05 0.145281 0 0 0 0 0.0376466 0.2112 0.00411157 0.292636 0.181666 3.5811e-08 0.231484 0.0473314 0 0 0 0
620.174 2.85795 271.717 244.075 1.09632 0.99664 0.0001 0.4 0.6 1.3 1.5 1.9 2.2 3.3 3.2 3.8 4.3 4.9 0.0523175 2.21556e-09 0.34546 0.412767 4.83095e-11 1.26298e-10 0.203027 0.0827524 0 0 0 0 0.00415509 0.239024 0.114623 0.428625 0.00653189 1.93577e-09 0.182689 0.0209936 0 0 0 0
595.149 2.74262 262.079 234.437 1.09959 1.02848 0.0001 0.5 0.9 1.4 1.5 1.6 2.4 3.3 3.3 3.8 4.4 4.9 0.073843 0.179496 0.241284 0.224963 2.95718e-05 0.174213 0.113971 0.0917877 0 0 0 0 0.0635068 0.202003 0.262695 8.72257e-06 0.180306 0.160792 0.142361 0.0168054 0 0 0 0
570.097 2.62718 252.016 224.374 1.14021 1.00325 0.0001 0.6 0.8 1.4 1.5 2 2.5 3.8 3.2 3.8 4.3 4.8 0.049025 0.319731 0.0850641 0.380182 0.0138104 0.0394928 0.172879 0.0800278 0 0 0 0 0.0864782 0.151108 0.263784 1.40603e-07 0.327208 0.0760725 0.0976828 0.000912066 0 0 0 0
583.712 2.68992 257.539 229.896 1.11705 1.00392 0.0001 0.6 0.9 1.5 1.7 1.6 2.5 3.5 3.5 4.1 4.7 5.2 0.0843392 0.236879 0.167268 0.412224 1.15e-08 2.53556e-08 0.133219 0.0831206 0 0 0 0 0.0861497 0.196181 0.266452 1.24102e-08 0.0408505 0.296788 0.117419 8.33272e-05 0 0 0 0
642.933 2.96282 280.151 252.508 1.07073 1.01268 0.0001 0.5 0.6 1.3 1.4 1.7 2.1 2.9 3 3.6 4.1 4.7 0.0379444 0.0066712 0.368931 0.352473 2.44071e-06 0.0899949 0.0938468 0.120866 0 0 0 0 0.0572523 0.124051 0.20035 0.39545 2.96356e-07 5.19744e-09 0.191319 0.0442576 0 0 0 0
647.153 2.98227 281.682 254.039 1.06578 0.993839 0.2 0.4 0.5 1.1 1.3 1.7 1.9 2.8 3.2 3.7 4.2 4.8 0.0032669 0.113025 0.245654 5.39928e-05 0.391133 0.169073 7.34921e-07 0.143569 0 0 0 0 0.0816628 0.0245791 0.188033 0.357852 0.0378751 1.24228e-06 0.243391 0.0604459 0 0 0 0
646.606 2.97975 281.484 253.841 1.06566 0.993691 0.2 0.4 0.5 1.1 1.3 1.7 1.9 2.8 3.1 3.7 4.3 4.8 1.91896e-06 0.125579 0.235772 1.87588e-07 0.392319 0.168331 4.38739e-07 0.14366 0 0 0 0 0.0632371 0.102464 0.121898 0.37456 0.026909 3.02676e-06 0.244454 0.0601657 0 0 0 0
594.421 2.73927 261.793 234.151 1.0998 1.0266 0.0001 0.4 0.7 1.4 1.6 1.8 2.4 3.3 3.5 4.1 4.6 5.2 0.0819123 0.0363398 0.318807 0.381055 0.0401294 0.0350518 0.114916 0.0915935 0 0 0 0 0.0867286 0.00192748 0.387533 0.195585 0.196457 5.01516e-08 0.142655 0.0157143 0 0 0 0
575.803 2.65347 254.347 226.704 1.13381 0.987975 0.2 0.6 0.9 1.5 1.6 1.5 2.4 3.7 3.2 3.7 4.3 4.8 0.107368 0.132059 0.321154 0.290127 2.25945e-07 0.00608871 0.195054 0.0819563 0 0 0 0 0.118559 0.153804 0.262106 0.050328 0.235209 0.04576 0.122209 1.20643e-10 0 0 0 0
602.352 2.77581 264.894 237.252 1.09306 1.03012 0.2 0.4 0.7 1.3 1.5 1.7 2.3 3.2 3.4 3.9 4.4 5 0.126263 0.0089353 0.268399 0.353277 0.000729885 0.130317 0.103708 0.101427 0 0 0 0 0.0895604 0.0650757 0.280445 0.171952 0.232393 1.10471e-06 0.16491 0.0257789 0 0 0 0
580.186 2.67367 256.121 228.479 1.12071 1.00939 0.0001 0.6 0.7 1.4 1.6 2.1 2.6 3.6 3.5 4.1 4.7 5.2 0.0639054 0.352278 8.64393e-05 0.351671 0.142552 1.17819e-08 0.136855 0.0733559 0 0 0 0 0.0877428 4.60331e-09 0.384442 0.237568 0.126683 0.0916967 0.0812597 1.29905e-08 0 0 0 0
628.262 2.89522 274.75 247.107 1.08256 0.997714 0.2 0.4 0.6 1.1 1.3 1.6 2 3 3.1 3.6 4.2 4.7 0.0355586 0.234584 0.000633909 0.393064 4.7543e-08 0.177837 0.120294 0.12059 0 0 0 0 0.0453543 0.222215 4.69421e-09 0.401312 0.0472683 3.27043e-10 0.23746 0.0441052 0 0 0 0
602.17 2.77498 264.824 237.181 1.09292 1.03005 0.0001 0.6 0.7 1.4 1.6 1.5 2.3 3.2 3.5 4.1 4.7 5.2 0.0937878 0.00111926 0.351684 0.3256 0.0651191 0.0423803 0.112566 0.10066 0 0 0 0 0.0723517 0.229273 0.135836 0.350875 0.0341413 0.0158732 0.16646 0.0252447 0 0 0 0
576.195 2.65528 254.506 226.863 1.13374 0.987352 0.3 0.5 0.7 0.9 1.5 1.6 2.4 3.7 3.3 3.9 4.4 5 0.156274 0.0436076 1.96172e-07 0.365641 0.290629 2.1365e-07 0.195916 0.0816693 0 0 0 0 0.190949 4.13608e-09 0.0454119 0.310105 0.0488429 0.271114 0.120929 2.93576e-12 0 0 0 0
594.534 2.73979 261.838 234.195 1.09969 1.02826 0.2 0.5 0.7 0.8 1.5 1.6 2.4 3.3 3.4 3.9 4.4 5 0.141928 2.41771e-06 5.69099e-06 0.355908 0.39523 4.99845e-09 0.114556 0.092064 0 0 0 0 0.1263 0.00310887 0.141003 0.233308 0.26767 0.096455 0.144116 0.0163011 0 0 0 0
609.353 2.80808 267.599 239.956 1.08707 1.02677 0.2 0.4 0.6 1.2 1.5 1.7 2.2 3.1 3.4 3.9 4.5 5.1 0.114149 0.000304202 0.225354 0.376355 7.81788e-06 0.172989 0.0852447 0.112668 0 0 0 0 2.22194e-08 0.270577 0.0656123 0.333288 0.137664 2.20418e-09 0.184933 0.0346976 0 0 0 0
582.935 2.68634 257.227 229.585 1.11704 1.00532 0.0001 0.5 0.8 1.5 1.6 2 2.5 3.5 3.4 3.9 4.5 5.1 0.0822672 0.116406 0.285154 0.41724 6.30421e-06 6.60977e-07 0.132474 0.0834914 0 0 0 0 0.0900635 0.0589461 0.385722 0.00289216 0.348389 1.45245e-09 0.119305 5.28581e-08 0 0 0 0
597.719 2.75446 263.088 235.445 1.12463 0.951867 0.0001 0.5 0.6 0.7 1.4 1.5 2.3 3.6 3.2 3.7 4.3 4.9 0.0760058 2.292e-09 2.18745e-09 0.396204 0.362943 3.31669e-11 0.207796 0.0816766 0 0 0 0 0.0810855 0.0317579 0.00154725 0.34779 0.124978 0.2393 0.125409 2.33435e-09 0 0 0 0
619.78 2.85613 271.569 243.926 1.07802 1.0153 0.0001 0.5 0.7 0.8 1.3 1.5 2.1 2.9 3.1 3.7 4.2 4.8 0.0320323 0.259468 0.126202 0.00237056 0.0859077 0.407828 0.0159883 0.148226 0 0 0 0 0.0495759 0.247339 0.0638186 0.0260356 0.390217 1.1413e-05 0.195323 0.0429759 0 0 0 0
582.895 2.68615 257.211 229.569 1.11712 1.00553 0.0001 0.6 0.8 1.5 1.6 2.2 2.5 3.5 3.5 4.1 4.7 5.2 0.091546 0.148451 0.242092 0.41922 1.06309e-07 2.08424e-09 0.132154 0.0836522 0 0 0 0 0.0940011 0.0808093 0.357417 0.012985 0.340666 3.06133e-12 0.119649 2.22849e-07 0 0 0 0
662.941 3.05503 287.322 259.679 1.05866 0.98697 0.4 0.6 0.6 1.1 1.4 1.6 2 2.7 3.2 3.8 4.4 5 0.155842 0.205621 0.000372817 0.24827 0.000323664 0.293789 1.7984e-08 0.154441 0 0 0 0 0.296658 1.20781e-12 1.47744e-09 0.300589 0.15368 8.56648e-13 0.18111 0.0549319 0 0 0 0
612.252 2.82144 268.709 241.067 1.08241 1.02168 0.0001 0.5 0.8 0.7 1.4 1.5 2.2 3 3.2 3.7 4.3 4.9 0.0698196 0.143869 0.267446 0.000489737 0.00877511 0.40716 0.0573847 0.127465 0 0 0 0 0.0584851 0.207561 0.180893 0.00214107 0.364924 7.76764e-10 0.172767 0.0349101 0 0 0 0
596.139 2.74718 262.468 234.826 1.09934 1.02989 0.3 0.5 0.9 1.4 1.5 1.7 2.4 3.3 3.3 3.9 4.5 5 0.189813 0.0351876 0.266438 0.291442 0.000658625 0.112811 0.111141 0.0918481 0 0 0 0 0.16778 0.0675173 0.297814 1.15494e-06 0.249836 0.0885627 0.140394 0.0179814 0 0 0 0
584.366 2.69293 257.801 230.158 1.11585 1.01075 0.2 0.6 0.8 1.5 1.6 1.9 2.5 3.5 3.6 4.1 4.7 5.2 0.131059 0.0666715 0.286459 0.417162 1.49708e-06 1.74459e-08 0.131709 0.0827916 0 0 0 0 0.134764 1.4977e-08 0.396854 0.064157 0.276439 0.0153441 0.120189 0.00300298 0 0 0 0
628.796 2.89768 274.948 247.306 1.09357 0.964083 0.3 0.5 0.8 1.4 1.5 1.9 2.2 3.2 3.2 3.8 4.3 4.9 0.158631 1.93433e-08 0.338942 0.325308 3.1646e-08 6.86002e-10 0.185181 0.0855115 0 0 0 0 0.159311 0.0659775 0.223466 0.35071 1.11602e-08 1.1255e-09 0.153212 0.0114067 0 0 0 0
570.886 2.63081 252.34 224.697 1.13997 1.00158 0.2 0.6 0.8 1.4 1.5 2 2.5 3.8 3.2 3.7 4.2 4.8 0.0515587 0.378067 8.09237e-07 0.431285 1.81807e-06 0.0174122 0.183179 0.0784673 0 0 0 0 0.127315 0.0557007 0.324302 2.68646e-09 0.317367 0.0817656 0.0951293 8.69829e-09 0 0 0 0
603.404 2.78066 265.303 237.66 1.11891 0.940918 0.2 0.5 0.6 0.9 1.4 1.5 2.2 3.5 3.2 3.7 4.3 4.9 0.142633 7.49623e-10 7.72741e-09 0.44946 0.19824 7.9904e-08 0.245758 0.0828175 0 0 0 0 0.0748227 0.221356 9.23399e-05 0.158737 0.338607 1.10252e-06 0.147302 3.62576e-11 0 0 0 0
608.922 2.80609 267.433 239.79 1.08704 1.02816 0.2 0.5 0.8 1.2 1.4 1.5 2.2 3.1 3.2 3.7 4.2 4.7 0.141247 1.43425e-05 0.347783 0.0367778 0.00157522 0.34948 0.0975277 0.112636 0 0 0 0 0.053506 0.298631 3.37793e-06 0.229572 0.222792 1.42655e-08 0.1896 0.0340583 0 0 0 0
594.507 2.73966 261.827 234.184 1.1289 0.955758 0.3 0.5 0.9 1.1 1.5 1.3 2.2 3.6 3.1 3.6 4.2 4.7 0.204754 4.64102e-07 0.0609598 0.504057 7.60308e-10 7.53194e-09 0.272573 0.0865541 0 0 0 0 0.0960953 0.236495 0.0424448 5.77933e-05 0.032151 0.380871 0.167643 1.03947e-11 0 0 0 0
618.802 2.85162 271.199 243.557 1.08124 1.01987 0.0001 0.4 0.6 1.2 1.4 1.7 2.1 3 3.1 3.6 4.1 4.7 0.0670234 0.0358101 0.25425 0.33697 9.49766e-05 0.210724 0.0507937 0.12557 0 0 0 0 2.83276e-08 0.279853 0.0468596 0.356216 0.0874309 8.68664e-10 0.204293 0.0452146 0 0 0 0
602.31 2.77562 264.878 237.235 1.093 1.02991 0.0001 0.5 0.7 1.4 1.5 1.8 2.3 3.2 3.4 4 4.5 5 0.0853851 0.0483598 0.298954 0.413548 0.000297396 0.0354459 0.11034 0.100668 0 0 0 0 0.065857 0.124408 0.250944 0.323283 0.0665291 0.00806524 0.165474 0.0253485 0 0 0 0
597.743 2.75458 263.097 235.455 1.12462 0.951778 0.0001 0.4 0.7 1.4 1.5 1.5 2.3 3.6 3.1 3.6 4.1 4.7 0.0760075 1.53115e-10 0.396206 0.362933 3.06896e-10 3.06896e-10 0.207819 0.0816528 0 0 0 0 0.0781172 0.0261149 0.358793 0.121545 0.122601 0.119335 0.125271 9.46364e-11 0 0 0 0
602.926 2.77846 265.117 237.475 1.09264 1.02991 0.2 0.5 0.9 1.4 1.5 1.6 2.3 3.2 3.3 3.8 4.4 4.9 0.0954246 0.17149 0.204151 0.232084 0.171258 0.00203194 0.11648 0.0997226 0 0 0 0 0.0796844 0.209273 0.195529 0.163716 0.190458 0.000901335 0.164888 0.0254586 0 0 0 0
602.372 2.77591 264.902 237.26 1.09281 1.02827 0.0001 0.5 0.7 1.4 1.5 1.8 2.3 3.2 3.4 3.9 4.5 5 0.0712393 0.119123 0.228242 0.442653 0.00194998 0.012314 0.117793 0.0994961 0 0 0 0 0.0678362 0.112327 0.264977 0.284457 0.108364 8.54792e-05 0.165616 0.0246081 0 0 0 0
617.708 2.84658 270.785 243.143 1.08359 1.01387 0.3 0.5 0.8 0.9 1.4 1.5 2.1 3 3.3 3.9 4.5 5.1 0.118542 0.170506 2.37224e-07 0.171048 0.22927 0.183695 0.0832535 0.127277 0 0 0 0 0.205195 1.2845e-05 3.99815e-08 0.318238 0.251196 8.85949e-08 0.199655 0.03957 0 0 0 0
650.147 2.99607 282.762 255.119 1.07054 1.00774 0.2 0.5 0.7 0.8 1.3 1.4 2 2.9 3 3.5 4 4.5 0.0921425 2.26471e-06 0.279556 0.119034 0.00157244 0.317491 0.141043 0.119701 0 0 0 0 0.136182 0.0292489 0.00107627 0.298665 0.269072 2.04162e-09 0.223027 0.0504734 0 0 0 0
