Chi2   rChi2   BIC   AIC    Qichtot    Qimtot  R[0]  R[1]  R[2]  R[3]  R[4]  R[5]  R[6]  R[7]  R[8]  R[9]  R[10]  R[11]  Q0ch    Q1ch    Q2ch    Q3ch    Q4ch    Q5ch    Q6ch    Q7ch    Q8ch    Q9ch    Q10ch    Q11ch    Q0m    Q1m    Q2m    Q3m    Q4m    Q5m    Q6m    Q7m    Q8m    Q9m    Q10m    Q11m
684.827 3.15589 294.922 267.28 1.031 0.988918 0.0001 0.3 0.7 1.2 1.5 2 1.9 3 3.3 3.8 4.3 4.8 1.80197e-05 0.137335 0.319252 4.13753e-09 0.423885 4.51795e-06 0.0496486 0.100857 0 0 0 0 0.0320812 0.130456 0.205246 0.346823 5.52188e-10 0.220704 1.26827e-10 0.0536081 0 0 0 0
680.094 3.13407 293.3 265.657 1.02746 1.03657 0.3 0.5 0.7 1 1.4 1.7 2 3 3.3 3.9 4.5 5.1 0.0123465 0.354878 0.026777 0.000706431 0.404077 0.12099 2.06861e-05 0.107668 0 0 0 0 0.191158 0.0483058 0.0016243 0.360302 0.126206 1.0674e-10 0.236438 0.0725355 0 0 0 0
683.382 3.14922 294.428 266.785 1.02354 1.00283 0.3 0.4 0.6 1.2 1.4 1.9 2 2.9 3.3 3.9 4.5 5.1 0.00121965 0.185698 0.197455 5.34524e-07 0.481989 0.0440763 6.96237e-08 0.113097 0 0 0 0 0.162396 4.86569e-05 0.177894 0.377431 0.00862525 8.22859e-07 0.217187 0.0592503 0 0 0 0
683.882 3.15153 294.599 266.957 1.02321 1.00542 0.3 0.4 0.5 0.9 1.4 1.6 2 2.9 3.2 3.8 4.4 5 2.81749e-05 0.0116924 0.376918 1.93497e-07 0.391281 0.129382 1.43761e-07 0.113911 0 0 0 0 0.202971 2.77697e-07 0.000217528 0.331712 0.205963 4.84267e-08 0.202451 0.0621062 0 0 0 0
661.128 3.04667 286.681 259.038 1.04893 1.10968 0.3 0.4 0.5 0.9 1.4 1.6 2.2 3.1 3.3 3.9 4.5 5 0.00189374 0.0158407 0.338105 0.00893435 0.546495 1.75709e-07 1.78495e-08 0.13766 0 0 0 0 0.0798532 0.180731 0.000107088 0.229258 0.326133 3.2002e-09 0.208459 0.0851339 0 0 0 0
638.291 2.94143 278.455 250.813 1.05832 1.12467 0.0001 0.6 0.8 1.3 1.5 1.6 2.4 3.8 3.5 4.1 4.6 5.2 0.0975117 0.00884011 0.365538 0.307895 0.0182141 0.0309118 0.181503 0.0479079 0 0 0 0 0.0652413 0.334019 0.0238135 0.20815 0.218709 0.000493129 0.206946 0.0672983 0 0 0 0
661.806 3.0498 286.921 259.279 1.04043 1.03854 0.0001 0.6 0.7 1.4 1.5 1.8 2.3 3.1 3.4 4 4.6 5.1 0.0629748 0.230478 0.132252 0.369948 0.0117914 0.120849 6.83963e-07 0.112136 0 0 0 0 0.0852887 0.051823 0.332003 0.140052 0.229709 0.00010298 0.158631 0.040932 0 0 0 0
684.049 3.1523 294.656 267.014 1.02682 1.0289 0.0001 0.6 0.7 0.9 1.6 1.4 2 3 3.2 3.8 4.4 5 0.0445777 0.384773 0.000145864 6.719e-08 0.25544 0.237149 3.22664e-12 0.104737 0 0 0 0 0.0969179 0.160866 0.000188103 0.279164 5.24582e-08 0.199979 0.218467 0.0733213 0 0 0 0
719.28 3.31465 306.408 278.765 1.00397 0.932115 0.3 0.5 0.7 0.9 1.4 1.8 1.8 2.6 3.2 3.8 4.4 4.9 0.0476715 0.325762 2.18089e-05 1.28648e-05 0.504959 1.04229e-07 1.78438e-07 0.125539 0 0 0 0 0.193773 0.00751979 0.00166902 0.334205 0.137899 0.177011 0.0176431 0.0623944 0 0 0 0
22973.9 105.871 1116.95 1089.31 1.64341 2.10742 0.0001 0.7 0.8 1.1 1.6 1.9 1.8 2.7 3.2 3.7 4.3 4.9 0 3.38729e-13 1.70669e-12 1.42109e-14 3.38618e-15 0.643407 5.26579e-13 1 0 0 0 0 0.13134 1.09592e-11 0.609793 0.177852 0.263157 8.14268e-11 0.43217 0.493109 0 0 0 0
21425.7 98.7361 1100.63 1072.98 1.62125 2.23373 0.0001 0.8 0.9 1.4 1.8 2.1 2.1 2.8 3.4 4 4.5 5 1.63203e-14 1.48143e-12 7.26086e-14 1.8767e-11 1.81494e-10 0.464446 0.268586 0.888218 0 0 0 0 0.145473 0.0285536 0.795324 0.0198946 0.700024 4.1316e-10 3.68267e-11 0.544455 0 0 0 0
22131.7 101.989 1108.21 1080.57 1.67855 2.24833 0.0001 0.4 0.8 0.9 1.3 1.8 2 2.8 3.2 3.7 4.3 4.8 1.02029e-13 3.16493e-11 2.35177e-11 3.27114e-10 3.43576e-11 5.07444e-12 0.7857 0.892849 0 0 0 0 0.148792 0.0020925 0.00207217 0.819118 0.0248901 0.655802 0.0641676 0.531394 0 0 0 0
655.068 3.01875 284.526 256.884 1.04467 1.07344 0.0001 0.6 0.8 1.4 1.5 1.6 2.3 3.2 3.3 3.9 4.5 5 0.0448591 0.384912 0.00118263 0.0636028 0.351268 0.0708653 0.0202194 0.107764 0 0 0 0 0.093104 0.135597 0.270372 0.0931978 0.247386 0.00183228 0.180984 0.0509682 0 0 0 0
661.837 3.04994 286.932 259.289 1.04912 1.10692 0.3 0.5 0.9 1.4 1.5 1.6 2.2 3.1 3.4 3.9 4.5 5 0.00307979 0.359353 0.00125265 0.540635 0.00210566 0.00551963 3.91812e-05 0.137136 0 0 0 0 0.151728 0.120793 0.215454 0.323228 0.00497831 6.79521e-07 0.20685 0.083884 0 0 0 0
657.267 3.02888 285.31 257.668 1.05155 1.10869 0.2 0.5 0.7 1.3 1.5 1.9 2.4 3.1 3.4 3.9 4.5 5 0.0197261 0.318357 0.00211802 0.368999 0.19993 2.10813e-07 3.01858e-08 0.142422 0 0 0 0 0.12333 0.000589485 0.325654 0.22218 0.122526 0.113975 0.13124 0.0691954 0 0 0 0
657.143 3.02831 285.266 257.624 1.05259 1.1046 0.3 0.5 0.9 1.4 1.5 1.7 2.4 3.1 3.5 4.1 4.6 5.2 0.040711 0.280128 0.0638022 0.524474 2.93367e-07 5.78141e-08 3.02222e-11 0.143479 0 0 0 0 0.196562 0.0139784 0.356385 0.000425613 0.154709 0.172191 0.145254 0.0650937 0 0 0 0
667.424 3.07569 288.899 261.256 1.03898 1.01936 0.3 0.4 0.5 1.1 1.4 1.8 2.1 3.1 3.2 3.7 4.2 4.8 0.0688203 0.000512054 0.266054 0.174391 0.260229 0.165551 4.77317e-05 0.103378 0 0 0 0 0.0851123 0.168409 0.0275696 0.351605 0.120881 2.4285e-07 0.213491 0.0522887 0 0 0 0
655.522 3.02084 284.688 257.046 1.04528 1.07637 0.2 0.5 0.7 0.8 1.4 1.6 2.3 3.2 3.4 4 4.5 5.1 0.00538617 0.365956 0.000237595 0.0370932 0.289228 0.223587 0.0135331 0.110259 0 0 0 0 0.123801 0.0440441 0.0867846 0.225906 0.274943 0.0853003 0.184271 0.0513238 0 0 0 0
661.566 3.04869 286.836 259.194 1.06968 0.983873 0.0001 0.9 0.7 1 1.5 1.7 2.4 3.6 3.3 3.9 4.5 5.1 0.0982371 0.449158 0.0747625 0.0102033 2.67407e-06 0.255855 0.115245 0.0662192 0 0 0 0 0.0873558 0.0187162 0.376712 0.000100489 0.341755 0.0172412 0.127192 0.0148006 0 0 0 0
657.094 3.02808 285.249 257.606 1.05228 1.1063 0.3 0.5 0.9 1.4 1.5 1.8 2.4 3.1 3.5 4.1 4.6 5.2 0.042322 0.27678 0.0663539 0.523518 1.10328e-05 2.81247e-08 1.7522e-06 0.143293 0 0 0 0 0.189848 0.0295756 0.337552 0.000570646 0.228883 0.112029 0.141257 0.0665889 0 0 0 0
680.051 3.13387 293.285 265.642 1.02968 1.007 0.3 0.5 0.6 1.1 1.4 1.7 2 3 3.2 3.8 4.4 5 7.08767e-05 0.369631 0.0301384 2.26594e-06 0.374385 0.151489 9.40565e-06 0.10395 0 0 0 0 0.165768 0.109748 3.91026e-07 0.396358 0.043996 7.69725e-10 0.23096 0.0601724 0 0 0 0
640.883 2.95338 279.404 251.761 1.05832 1.12057 0.2 0.5 0.9 1.2 1.7 1.8 2.4 3.7 3.7 4.2 4.7 5.3 0.139143 5.41809e-05 0.378423 0.214784 1.36644e-06 0.130543 0.138554 0.0568194 0 0 0 0 0.0602366 0.28132 1.25229e-07 0.37196 0.151957 1.0969e-06 0.192206 0.0628848 0 0 0 0
638.513 2.94246 278.537 250.894 1.0584 1.12352 0.0001 0.4 0.8 1.3 1.5 1.6 2.4 3.8 3.4 4 4.6 5.1 0.0942386 0.0112059 0.364299 0.314234 0.0126809 0.0321052 0.181742 0.0478966 0 0 0 0 0.0232782 0.21318 0.214709 0.156852 0.241812 0.000945308 0.205811 0.0669275 0 0 0 0
655.1 3.01889 284.538 256.895 1.04455 1.0723 0.2 0.5 0.8 1.4 1.5 1.6 2.3 3.2 3.5 4.1 4.7 5.3 3.30325e-06 0.389077 0.00398421 0.348937 0.0140878 0.156574 0.0251117 0.106774 0 0 0 0 0.133135 0.0284821 0.345718 0.0675364 0.266139 0.000258209 0.180538 0.0504918 0 0 0 0
703.817 3.2434 301.323 273.68 1.02543 0.993912 0.0001 0.5 0.6 0.9 1.4 1.7 1.9 3 3.1 3.6 4.1 4.6 0.0546063 0.148241 0.0959235 0.19715 0.185447 0.252232 0.000241487 0.0915847 0 0 0 0 0.0983236 0.0780785 0.0129542 0.386954 0.101562 5.99314e-06 0.245192 0.070842 0 0 0 0
657.656 3.03068 285.449 257.807 1.05194 1.10602 0.2 0.4 0.8 1.4 1.5 2 2.4 3.1 3.6 4.2 4.8 5.4 2.60747e-06 0.229474 0.174016 0.447866 0.0579639 1.41959e-09 3.1114e-08 0.142618 0 0 0 0 0.114705 0.0497633 0.354231 0.00257865 0.323181 0.0603332 0.134531 0.0666958 0 0 0 0
657.143 3.02831 285.266 257.624 1.05259 1.10461 0.3 0.5 0.9 1.4 1.5 1.7 2.4 3.1 3.5 4.1 4.7 5.2 0.0407463 0.280057 0.0638559 0.524452 7.32965e-08 6.93878e-09 1.68329e-10 0.143477 0 0 0 0 0.196439 0.0142744 0.355954 0.00267797 0.15208 0.17285 0.145231 0.0651044 0 0 0 0
655.407 3.02031 284.648 257.005 1.04436 1.07458 0.3 0.5 0.9 1.4 1.5 1.7 2.3 3.2 3.3 3.8 4.4 4.9 0.0164275 0.357138 0.0270799 0.366093 0.0392269 0.111814 0.0192837 0.107297 0 0 0 0 0.197524 0.0176186 0.322919 0.0886375 0.163656 0.0555086 0.176634 0.0520826 0 0 0 0
660.152 3.04218 286.335 258.693 1.04828 1.11169 0.3 0.4 0.6 1.2 1.5 1.9 2.2 3.1 3.4 3.9 4.5 5.1 0.0330667 0.141127 0.159725 0.259616 0.31818 6.78084e-06 2.31217e-11 0.136554 0 0 0 0 0.00161941 0.278247 0.0589875 0.352966 0.121364 1.73366e-05 0.214862 0.0836237 0 0 0 0
657.116 3.02818 285.257 257.614 1.0517 1.10771 0.0001 0.5 0.8 1.4 1.6 2.3 2.4 3.1 3.4 4 4.5 5.1 0.0189885 0.293497 0.0666155 0.530188 2.12124e-08 9.05312e-10 1.15369e-12 0.142409 0 0 0 0 0.0751736 0.141362 0.281929 0.193787 0.174908 0.120434 0.0496565 0.0704585 0 0 0 0
712.834 3.28495 304.302 276.659 1.01628 1.00664 0.0001 0.6 0.8 0.9 1.4 1.6 2 3 3.1 3.7 4.2 4.7 0.0854416 0.000573654 0.446372 0.043853 2.12402e-08 0.263189 0.101204 0.075645 0 0 0 0 0.0965657 0.162892 0.000581684 0.270372 0.205817 2.65749e-07 0.208571 0.0618451 0 0 0 0
667.549 3.07626 288.943 261.3 1.04129 1.05288 0.0001 0.6 0.7 1.4 1.5 1.7 2.2 3 3.4 3.9 4.4 5 0.0495698 0.345519 7.51489e-05 0.414714 0.0966917 5.47227e-08 7.92533e-13 0.134723 0 0 0 0 0.0793421 0.165615 0.201542 0.366689 0.000117198 7.22683e-09 0.17756 0.0620137 0 0 0 0
657.272 3.0289 285.312 257.67 1.05283 1.10274 0.2 0.5 0.8 1.4 1.5 1.8 2.4 3.1 3.3 3.9 4.4 4.9 0.0291633 0.277942 0.0729771 0.529279 1.49849e-07 2.98791e-09 6.73974e-09 0.143472 0 0 0 0 0.130275 0.0305442 0.36267 0.0270646 0.25599 0.0872775 0.145026 0.0638928 0 0 0 0
662.337 3.05225 287.109 259.466 1.04885 1.10697 0.3 0.5 0.9 0.8 1.4 1.6 2.2 3.1 3.3 3.8 4.3 4.9 0.0329945 0.291473 0.0054731 0.0483548 0.511574 0.0221179 0.000112093 0.136746 0 0 0 0 0.154473 0.111307 0.188007 0.0312117 0.331065 5.16043e-05 0.206372 0.0844839 0 0 0 0
657.131 3.02825 285.262 257.619 1.05251 1.10489 0.3 0.5 0.9 1.4 1.6 2.1 2.4 3.1 3.5 4.1 4.6 5.1 0.040425 0.280749 0.0632779 0.524664 9.47007e-09 2.25454e-09 3.01786e-08 0.143397 0 0 0 0 0.198834 0.00830257 0.365414 0.0023311 0.306998 0.0166063 0.140881 0.0655255 0 0 0 0
658.282 3.03356 285.672 258.029 1.04839 1.12486 0.3 0.5 0.7 1.2 1.4 1.9 2.2 3.1 3.2 3.7 4.3 4.9 0.0228347 0.321416 5.33744e-05 0.0717015 0.492258 5.50672e-08 6.68243e-13 0.140124 0 0 0 0 0.0975057 0.25171 0.000414404 0.275781 0.187223 8.98535e-05 0.223223 0.0889122 0 0 0 0
649.354 2.99241 282.476 254.834 1.06219 1.0735 0.4 0.6 0.9 1.2 1.5 1.4 2.3 3.7 3.3 3.9 4.4 5 0.266765 2.6576e-07 0.0397111 0.497881 3.99068e-09 2.92256e-07 0.201407 0.0564264 0 0 0 0 0.260117 0.0850131 2.22356e-08 0.250447 2.29927e-08 0.21459 0.211146 0.0521856 0 0 0 0
660.492 3.04374 286.456 258.813 1.04838 1.10974 0.3 0.4 0.7 1.2 1.5 1.8 2.2 3.1 3.3 3.9 4.5 5 0.0018234 0.223289 0.119928 0.241477 0.325483 0.00026254 5.22654e-07 0.136113 0 0 0 0 0.000111049 0.29204 0.0539583 0.339333 0.127942 0.000191897 0.212937 0.0832307 0 0 0 0
680.132 3.13425 293.312 265.67 1.02993 1.00397 0.0001 0.5 0.4 1.1 1.4 1.7 2 3 3.3 3.9 4.4 4.9 5.03547e-10 0.390684 3.70342e-09 0.024179 0.351881 0.159423 1.20989e-08 0.103765 0 0 0 0 0.026007 2.37724e-08 0.245618 0.402619 0.040625 5.63827e-13 0.230251 0.0588509 0 0 0 0
658.678 3.03538 285.812 258.17 1.04851 1.12017 0.3 0.4 0.6 1.1 1.4 1.8 2.2 3.1 3.2 3.8 4.4 5 0.010807 0.148893 0.200067 0.0237222 0.525766 1.9474e-05 7.88375e-09 0.139239 0 0 0 0 0.00103743 0.287194 0.0375785 0.228996 0.259064 2.47059e-09 0.218515 0.0877892 0 0 0 0
658.694 3.03546 285.818 258.175 1.04141 1.03119 0.2 0.4 0.7 1.3 1.5 1.8 2.3 3.1 3.4 3.9 4.5 5.1 3.23844e-08 0.203257 0.239641 0.000180342 0.441557 0.0441142 2.07935e-06 0.112654 0 0 0 0 0.108196 0.0297947 0.300017 0.190535 0.182342 0.027623 0.155218 0.037462 0 0 0 0
660.481 3.04369 286.452 258.81 1.04016 1.04372 0.0001 0.5 0.7 1.4 1.5 1.7 2.2 3.1 3.3 3.9 4.4 4.9 0.000143797 0.377428 0.0207579 0.359137 0.035767 0.133765 2.19107e-05 0.113141 0 0 0 0 0.0938766 2.32072e-06 0.366249 0.34486 5.35115e-08 2.31193e-09 0.18667 0.0520634 0 0 0 0
657.818 3.03142 285.507 257.864 1.05113 1.108 0.3 0.4 0.7 1.3 1.5 2.1 2.6 3.1 3.4 4 4.5 5 9.19195e-10 0.216808 0.145392 0.318562 0.228986 2.67189e-11 8.54819e-10 0.141379 0 0 0 0 0.17624 1.17011e-07 0.239499 0.328353 0.0566906 0.186603 0.0539033 0.0667149 0 0 0 0
681.895 3.14237 293.918 266.276 1.02849 1.0316 0.2 0.4 0.5 0.9 1.4 1.6 2 3 3.2 3.7 4.2 4.8 0.00132128 8.55673e-05 0.379293 0.0261588 0.316422 0.196225 9.96681e-06 0.108975 0 0 0 0 0.117271 0.0657985 0.0111857 0.358759 0.180428 1.19593e-05 0.224671 0.073477 0 0 0 0
647.782 2.98517 281.909 254.266 1.06336 1.06639 0.0001 0.4 0.8 1.2 1.5 1.3 2.3 3.7 3.3 3.8 4.3 4.8 0.103283 6.84805e-07 0.337115 0.283946 0.0837928 2.90399e-05 0.198058 0.057136 0 0 0 0 7.8616e-10 0.282118 0.106857 9.97124e-06 0.0570095 0.364102 0.207182 0.0491151 0 0 0 0
653.128 3.00981 283.832 256.19 1.0646 1.03553 0.2 0.7 0.9 1.5 1.7 1.6 2.5 3.6 3.2 3.8 4.3 4.8 0.124182 0.0352227 0.463858 1.77145e-05 0.279833 9.66367e-07 0.0964153 0.0650735 0 0 0 0 0.130722 0.193253 0.219953 2.16891e-10 0.0120477 0.324987 0.131248 0.0233195 0 0 0 0
664.91 3.0641 288.016 260.373 1.03743 1.04248 0.3 0.4 0.6 1.1 1.5 1.7 2.2 3.1 3.3 3.9 4.5 5.1 0.0979993 0.109512 0.0822106 0.352639 0.0135857 0.27462 3.58021e-05 0.106824 0 0 0 0 0.00442272 0.287967 0.0135211 0.302401 0.198976 4.26545e-06 0.181964 0.053223 0 0 0 0
669.812 3.08669 289.735 262.092 1.03281 1.01552 0.3 0.5 0.9 1.4 1.5 2 2.1 3 3.2 3.7 4.3 4.8 0.00539057 0.369159 0.0566197 0.00418418 0.483735 8.5053e-06 2.55446e-06 0.113705 0 0 0 0 0.202249 0.00820914 0.310295 0.244721 0.00373054 1.3398e-07 0.193648 0.0526655 0 0 0 0
20938.2 96.4895 1095.24 1067.6 1.67081 2.40596 0.0001 0.4 0.9 1 1.8 2.2 2.3 3 3.5 4 4.6 5.2 4.44089e-16 1.49436e-13 0 0 1.05527e-10 0.159449 0.803105 0.708254 0 0 0 0 0.0971618 0.155258 9.91113e-12 0.809982 0.565831 0.0292282 0.222692 0.525807 0 0 0 0
671.251 3.09332 290.237 262.594 1.03969 1.02297 0.0001 0.9 0.7 0.8 1.6 1.5 2.2 3.1 3.2 3.7 4.2 4.7 0.0777521 0.0477954 0.371641 0.00372518 0.376467 0.0559409 5.21138e-06 0.106363 0 0 0 0 0.102165 0.178679 0.248739 1.04643e-05 9.41236e-09 0.282505 0.159469 0.0514003 0 0 0 0
658.484 3.03449 285.743 258.101 1.04252 1.06946 0.3 0.4 0.7 1.2 1.5 1.8 2.3 3.2 3.4 4 4.6 5.1 0.141283 0.0562835 0.140007 0.370636 0.0199967 0.206685 0.00434523 0.103281 0 0 0 0 0.142948 0.0487604 0.211615 0.190881 0.236332 0.0101243 0.177817 0.0509834 0 0 0 0
655.274 3.0197 284.6 256.957 1.04469 1.07481 0.2 0.5 0.8 0.9 1.4 1.6 2.3 3.2 3.3 3.9 4.4 4.9 0.000272677 0.385967 0.0104201 9.21569e-07 0.337477 0.181592 0.0209018 0.108061 0 0 0 0 0.121868 0.0723943 0.254662 0.0474486 0.234729 0.111379 0.18098 0.0513526 0 0 0 0
693.8 3.19723 297.968 270.326 1.06948 0.890208 0.2 0.5 0.7 0.9 1.4 1.6 2.1 3.5 3 3.5 4 4.6 0.137432 1.0007e-12 1.22243e-10 0.463042 0.163214 3.17461e-11 0.237318 0.0684695 0 0 0 0 0.112978 0.114666 3.35086e-09 0.27262 0.240006 8.07147e-11 0.147274 0.00266325 0 0 0 0
655.205 3.01938 284.575 256.933 1.04448 1.07321 0.2 0.5 0.8 1.4 1.5 1.6 2.3 3.2 3.3 3.9 4.5 5.1 0.0119082 0.352263 0.0408057 0.320259 0.0050827 0.184165 0.0229656 0.107031 0 0 0 0 0.129675 0.0424036 0.324975 0.226372 4.77203e-05 0.119619 0.178985 0.0511367 0 0 0 0
662.082 3.05107 287.018 259.376 1.04838 1.11174 0.3 0.5 0.9 1.4 1.5 1.6 2.2 3.1 3.4 4 4.5 5 0.0294987 0.303975 0.0462304 0.519007 0.000784503 0.011253 0.000319296 0.137312 0 0 0 0 0.15104 0.122457 0.2139 0.32943 5.95298e-05 1.16134e-05 0.207916 0.0869294 0 0 0 0
657.213 3.02863 285.291 257.649 1.05237 1.10534 0.0001 0.4 0.7 1.4 1.5 1.9 2.4 3.1 3.5 4.1 4.7 5.3 3.22489e-05 0.206713 0.174077 0.528313 1.15921e-05 1.83974e-06 9.37053e-08 0.143225 0 0 0 0 0.0906183 4.50185e-05 0.389539 0.217375 0.116247 0.0873598 0.138011 0.0661487 0 0 0 0
662.465 3.05284 287.154 259.511 1.03975 1.03963 0.2 0.4 0.7 1.3 1.5 1.8 2.3 3.1 3.4 4 4.5 5 0.0278129 0.18891 0.158241 0.390121 0.000475245 0.163821 7.92298e-07 0.110366 0 0 0 0 0.105653 0.0348031 0.298117 0.203522 0.153979 0.0509517 0.149911 0.0426926 0 0 0 0
657.145 3.02832 285.267 257.624 1.05221 1.10544 0.2 0.5 0.8 1.4 1.7 1.9 2.4 3.1 3.6 4.2 4.7 5.2 0.0289444 0.278778 0.0720036 0.529597 2.40832e-07 1.70452e-07 6.21532e-08 0.142891 0 0 0 0 0.11606 0.0823876 0.295971 0.268327 0.0609943 0.0794903 0.135287 0.0669188 0 0 0 0
655.52 3.02083 284.688 257.045 1.04428 1.07546 0.3 0.5 0.9 1.4 1.5 1.7 2.3 3.2 3.4 4 4.5 5 0.0424294 0.301093 0.086227 0.229505 0.157469 0.102721 0.0173261 0.107513 0 0 0 0 0.193967 0.0269263 0.306705 0.198258 0.0285625 0.09357 0.174728 0.0527409 0 0 0 0
659.671 3.03996 286.165 258.522 1.04834 1.11564 0.3 0.5 0.8 1.3 1.5 1.8 2.2 3.1 3.3 3.8 4.4 4.9 0.084584 0.180364 0.116759 0.268993 0.260006 4.60743e-08 4.88015e-11 0.137635 0 0 0 0 0.110962 0.210905 0.0649377 0.400808 0.0231066 1.90278e-06 0.220381 0.084542 0 0 0 0
655.357 3.02008 284.63 256.987 1.04526 1.07624 0.0001 0.5 0.8 0.7 1.4 1.6 2.3 3.2 3.3 3.8 4.3 4.9 0.00366834 0.368088 0.035199 0.00137863 0.290798 0.222105 0.0138395 0.110184 0 0 0 0 0.0882558 0.0300577 0.0283115 0.319179 0.305225 0.0690177 0.18506 0.05113 0 0 0 0
655.096 3.01888 284.537 256.894 1.04458 1.07254 0.0001 0.5 0.8 1.4 1.5 1.6 2.3 3.2 3.4 3.9 4.5 5 0.00123891 0.382677 0.0139754 0.290751 0.102868 0.121198 0.0249334 0.106938 0 0 0 0 0.0831967 0.113228 0.299339 0.152882 0.15131 0.0414154 0.180614 0.0505512 0 0 0 0
681.715 3.14155 293.857 266.214 1.03009 0.998004 0.3 0.5 0.9 1.4 1.2 1.8 2 3 3.1 3.7 4.3 4.9 0.000376623 0.392452 4.34353e-07 0.423002 5.53349e-06 0.112613 7.78847e-06 0.101633 0 0 0 0 0.180271 0.0682148 0.154739 2.52445e-07 0.311226 3.05471e-10 0.226931 0.0566216 0 0 0 0
683.908 3.15165 294.608 266.966 1.0232 1.00511 0.3 0.5 0.8 0.9 1.4 1.6 2 2.9 3.3 3.8 4.4 5 0.00499026 0.384079 2.74313e-07 5.58309e-05 0.389172 0.131141 7.34487e-07 0.113761 0 0 0 0 0.202838 0.000454485 8.30053e-05 0.331371 0.206121 9.52734e-07 0.202229 0.0620096 0 0 0 0
662.464 3.05283 287.153 259.511 1.03938 1.03802 0.2 0.4 0.7 1.3 1.5 1.8 2.3 3.1 3.4 3.9 4.4 5 0.0797653 0.0781263 0.238927 0.340482 0.0273359 0.16548 2.78274e-07 0.109259 0 0 0 0 0.100878 0.0458544 0.2881 0.218343 0.137733 0.0564841 0.148362 0.0422641 0 0 0 0
702.857 3.23897 301.003 273.361 1.02323 0.994781 0.2 0.6 0.7 1 1.5 1.6 2.2 3.1 3.1 3.7 4.3 4.9 0.105522 8.59769e-05 0.2438 0.25277 3.75574e-06 0.254754 0.10192 0.064369 0 0 0 0 0.112455 0.214881 5.66929e-06 0.211442 0.269315 2.36812e-08 0.146482 0.0402012 0 0 0 0
683.064 3.14776 294.319 266.677 1.02365 1.00135 0.3 0.4 0.6 1.2 1.4 1.9 2 2.9 3.3 3.9 4.4 4.9 8.40304e-07 0.187954 0.196529 4.25147e-06 0.48132 0.0449658 7.84775e-06 0.112866 0 0 0 0 0.13593 0.0481011 0.151355 0.389856 0.000184521 1.80071e-10 0.21742 0.0585015 0 0 0 0
632.175 2.91325 276.202 248.56 1.05858 1.12826 0.0001 0.5 0.8 1.5 1.6 2.3 2.4 3.5 3.6 4.1 4.7 5.3 0.0472108 0.236517 0.161876 0.455977 3.52276e-05 1.04427e-05 0.06802 0.0889382 0 0 0 0 0.0854408 0.0881889 0.346292 0.345792 3.11189e-06 5.47434e-08 0.208211 0.0543346 0 0 0 0
711.06 3.27678 303.719 276.076 1.0091 0.946651 0.2 0.5 0.7 1.3 1.4 1.9 1.7 2.7 3.1 3.7 4.2 4.7 0.0725118 0.168151 0.167016 0.051997 0.344434 2.39656e-06 0.0934827 0.111508 0 0 0 0 0.121815 4.63434e-08 0.305214 0.283092 9.837e-07 0.178078 1.77355e-07 0.0584514 0 0 0 0
667.054 3.07398 288.769 261.127 1.03919 1.02141 0.3 0.4 0.5 1.1 1.4 1.7 2.1 3.1 3.4 4 4.6 5.2 0.0351598 0.126342 0.149402 0.279116 0.0776149 0.26667 0.000163125 0.10472 0 0 0 0 0.0751646 0.193633 0.010952 0.354886 0.118958 7.37246e-05 0.214581 0.0531581 0 0 0 0
655.385 3.02021 284.639 256.997 1.04522 1.07542 0.1 0.5 0.8 1.4 1.5 1.6 2.3 3.2 3.4 3.9 4.4 5 0.000637458 0.380986 0.0215422 0.305012 0.00356279 0.208252 0.0154686 0.109763 0 0 0 0 0.086025 0.124836 0.273632 0.219512 0.0901274 0.0460256 0.184312 0.0509483 0 0 0 0
681.851 3.14217 293.903 266.261 1.02868 1.03007 0.2 0.4 0.5 0.9 1.4 1.6 2 3 3.2 3.8 4.4 4.9 0.000114762 0.00323066 0.377803 0.0255898 0.315724 0.197284 7.99247e-07 0.108935 0 0 0 0 0.113926 0.0791981 2.57505e-05 0.359663 0.180448 2.32485e-06 0.223875 0.0729312 0 0 0 0
727.776 3.3538 309.156 281.513 1.00167 0.95299 0.2 0.5 0.8 0.7 1.3 1.6 1.8 2.6 2.9 3.4 3.9 4.5 0.0879996 0.0647283 0.35899 0.0055102 0.0913112 0.27343 1.78583e-06 0.119703 0 0 0 0 0.122897 0.0527461 0.296401 0.0029064 0.194761 0.000985302 0.210033 0.0722593 0 0 0 0
658.829 3.03608 285.866 258.224 1.04829 1.12116 0.3 0.5 0.8 1.3 1.5 1.8 2.2 3.1 3.4 3.9 4.5 5.1 0.0365536 0.294924 0.0112175 0.359888 0.206646 7.23191e-05 4.04804e-07 0.13899 0 0 0 0 0.111718 0.209339 0.0665527 0.40126 0.0229423 1.16943e-05 0.222023 0.0873176 0 0 0 0
664.789 3.06355 287.973 260.331 1.0383 1.04787 0.3 0.4 0.6 1.1 1.5 1.7 2.2 3.1 3.4 3.9 4.4 4.9 0.0294614 0.20254 0.074056 0.295865 0.113303 0.213128 8.86848e-07 0.109945 0 0 0 0 0.00874932 0.281014 0.016793 0.302922 0.198652 9.64434e-06 0.184587 0.0551383 0 0 0 0
632.242 2.91356 276.227 248.584 1.05732 1.13747 0.3 0.5 0.9 1.5 1.6 2.3 2.4 3.5 3.7 4.2 4.7 5.3 0.0885652 0.22895 0.133425 0.444484 0.00675666 0.000135891 0.0661396 0.0888602 0 0 0 0 0.18546 0.0323437 0.334282 0.252609 0.0628047 1.5318e-05 0.212112 0.0578439 0 0 0 0
708.181 3.26351 302.769 275.127 1.02396 0.986714 0.2 0.1 0.7 1 1.5 1.6 2.1 3.1 3.2 3.8 4.3 4.8 0.00578189 0.0820263 0.270413 0.252576 0.000544186 0.220178 0.127598 0.0648407 0 0 0 0 0.139013 9.53231e-07 0.192611 0.236609 0.205013 4.7311e-08 0.168891 0.0445758 0 0 0 0
652.499 3.00691 283.607 255.964 1.05947 1.07842 0.3 0.4 0.7 1.2 1.4 2 2.3 3.6 3.2 3.8 4.3 4.9 0.158 0.00153773 0.177255 0.448653 4.72835e-05 0.06422 0.145722 0.0640354 0 0 0 0 0.170502 0.00426729 0.231361 0.116774 0.29365 1.66992e-07 0.21199 0.049876 0 0 0 0
657.656 3.03067 285.449 257.806 1.05063 1.11203 0.0001 0.6 0.9 1.4 1.5 1.6 2.3 3.1 3.4 4 4.6 5.1 0.0477078 0.336938 2.64736e-05 0.499859 0.0242354 0.000486485 1.03595e-08 0.141381 0 0 0 0 0.0769236 0.283833 0.124281 0.2509 0.0107885 0.1102 0.179993 0.0751147 0 0 0 0
655.157 3.01916 284.558 256.916 1.04459 1.07452 0.0001 0.5 0.7 1.4 1.5 1.8 2.3 3.2 3.4 3.9 4.4 5 0.00581292 0.3664 0.0196601 0.378305 0.0719917 0.0805547 0.0137743 0.108092 0 0 0 0 0.0922533 0.0066984 0.36427 0.335095 0.00497386 0.0420556 0.177517 0.0516553 0 0 0 0
632.175 2.91325 276.202 248.56 1.05861 1.12821 0.0001 0.5 0.8 1.5 1.6 2.3 2.4 3.5 3.6 4.2 4.7 5.2 0.0471109 0.236865 0.161558 0.456033 7.64833e-05 7.54188e-06 0.0680024 0.0889526 0 0 0 0 0.0854419 0.0881755 0.346307 0.345782 1.28123e-10 3.31304e-07 0.208194 0.054312 0 0 0 0
658.414 3.03417 285.719 258.076 1.05385 1.0926 0.0001 0.4 0.5 1.2 1.5 2 2.7 3.1 3.3 3.9 4.5 5 2.78274e-06 0.121413 0.195679 0.296278 0.297645 1.44301e-12 6.16055e-07 0.142835 0 0 0 0 0.0455925 0.00495117 0.292196 0.384365 0.0286669 0.217855 0.073926 0.0450497 0 0 0 0
657.464 3.02979 285.381 257.738 1.0534 1.09997 0.0001 0.5 0.8 1.4 1.5 1.6 2.4 3.1 3.5 4 4.5 5 0.0186778 0.294242 0.0664625 0.53011 5.2062e-07 8.62103e-08 4.84511e-09 0.143902 0 0 0 0 0.0881405 0.081478 0.362008 0.0408572 0.0413079 0.273433 0.15148 0.0612671 0 0 0 0
657.456 3.02975 285.378 257.735 1.05338 1.10009 0.1 0.5 0.8 1.4 1.5 1.6 2.4 3.1 3.4 3.9 4.4 5 0.0207776 0.290978 0.0677589 0.529967 2.73924e-07 6.13818e-07 2.52916e-08 0.143895 0 0 0 0 0.0988787 0.0627806 0.372315 0.027491 0.0569749 0.268865 0.151437 0.0613469 0 0 0 0
657.124 3.02822 285.26 257.617 1.05159 1.10844 0.3 0.5 0.8 1.4 1.5 2.1 2.5 3.1 3.5 4.1 4.6 5.2 0.0520127 0.247117 0.0815584 0.528492 2.44647e-08 1.30976e-07 1.94415e-09 0.142415 0 0 0 0 0.189306 0.00410189 0.289591 0.285377 0.0497231 0.148443 0.0729737 0.0689273 0 0 0 0
658.885 3.03634 285.886 258.243 1.04847 1.12019 0.2 0.5 0.7 1.3 1.5 1.8 2.2 3.1 3.4 3.9 4.4 4.9 0.0227287 0.306722 0.0140142 0.356023 0.210056 5.48794e-05 1.55304e-10 0.13887 0 0 0 0 0.0629953 0.26663 0.0474149 0.426851 0.00332495 0.00502485 0.2209 0.0870469 0 0 0 0
711.091 3.27692 303.729 276.086 1.01419 0.990846 0.2 0.5 0.7 0.8 1.4 1.6 2.1 2.9 3 3.6 4.1 4.7 0.102791 0.0101427 0.000140321 0.426139 0.107799 0.212133 0.0701535 0.0848926 0 0 0 0 0.109813 0.0990295 8.311e-07 0.260157 0.309979 4.36507e-06 0.162734 0.0491282 0 0 0 0
680.07 3.13396 293.291 265.649 1.03041 1.00067 0.2 0.4 0.6 1.1 1.4 1.7 2 3 3.3 3.8 4.3 4.8 0.00379706 0.148389 0.258377 1.28185e-05 0.352772 0.163386 1.8941e-05 0.10366 0 0 0 0 0.0453893 0.222139 0.00172929 0.40753 0.0368532 3.57772e-07 0.229728 0.0573002 0 0 0 0
660.672 3.04457 286.52 258.877 1.04147 1.0246 0.2 0.4 0.7 1.3 1.5 1.8 2.3 3.1 3.5 4.1 4.6 5.2 0.0353399 0.137477 0.270975 0.0490434 0.359853 0.0785557 2.21464e-05 0.110208 0 0 0 0 0.109461 0.0233701 0.311126 0.146274 0.241622 1.28245e-05 0.158732 0.0339982 0 0 0 0
679.53 3.13148 293.105 265.463 1.02836 1.04074 0.0001 0.6 0.7 1.2 1.5 2 1.9 3 3.3 3.8 4.3 4.8 0.0422597 0.390696 5.91062e-07 4.41413e-08 0.484648 2.58307e-06 2.90555e-07 0.110757 0 0 0 0 0.0838429 0.255473 0.0288058 0.352534 0.00225574 0.244152 5.33732e-05 0.0736215 0 0 0 0
683.995 3.15205 294.638 266.995 1.02316 1.00405 0.3 0.5 0.8 0.9 1.4 1.6 2 2.9 3.2 3.7 4.2 4.8 0.00648359 0.380419 0.00404274 4.58011e-05 0.381974 0.13688 4.63923e-05 0.113272 0 0 0 0 0.202601 0.000649608 0.00176447 0.329159 0.206712 1.48311e-07 0.201485 0.0616829 0 0 0 0
654.07 3.01415 284.17 256.527 1.06498 1.03085 0.2 0.7 0.9 1.5 1.7 1.7 2.5 3.6 3.3 3.8 4.4 5 0.12417 0.0357809 0.463369 2.59478e-08 0.278438 0.00131057 0.097056 0.0648545 0 0 0 0 0.128947 0.213241 0.188038 0.194998 0.0531684 0.103015 0.127255 0.0221922 0 0 0 0
710.536 3.27436 303.546 275.904 1.0147 0.992626 0.0001 0.5 0.7 0.8 1.4 1.6 2.1 2.9 3 3.6 4.1 4.6 0.0816825 1.33119e-07 7.62603e-05 0.486062 0.00141839 0.305629 0.0520154 0.0878147 0 0 0 0 0.0709078 0.158362 0.000396548 0.23657 0.313802 1.91182e-07 0.162345 0.0502424 0 0 0 0
663.164 3.05605 287.4 259.758 1.04741 1.07834 0.0001 0.7 0.9 1.7 1.5 2.2 2.3 3.1 3.4 3.9 4.5 5.1 0.0773751 0.34061 0.0540103 1.48994e-07 0.445375 4.02426e-10 4.1979e-10 0.130034 0 0 0 0 0.0923228 0.35843 0.0512564 6.47931e-10 0.350652 4.56042e-09 0.165278 0.0604031 0 0 0 0
687.739 3.1693 295.915 268.273 1.0196 1.01488 0.2 0.5 0.8 1.1 1.4 1.8 1.9 2.9 3.1 3.7 4.3 4.9 0.00948945 0.373279 5.49857e-07 3.47739e-08 0.464881 0.0633404 1.50768e-07 0.108613 0 0 0 0 0.13079 0.0660062 0.180243 0.2799 0.0181752 4.87387e-06 0.267197 0.0725584 0 0 0 0
657.65 3.03064 285.447 257.804 1.05199 1.10652 0.0001 0.6 0.7 1.4 1.5 1.9 2.4 3.1 3.4 3.9 4.4 4.9 0.0479154 0.332984 0.00418394 0.501395 0.0227594 1.18273e-07 6.23887e-07 0.142749 0 0 0 0 0.0879939 0.0420059 0.342299 0.283443 0.0493753 0.0983336 0.136049 0.0670204 0 0 0 0
653.628 3.01211 284.011 256.369 1.04665 1.07289 0.3 0.5 0.9 1.4 1.5 1.7 2.3 3.2 3.4 4 4.6 5.1 0.00710779 0.368087 0.0454352 0.230113 0.140358 0.140897 0.0016797 0.112975 0 0 0 0 0.133325 0.156626 0.176766 0.34854 3.13844e-05 0.0194399 0.189963 0.0481973 0 0 0 0
660.049 3.0417 286.299 258.656 1.04827 1.11247 0.3 0.4 0.6 1.2 1.5 1.9 2.2 3.1 3.4 3.9 4.4 5 0.00566646 0.189792 0.134236 0.267564 0.314279 1.51206e-06 1.33997e-08 0.136731 0 0 0 0 0.000230286 0.280811 0.057576 0.353699 0.120984 3.36753e-07 0.215186 0.0839855 0 0 0 0
657.886 3.03173 285.531 257.888 1.05195 1.10431 0.4 0.3 0.8 1.4 1.5 2.1 2.6 3.1 3.6 4.2 4.7 5.2 0.19808 0.0216013 0.190209 0.417496 0.0823239 1.2304e-06 9.80826e-06 0.142227 0 0 0 0 0.00400803 0.188505 0.28889 0.313504 0.0157403 0.1692 0.0626695 0.0617956 0 0 0 0
655.348 3.02004 284.627 256.984 1.04444 1.0742 0.3 0.5 0.9 1.4 1.5 1.7 2.3 3.2 3.3 3.8 4.4 4.9 0.0027601 0.385692 0.000145033 0.397412 0.0283716 0.10192 0.020915 0.10722 0 0 0 0 0.199117 0.0132492 0.331281 0.0265378 0.241386 0.0330036 0.177897 0.0517296 0 0 0 0
