Chi2   rChi2   BIC   AIC    Qichtot    Qimtot  R[0]  R[1]  R[2]  R[3]  R[4]  R[5]  R[6]  R[7]  R[8]  R[9]  R[10]  R[11]  Q0ch    Q1ch    Q2ch    Q3ch    Q4ch    Q5ch    Q6ch    Q7ch    Q8ch    Q9ch    Q10ch    Q11ch    Q0m    Q1m    Q2m    Q3m    Q4m    Q5m    Q6m    Q7m    Q8m    Q9m    Q10m    Q11m
718.633 3.31167 306.197 278.555 1.12294 0.980821 0.2 0.5 0.8 1.4 1.5 1.7 2.4 3.9 3.3 3.8 4.4 4.9 0.0774465 0.119442 0.279685 0.366532 2.60285e-06 2.0523e-08 0.20186 0.0779704 0 0 0 0 0.118324 0.0599971 0.331674 3.5557e-05 0.288494 0.0628376 0.119456 3.80566e-06 0 0 0 0
763.869 3.52013 320.482 292.839 1.06758 1.00245 0.6 0.4 0.5 1.2 1.4 1.4 2.1 3 3.1 3.7 4.2 4.8 0.0194695 0.0849758 0.272016 2.42637e-06 0.451738 0.0492204 0.0674977 0.122664 0 0 0 0 8.19345e-14 0.306919 2.12842e-06 0.450526 3.96788e-05 0.000900724 0.213225 0.0308335 0 0 0 0
721.492 3.32485 307.126 279.484 1.1183 0.994776 0.3 0.5 0.8 1.4 1.5 2.1 2.6 3.9 3.4 3.9 4.4 5 0.0432511 0.325579 0.00738054 0.497804 0.0179806 4.51732e-07 0.158554 0.0677466 0 0 0 0 0.186489 7.82428e-08 0.30044 0.16291 0.170182 0.108936 0.0658203 3.15913e-10 0 0 0 0
721.917 3.32681 307.264 279.622 1.12266 0.972637 0.6 0.4 0.5 1.2 1.5 1.9 2.4 3.9 3.1 3.6 4.1 4.6 0.156918 0.185146 0.00584058 0.34086 0.152692 8.26906e-09 0.205092 0.0761073 0 0 0 0 0.0664854 0.270396 1.42901e-06 0.350007 0.0761892 0.11394 0.0956176 7.26358e-11 0 0 0 0
738.616 3.40376 312.616 284.973 1.09263 1.00858 0.2 0.5 0.7 1.4 1.6 1.9 2.4 3.5 3.2 3.7 4.2 4.7 0.122436 0.00161278 0.293759 0.453708 1.06942e-06 4.00837e-07 0.144371 0.076738 0 0 0 0 0.117044 5.23528e-07 0.345795 0.251705 0.142751 1.57592e-06 0.139901 0.011381 0 0 0 0
727.425 3.35219 309.043 281.4 1.11545 0.993874 0.0001 0.4 0.8 1.5 1.7 2.5 2.4 3.8 3.5 4 4.6 5.1 0.0948142 0.0288929 0.383411 0.378822 2.67001e-05 0.152808 3.06488e-08 0.0766791 0 0 0 0 0.0767766 0.0754458 0.376105 0.201288 0.155534 0.108723 1.5148e-08 3.39364e-07 0 0 0 0
753.403 3.4719 317.254 289.611 1.07012 1.02509 0.3 0.5 0.7 1.3 1.5 1.6 2.2 3.1 3.3 3.8 4.4 4.9 0.161661 0.010798 0.223798 0.303766 0.000301866 0.191801 0.066997 0.111001 0 0 0 0 0.0858003 0.262544 0.0149588 0.435703 5.57583e-08 3.30596e-09 0.191529 0.0345561 0 0 0 0
719.176 3.31418 306.374 278.732 1.12288 0.978879 0.3 0.5 0.9 1.4 1.5 1.8 2.4 3.9 3.4 4 4.5 5 0.0920403 0.169882 0.228144 0.352217 5.78448e-08 2.77057e-11 0.203135 0.0774602 0 0 0 0 0.165315 0.0751232 0.290307 1.01635e-06 0.271806 0.0619717 0.114356 3.06588e-11 0 0 0 0
741.848 3.41866 313.637 285.995 1.0805 1.04749 0.3 0.5 0.4 1.1 1.4 1.8 2.4 3.3 3.2 3.7 4.2 4.7 0.198006 0.0292938 0.0065322 0.477818 8.66016e-07 0.216424 0.0560505 0.0963785 0 0 0 0 0.102738 0.231248 0.000713776 0.220577 0.213049 0.108463 0.144278 0.0264252 0 0 0 0
747.068 3.44271 315.278 287.635 1.08198 1.00885 0.2 0.4 0.7 1.4 1.5 1.8 2.3 3.3 3.3 3.8 4.3 4.9 0.117166 0.012515 0.286545 0.452435 1.61857e-08 1.47155e-07 0.124549 0.0887655 0 0 0 0 0.0635744 0.121452 0.24639 0.395569 3.70494e-06 1.30117e-07 0.162647 0.0192118 0 0 0 0
746.286 3.43911 315.033 287.39 1.07939 1.034 0.4 0.5 1 1.4 1.5 2.1 2.3 3.3 3.3 3.9 4.5 5 0.28948 1.00566e-07 0.158993 0.419415 4.7837e-09 2.39664e-08 0.122179 0.0893212 0 0 0 0 0.229286 0.0986444 0.136746 0.363844 3.73717e-06 6.00451e-09 0.177996 0.0274812 0 0 0 0
15895.8 73.2525 1030.77 1003.13 1.55071 2.01301 0.0001 0.9 0.6 1.1 1.9 2 2.7 2.9 3.4 4 4.5 5 2.56206e-12 2.41085e-13 1.45395e-12 1.03417e-12 0.314645 0.30384 0.932226 7.36179e-10 0 0 0 0 0.144709 0.296304 0.171936 0.440766 0.687809 6.92542e-09 0.0820408 0.189445 0 0 0 0
15946.2 73.4848 1031.51 1003.87 1.54991 1.93494 0.0001 0.2 0.8 0.9 1.7 1.9 2 2.7 3.2 3.7 4.2 4.8 5.27195e-12 2.8727e-13 8.43198e-12 3.27851e-11 7.0237e-09 0.39981 0.228575 0.921522 0 0 0 0 0.128599 0.0338992 0.185945 0.563402 0.47864 0.266704 3.30843e-06 0.277747 0 0 0 0
15933 73.4239 1031.32 1003.67 1.57318 2.00258 0.0001 0.8 0.9 1.1 1.8 2 2.1 2.8 3.3 3.9 4.5 5.1 2.0095e-14 3.60884e-12 1.24717e-12 1.5804e-12 2.28376e-10 0.534908 0.229892 0.808381 0 0 0 0 0.164031 0.000779729 0.780347 0.0241328 0.613523 0.132675 2.41076e-05 0.287062 0 0 0 0
16031.2 73.8766 1032.75 1005.11 1.53953 1.9364 0.0001 0.5 0.8 0.9 1.4 1.8 2.8 2.6 3.2 3.7 4.3 4.9 3.82844e-12 1.60982e-14 1.20459e-14 8.6553e-13 3.23946e-12 0.462967 0.0765652 1 0 0 0 0 0.161587 1.02001e-08 0.0430076 0.744202 9.68525e-10 0.713283 0.156042 0.118279 0 0 0 0
16031.2 73.8766 1032.75 1005.11 1.53955 1.93636 0.0001 0.2 0.8 0.9 1.8 1.7 2.8 2.6 3.2 3.7 4.2 4.7 2.71079e-11 4.26846e-11 8.18418e-12 2.31438e-10 0.462973 8.9959e-08 0.0765786 1 0 0 0 0 0.161587 3.61197e-06 0.0429909 0.744218 0.713247 1.74752e-06 0.156022 0.118285 0 0 0 0
15940.3 73.4575 1031.42 1003.78 1.57294 1.99872 0.0001 0.6 0.9 1 1.8 2 2.1 2.8 3.4 3.9 4.5 5 5.90927e-12 6.77708e-12 1.34787e-12 3.84848e-12 4.18201e-08 0.541327 0.224078 0.807539 0 0 0 0 0.140991 0.194282 0.0214922 0.643601 0.524583 0.193072 0.000437069 0.280266 0 0 0 0
15933 73.4238 1031.32 1003.67 1.57318 2.00257 0.0001 0.5 0.9 1.1 1.8 2 2.1 2.8 3.4 3.9 4.5 5.1 5.16254e-15 1.22569e-13 3.21965e-15 1.77636e-15 6.25555e-13 0.5349 0.2299 0.808376 0 0 0 0 0.164047 3.92078e-09 0.781556 0.0236316 0.613653 0.132615 3.53461e-08 0.28707 0 0 0 0
15948.5 73.4952 1031.54 1003.9 1.57281 1.99063 0.0001 0.6 0.9 0.8 1.7 2 2.1 2.8 3.3 3.9 4.5 5.1 2.11814e-12 4.28879e-13 1.21997e-12 3.58275e-12 1.14906e-08 0.554608 0.211031 0.807176 0 0 0 0 0.150963 0.0634492 0.670925 0.0341266 0.575227 0.000534041 0.230767 0.264642 0 0 0 0
15966.3 73.5776 1031.81 1004.16 1.56947 1.9663 0.0001 0.8 0.9 0.8 1.7 1.9 2.7 2.8 3.5 4 4.5 5.1 9.76996e-15 4.97102e-12 4.51333e-12 4.97169e-12 9.92317e-13 0.599281 0.970185 1.6834e-10 0 0 0 0 0.16448 2.21086e-07 0.791679 2.30148e-07 0.270285 0.4765 0.0408593 0.222492 0 0 0 0
15946.3 73.4852 1031.51 1003.87 1.54989 1.9349 0.0001 0.5 0.9 0.7 1.7 1.9 2 2.7 3.2 3.8 4.3 4.8 9.15501e-12 7.1909e-11 4.3654e-13 1.0478e-11 1.18666e-09 0.399756 0.228632 0.921502 0 0 0 0 0.151151 1.20402e-08 0.643322 0.118483 0.476172 0.268128 3.05634e-08 0.277648 0 0 0 0
15941.3 73.4624 1031.44 1003.8 1.57298 1.99737 0.0001 0.4 0.9 0.8 1.7 2 2.1 2.8 3.4 4 4.5 5 1.06082e-12 4.27713e-13 6.01075e-13 4.69735e-13 2.3135e-10 0.544303 0.22113 0.807549 0 0 0 0 0.147935 0.0357867 0.754958 2.17035e-05 0.471669 0.309904 6.85184e-06 0.277087 0 0 0 0
15942.3 73.4668 1031.45 1003.81 1.57295 1.99669 0.0001 2.77556e-17 0.8 1 1.7 2 2.1 2.8 3.3 3.8 4.4 5 1.50435e-13 1.58601e-12 2.50411e-13 8.2484e-13 6.18912e-11 0.545306 0.220169 0.807479 0 0 0 0 0.154813 0.000362974 0.427833 0.365464 0.454471 0.317658 5.27024e-08 0.276092 0 0 0 0
15947.6 73.4913 1031.53 1003.89 1.57285 1.99145 0.0001 -0.4 0.9 0.8 1.7 2 2.1 2.8 3.4 4 4.6 5.2 5.06151e-13 1.06398e-12 2.40539e-11 5.30243e-13 1.0902e-08 0.553759 0.211877 0.807212 0 0 0 0 0.155365 0.00182539 0.554341 0.203967 0.582577 2.10023e-05 0.227522 0.265826 0 0 0 0
15970.5 73.5968 1031.87 1004.22 1.56999 1.97238 0.0001 0.6 1.2 1.1 1.9 1.5 2.7 2.9 3.6 4.2 4.8 5.4 2.21156e-13 1.44329e-15 4.43312e-13 1.45439e-14 0.597076 7.72565e-12 0.972919 5.07816e-13 0 0 0 0 0.125606 0.309291 2.85231e-10 0.634697 0.643288 1.15987e-11 0.135164 0.124336 0 0 0 0
16031.2 73.8766 1032.75 1005.11 1.53953 1.9364 0.0001 0.4 0.8 0.9 1.7 1.8 2.8 2.6 3.1 3.7 4.3 4.8 6.65967e-13 3.03646e-14 4.94604e-14 1.9984e-15 1.60133e-10 0.462971 0.0765639 1 0 0 0 0 0.161586 3.3775e-06 0.0429959 0.744211 5.57882e-10 0.713282 0.156038 0.118281 0 0 0 0
15964.3 73.5683 1031.78 1004.13 1.58547 1.99381 0.0001 1 0.6 0.8 0.5 1.8 2 2.8 3.3 3.8 4.4 5 3.38618e-15 2.05058e-13 2.47025e-14 1.55986e-14 2.08167e-14 6.71685e-14 0.751815 0.833658 0 0 0 0 0.159667 0.459334 1.50008e-06 0.365501 1.76139e-08 0.561977 0.169608 0.277724 0 0 0 0
745.626 3.43606 314.826 287.183 1.07973 1.03459 0.2 0.5 0.9 1.4 1.5 1.2 2.3 3.3 3.3 3.9 4.5 5 0.135646 0.0509154 0.345326 0.000382029 0.344906 0.00010898 0.111805 0.0906429 0 0 0 0 0.0524227 0.298084 0.0510353 0.342606 3.20899e-08 0.0846025 0.178397 0.0274409 0 0 0 0
745.66 3.43622 314.836 287.194 1.07958 1.03188 0.2 0.5 0.7 1.4 1.5 1.3 2.3 3.3 3.2 3.8 4.4 5 0.125379 0.00170003 0.277426 0.00161037 0.202669 0.261778 0.119774 0.0892437 0 0 0 0 0.0637154 0.233313 0.104576 0.28625 1.99895e-06 0.140409 0.177257 0.0263554 0 0 0 0
738.91 3.40512 312.709 285.066 1.08616 1.02863 0.0001 0.5 0.8 1.5 1.6 1.7 2.4 3.4 3.4 3.9 4.5 5.1 0.105032 0.0139479 0.385418 0.384034 1.08815e-05 2.7745e-06 0.114129 0.0835805 0 0 0 0 0.0675913 0.163217 0.262477 0.367844 6.21299e-06 1.29797e-09 0.149807 0.0176886 0 0 0 0
753.809 3.47378 317.38 289.738 1.06985 1.02443 0.3 0.5 0.7 1.3 1.5 1.6 2.2 3.1 3.3 3.8 4.3 4.9 0.074741 0.262723 0.0165023 0.384121 0.0266914 0.118702 0.0767556 0.109616 0 0 0 0 0.0858038 0.262487 0.0149943 0.435614 1.64907e-07 1.30694e-08 0.191369 0.0341653 0 0 0 0
718.993 3.31333 306.315 278.672 1.12293 0.981689 0.2 0.5 0.8 1.5 1.6 1 2.4 3.9 3.4 4 4.6 5.1 0.0674621 0.194752 4.32807e-07 0.248928 1.72967e-07 0.334903 0.198691 0.0781898 0 0 0 0 0.121099 0.0501743 0.343606 0.206034 0.13979 1.09203e-06 0.120589 0.000395517 0 0 0 0
726.737 3.34902 308.822 281.179 1.11671 0.959542 0.3 0.5 0.7 1.3 1.5 1.7 2.3 3.8 3.2 3.8 4.4 5 0.144991 1.33775e-07 0.257168 0.413377 3.76255e-13 4.4219e-11 0.222156 0.0790169 0 0 0 0 0.167262 6.83185e-06 0.255975 0.224218 0.146011 0.0345598 0.13151 4.10783e-15 0 0 0 0
754.92 3.47889 317.724 290.082 1.07013 1.02953 0.2 0.6 0.8 0.8 1.5 1.5 2.3 3.1 3.4 3.9 4.5 5 0.108773 0.138868 0.220438 0.000101973 0.398932 0.0398978 0.0514831 0.111639 0 0 0 0 0.126016 0.0761119 0.296217 0.00900796 0.313611 0.0258805 0.150245 0.0324404 0 0 0 0
738.91 3.40512 312.709 285.066 1.09242 1.01024 0.2 0.5 0.7 1.4 1.5 1.9 2.4 3.5 3.4 3.9 4.4 5 0.121495 0.00504353 0.290811 0.453973 0.000418446 9.27992e-09 0.143953 0.0767239 0 0 0 0 0.116603 6.85017e-06 0.348212 0.147334 0.231458 0.0146863 0.139766 0.0121735 0 0 0 0
728.291 3.35618 309.321 281.679 1.10856 1.00136 0.0001 0.5 0.7 1 1.6 1.7 2.5 3.7 3.5 4.1 4.6 5.1 0.0812551 0.157358 0.000139321 0.366713 0.29032 1.25445e-08 0.135588 0.0771894 0 0 0 0 0.0935307 9.00488e-08 0.33788 0.117812 0.320989 0.0143324 0.115136 0.00167951 0 0 0 0
735.072 3.38743 311.49 283.847 1.11149 0.947962 0.2 0.5 0.6 1.2 1.4 1 2.2 3.7 3.1 3.7 4.3 4.9 0.153259 6.35646e-09 4.89645e-08 1.84636e-07 0.067182 0.547247 0.265897 0.0779047 0 0 0 0 0.0531386 0.298975 5.86992e-08 0.225674 0.213588 1.68112e-06 0.156584 1.00773e-11 0 0 0 0
763.468 3.51829 320.359 292.717 1.0794 0.964701 0.3 0.5 0.6 1.2 1.5 2.1 1.3 3.3 3.1 3.7 4.3 4.8 0.131205 0.000429705 0.202004 0.437329 2.14844e-10 0.230096 2.76073e-08 0.0783409 0 0 0 0 0.129329 0.185196 1.54298e-05 0.415978 1.62133e-09 0.199348 0.0176609 0.017173 0 0 0 0
737.822 3.4001 312.364 284.721 1.10457 0.944057 0.6 0.4 0.6 1.2 1.4 1.3 2.2 3.6 3 3.6 4.2 4.7 0.0588608 0.245554 0.00321388 0.477439 5.48252e-05 0.00295671 0.237501 0.0789923 0 0 0 0 0.0399205 0.249127 0.0710312 0.00378685 0.0255572 0.397918 0.156715 3.17525e-08 0 0 0 0
726.529 3.34806 308.755 281.112 1.11421 0.988107 0.0001 0.5 0.8 1.4 1.5 2 2.5 3.8 3.3 3.9 4.5 5.1 0.0439079 0.260286 0.099455 0.474666 1.49348e-08 1.0214e-09 0.162465 0.0734271 0 0 0 0 0.0761091 0.127023 0.301223 3.61875e-06 0.327061 0.0606884 0.0959992 4.0859e-10 0 0 0 0
754.045 3.47486 317.453 289.811 1.06923 1.01867 0.3 0.5 0.7 0.8 1.3 1.4 2.2 3.1 3.2 3.7 4.3 4.8 0.117505 0.150989 0.0290264 0.106726 0.00101557 0.466748 0.0912257 0.105993 0 0 0 0 0.0831124 0.270923 0.00353407 0.00484844 0.435645 7.59662e-05 0.188896 0.031638 0 0 0 0
746.315 3.43924 315.042 287.399 1.08007 1.02367 0.3 0.4 0.5 1.2 1.5 1.8 2.3 3.3 3.3 3.8 4.4 4.9 0.128159 0.00125161 0.175047 0.390809 0.136758 0.0421354 0.1175 0.0884056 0 0 0 0 0.0804492 0.0109952 0.260805 0.27854 0.19912 9.0596e-08 0.169587 0.0241775 0 0 0 0
753.472 3.47222 317.275 289.633 1.06998 1.02562 0.4 0.5 1 1.3 1.4 1.6 2.2 3.1 3.2 3.8 4.4 4.9 0.230464 0.0803081 0.103231 0.296211 0.000642132 0.178352 0.0700895 0.110683 0 0 0 0 0.205586 0.139676 0.0282416 0.42323 0.00184717 3.0708e-08 0.192645 0.0343924 0 0 0 0
718.619 3.31161 306.193 278.55 1.12295 0.980522 0.2 0.5 0.9 1.4 1.5 1.6 2.4 3.9 3.4 3.9 4.4 4.9 0.0537739 0.216921 0.217605 0.354128 2.13105e-07 4.60205e-07 0.202744 0.0777822 0 0 0 0 0.0999503 0.148591 0.290981 3.07275e-05 0.120123 0.202019 0.118827 1.00813e-09 0 0 0 0
745.699 3.4364 314.849 287.206 1.07965 1.03013 0.2 0.5 0.7 1.4 1.5 1.3 2.3 3.3 3.2 3.7 4.2 4.8 0.119982 0.0240438 0.255311 0.0106769 0.188035 0.271624 0.121059 0.0889194 0 0 0 0 0.0647024 0.229213 0.108361 0.27086 0.0096448 0.145451 0.176094 0.0258067 0 0 0 0
745.769 3.43672 314.871 287.228 1.07975 1.03053 0.0001 0.5 0.6 1.3 1.5 1.8 2.3 3.3 3.4 4 4.6 5.2 0.0738221 0.0196853 0.27254 0.402297 0.062865 0.0443377 0.114742 0.089462 0 0 0 0 0.0369935 0.270858 0.0747674 0.329083 0.117191 6.26646e-06 0.175501 0.0261279 0 0 0 0
754.525 3.47707 317.602 289.959 1.07 1.02266 0.0001 0.5 0.3 1.2 1.4 1.6 2.2 3.1 3.2 3.7 4.3 4.9 0.0328133 0.28235 0.0169912 0.331057 0.000744761 0.22891 0.0671917 0.109942 0 0 0 0 0.00801014 0.273606 0.0700438 0.243977 0.205671 3.37239e-05 0.186186 0.0351368 0 0 0 0
740.235 3.41122 313.128 285.485 1.08425 1.04831 0.4 0.4 0.5 1.2 1.4 2 2.5 3.4 3.2 3.8 4.3 4.9 0.118024 0.178797 1.30737e-05 0.364443 0.160893 0.108152 0.0703004 0.0836322 0 0 0 0 0.208603 0.00622854 0.127463 0.288541 0.158588 0.131056 0.104464 0.0233608 0 0 0 0
753.572 3.47268 317.306 289.664 1.07019 1.02583 0.5 0.4 0.5 1.2 1.4 1.7 2.2 3.1 3.2 3.7 4.3 4.8 0.00201627 0.254028 0.0512236 0.405421 0.00187855 0.19153 0.052035 0.112057 0 0 0 0 0.00807054 0.216603 0.116338 0.273698 0.185936 1.4876e-09 0.189511 0.0356733 0 0 0 0
753.282 3.47134 317.216 289.574 1.07018 1.02479 0.2 0.6 0.4 1.3 1.4 1.7 2.2 3.1 3.2 3.8 4.3 4.9 0.0832257 0.259782 0.0278365 0.384326 0.00498984 0.13746 0.0613039 0.111258 0 0 0 0 0.00647618 0.119681 0.2376 0.435267 3.35147e-06 1.69101e-07 0.191443 0.0343168 0 0 0 0
746.154 3.4385 314.991 287.349 1.07865 1.03939 0.0001 0.4 0.5 1.2 1.4 1.7 2.3 3.3 3.2 3.8 4.3 4.9 0.0362031 0.019188 0.283497 0.170692 0.355738 0.000355567 0.124256 0.0887186 0 0 0 0 0.0298385 3.13385e-05 0.342125 0.139042 0.317676 9.01976e-06 0.181908 0.0287646 0 0 0 0
746.682 3.44093 315.157 287.514 1.07904 1.03699 0.5 0.4 0.4 1.2 1.3 1.8 2.3 3.3 3.1 3.7 4.2 4.8 0.0267746 0.277964 0.000401025 0.196629 0.306246 0.0697822 0.111692 0.0895505 0 0 0 0 0.18016 0.164281 0.0136911 8.03952e-08 0.438483 0.0368762 0.174539 0.0289586 0 0 0 0
727.269 3.35147 308.993 281.35 1.11512 0.992456 0.2 0.4 0.9 1.5 1.6 1.8 2.5 3.8 3.4 3.9 4.4 4.9 0.0888284 0.114282 0.320277 0.360624 0.00044215 1.59923e-08 0.154813 0.0758587 0 0 0 0 0.0830047 0.128992 0.353049 6.27039e-06 0.277057 0.0439287 0.106418 5.77402e-09 0 0 0 0
727.483 3.35245 309.062 281.419 1.11422 0.986277 0.0001 0.5 0.7 1.4 1.5 2.1 2.5 3.8 3.3 3.9 4.5 5.1 0.051153 0.199957 0.149355 0.478127 8.33639e-08 4.53034e-10 0.162338 0.0732952 0 0 0 0 0.0878108 7.28695e-12 0.393028 0.0603451 0.298233 0.0576448 0.0892154 1.83891e-11 0 0 0 0
727.905 3.3544 309.197 281.555 1.11393 0.984341 0.2 0.5 0.8 1.4 1.5 2.5 2.1 3.8 3.3 3.8 4.4 4.9 0.0682805 0.222535 0.115086 0.472068 1.58439e-09 0.163422 3.97676e-12 0.0725364 0 0 0 0 0.113979 0.0758696 0.312693 1.16264e-08 0.335327 0.0861354 0.0603358 6.85013e-12 0 0 0 0
754.038 3.47483 317.451 289.808 1.07006 1.02523 0.4 0.6 1 1.4 1.2 1.6 2.2 3.1 3.3 3.9 4.4 5 0.285155 0.00254122 0.120869 1.07288e-06 0.236442 0.25187 0.0619216 0.111255 0 0 0 0 0.265018 0.0832406 1.26936e-07 0.196781 0.256064 7.37954e-07 0.188321 0.0358066 0 0 0 0
717.554 3.3067 305.846 278.203 1.12305 0.983195 0.0001 0.5 0.7 1.3 1.4 1.6 2.4 3.9 3.3 3.9 4.4 5 0.00453693 0.358731 2.45527e-07 0.431163 0.043676 1.98939e-09 0.207428 0.0775153 0 0 0 0 0.0880682 2.88313e-10 0.390279 0.026462 0.149207 0.207009 0.12217 3.96934e-08 0 0 0 0
746.197 3.4387 315.005 287.363 1.08049 1.01698 0.3 0.5 0.8 1.4 1.5 1.7 2.3 3.3 3.3 3.9 4.4 5 0.189976 2.0048e-06 0.242612 0.432809 7.59937e-08 5.96015e-10 0.12781 0.0872845 0 0 0 0 0.127497 0.147022 0.163184 0.390401 3.76854e-10 2.31717e-10 0.167435 0.0214387 0 0 0 0
757.507 3.49082 318.525 290.883 1.06905 1.02704 0.3 0.5 0.4 1.1 1.4 1.2 2.1 3.1 3.3 3.8 4.4 5 0.0626834 0.229938 0.0451522 0.00525732 0.334727 0.173982 0.108758 0.108549 0 0 0 0 0.0441714 0.00173502 0.245708 0.16309 0.0290334 0.272458 0.226859 0.0439825 0 0 0 0
763.737 3.51953 320.442 292.799 1.06759 1.00305 0.7 0.4 0.5 1.2 1.4 1.3 2.1 3 3.2 3.7 4.3 4.8 6.55738e-05 0.0708824 0.304736 3.42582e-07 0.502089 7.1375e-07 0.0669333 0.12288 0 0 0 0 1.87781e-07 0.306962 4.85276e-07 0.44967 5.75701e-08 0.00188583 0.213496 0.0310335 0 0 0 0
786.177 3.62294 327.218 299.576 1.054 0.999147 0.0001 0.5 0.4 1 1.3 1.5 2 2.9 3 3.5 4 4.5 0.000899536 0.211292 0.0940274 0.249966 0.000760547 0.284536 0.0985911 0.113926 0 0 0 0 0.0383979 0.00348212 0.212174 0.298375 0.173421 8.00144e-05 0.226068 0.04715 0 0 0 0
741.308 3.41617 313.467 285.824 1.085 1.03588 0.3 0.5 0.7 1.3 1.4 2 2.4 3.4 3.2 3.7 4.2 4.7 0.150935 0.0913511 0.104444 0.473818 0.00982972 0.0757873 0.0953843 0.0834495 0 0 0 0 0.163906 0.00576573 0.266685 1.31457e-07 0.389067 0.0487593 0.139227 0.0224719 0 0 0 0
737.86 3.40028 312.376 284.733 1.10897 0.97122 0.3 0.6 0.8 1.4 1.5 1.8 2.4 3.7 3.5 4 4.5 5.1 0.18763 1.27394e-07 0.252047 0.423107 1.55671e-08 2.31423e-09 0.169284 0.0769001 0 0 0 0 0.184879 3.81055e-08 0.304135 0.105597 0.216833 0.0432924 0.116484 2.10412e-10 0 0 0 0
746.415 3.4397 315.073 287.431 1.07874 1.04273 0.5 0.4 0.4 1.2 1.4 1.8 2.3 3.3 3.2 3.8 4.3 4.8 0.0250786 0.267929 0.010603 0.331046 0.187502 0.0548711 0.111419 0.0902888 0 0 0 0 0.167839 0.178146 0.0078943 0.202743 0.261769 0.0124534 0.181555 0.0303333 0 0 0 0
718.71 3.31203 306.222 278.58 1.12295 0.980215 0.3 0.5 0.9 1.4 1.5 1.6 2.4 3.9 3.4 4 4.6 5.2 0.0920945 0.169711 0.228271 0.352204 1.16716e-06 1.27828e-08 0.202978 0.0776896 0 0 0 0 0.175666 0.0513844 0.319404 7.76339e-07 0.0932565 0.222349 0.118154 2.27863e-07 0 0 0 0
759.999 3.5023 319.294 291.651 1.06661 1.00401 0.6 0.4 0.4 1.2 1.4 1.7 2.2 3.1 3.2 3.8 4.3 4.9 0.0042735 0.0553841 0.238568 0.364894 0.156361 0.0307673 0.121698 0.094667 0 0 0 0 0.0839235 0.21386 0.0502159 0.249322 0.201909 2.09217e-06 0.179381 0.0253924 0 0 0 0
760.233 3.50338 319.366 291.723 1.06884 1.02136 0.4 0.5 0.7 1.2 1.4 1.6 2.1 3 3.3 3.8 4.4 5 0.0303663 0.339504 0.0313789 8.26923e-08 0.311165 0.220972 6.85584e-06 0.135448 0 0 0 0 0.307701 1.0815e-07 0.000106525 0.452975 2.80703e-06 1.00199e-08 0.219245 0.0413309 0 0 0 0
765.279 3.52663 320.914 293.271 1.06129 1.00243 0.4 0.4 0.5 1.1 1.4 1.5 2.1 2.9 3.3 3.9 4.4 5 0.00657763 0.00845171 0.377194 0.00270269 0.214328 0.312058 8.1235e-13 0.139981 0 0 0 0 0.25765 0.0318581 0.0159844 0.279373 0.189652 0.000177811 0.187342 0.0403934 0 0 0 0
727.457 3.35233 309.053 281.411 1.11544 0.99364 0.0001 0.3 0.8 1.5 1.7 2.4 2.5 3.8 3.5 4 4.6 5.1 0.0853114 0.036019 0.385869 0.378791 1.112e-07 5.34605e-10 0.152809 0.0766379 0 0 0 0 0.0549538 0.0889578 0.385836 0.197744 0.157687 7.75473e-11 0.10846 6.36323e-10 0 0 0 0
753.282 3.47134 317.216 289.574 1.07017 1.02553 0.3 0.5 0.7 1.3 1.5 1.7 2.2 3.1 3.3 3.9 4.5 5.1 0.155084 0.03614 0.195166 0.343852 0.0383184 0.130286 0.0597096 0.111612 0 0 0 0 0.086134 0.261636 0.015689 0.435506 5.1977e-05 7.10975e-07 0.191686 0.0348232 0 0 0 0
759.556 3.50026 319.157 291.515 1.06611 1.02011 0.2 0.5 0.7 1.4 1.5 1.6 2.2 3 3.3 3.8 4.4 4.9 0.0225346 0.331654 0.0384326 0.390362 7.6849e-05 0.130879 0.0246339 0.127533 0 0 0 0 0.117824 0.0103486 0.323252 0.360998 8.13099e-06 3.88022e-07 0.169839 0.0378391 0 0 0 0
745.596 3.43593 314.816 287.174 1.07964 1.0327 0.2 0.5 0.7 1.3 1.4 1.6 2.3 3.3 3.2 3.7 4.3 4.8 0.123332 0.0184109 0.251215 0.350688 1.81395e-06 0.130133 0.116113 0.0897409 0 0 0 0 0.0631644 0.235884 0.101802 0.144415 0.283026 7.85419e-09 0.177739 0.0266681 0 0 0 0
717.577 3.30681 305.853 278.211 1.12309 0.983392 0.0001 0.5 0.8 1.3 1.5 1.6 2.4 3.9 3.5 4.1 4.6 5.2 0.00549227 0.356099 8.44792e-07 0.464591 4.06348e-05 0.0120486 0.20729 0.077529 0 0 0 0 0.0770568 0.120675 0.311993 3.78795e-07 0.231604 0.119516 0.122547 1.36263e-08 0 0 0 0
738.085 3.40131 312.447 284.805 1.10438 0.94237 0.6 0.4 0.5 1.2 1.4 1.6 2.2 3.6 3.1 3.6 4.2 4.7 0.0612879 0.245711 0.000352087 0.480456 2.41384e-09 4.01664e-11 0.238075 0.0785018 0 0 0 0 1.34757e-08 0.204239 0.13667 0.248469 0.199559 1.20864e-11 0.153433 1.87805e-12 0 0 0 0
745.811 3.43692 314.884 287.241 1.07972 1.03174 0.0001 0.4 0.7 1.4 1.5 1 2.3 3.3 3.4 4 4.6 5.2 0.0939943 0.0104988 0.289741 0.216228 0.179981 0.0825459 0.117065 0.0896621 0 0 0 0 9.75223e-06 0.278434 0.0725472 0.370352 3.23493e-05 0.107577 0.176306 0.0264832 0 0 0 0
720.774 3.32154 306.894 279.251 1.12165 0.990573 0.0001 0.4 0.8 1.4 1.5 2.7 2.3 4 3.3 3.8 4.4 4.9 6.27355e-07 0.256072 0.1812 0.13999 0.331287 0.151799 4.30718e-08 0.0612974 0 0 0 0 0.0516739 0.140124 0.307502 4.01345e-07 0.348204 0.0264338 0.116634 5.36188e-12 0 0 0 0
754.311 3.47609 317.536 289.893 1.07003 1.02384 0.0001 0.5 0.3 1.2 1.4 1.6 2.2 3.1 3.2 3.8 4.4 4.9 0.0383704 0.292961 0.00262749 0.326963 2.06309e-05 0.233226 0.0653477 0.110512 0 0 0 0 2.06727e-09 0.259588 0.0899734 0.250273 0.201413 2.38229e-07 0.187155 0.035442 0 0 0 0
753.599 3.4728 317.315 289.672 1.07013 1.02542 0.4 0.4 0.5 1.2 1.4 1.7 2.2 3.1 3.1 3.6 4.2 4.7 0.0398964 0.211517 0.0569936 0.396074 0.0157365 0.184354 0.0538227 0.111734 0 0 0 0 0.0292269 0.187316 0.124468 0.273548 0.186036 3.42671e-08 0.189339 0.035489 0 0 0 0
727.298 3.3516 309.002 281.36 1.11375 0.986621 0.2 0.5 1.1 1.4 1.5 1.8 2.5 3.8 3.3 3.9 4.4 5 0.0476147 0.298766 0.0869347 0.443305 1.869e-08 7.47437e-10 0.164822 0.0723043 0 0 0 0 0.0733893 0.246163 0.306785 1.86338e-07 0.0984846 0.166268 0.0955317 3.76951e-10 0 0 0 0
752.768 3.46898 317.057 289.414 1.0705 1.02813 0.4 0.5 0.9 1.3 1.5 1.9 2.2 3.1 3.3 3.9 4.4 5 0.280444 0.00717326 0.0878186 0.419899 1.27509e-07 0.141851 0.0189434 0.114375 0 0 0 0 0.212936 0.12729 0.0291247 0.429699 6.63007e-10 5.50992e-09 0.193373 0.0357115 0 0 0 0
725.101 3.34148 308.294 280.652 1.11458 0.993682 0.0001 0.6 0.7 1.3 1.7 1.4 2.5 3.8 3.5 4 4.5 5.1 0.0643082 0.334297 6.71685e-14 0.00126603 4.76326e-07 0.478597 0.161544 0.0745665 0 0 0 0 0.0900616 1.90595e-06 0.37931 0.152821 0.215927 0.0484258 0.107136 1.206e-09 0 0 0 0
727.229 3.35129 308.98 281.337 1.11532 0.993724 0.2 0.6 0.9 1.5 1.6 1.8 2.5 3.8 3.5 4.1 4.7 5.2 0.130129 0.0978025 0.296067 0.345866 0.0151389 9.15236e-06 0.154074 0.0762293 0 0 0 0 0.125643 0.128454 0.303693 1.52573e-05 0.296815 0.0309528 0.108152 3.98202e-10 0 0 0 0
753.536 3.47252 317.295 289.653 1.07008 1.02144 0.0001 0.6 0.4 1.3 1.4 1.6 2.2 3.1 3.3 3.9 4.5 5.1 0.0558773 0.283421 0.0408781 0.333804 0.00877936 0.162918 0.0752493 0.109154 0 0 0 0 0.00205801 0.114022 0.246841 0.436172 4.8537e-06 1.67976e-07 0.189922 0.0324157 0 0 0 0
746.029 3.43792 314.952 287.31 1.0792 1.03472 0.4 0.5 1 1.4 1.2 1.7 2.3 3.3 3.2 3.8 4.3 4.9 0.282478 0.0179579 0.0270371 0.202069 0.286173 0.0553347 0.119081 0.0890671 0 0 0 0 0.229406 0.0985768 0.136512 0.364053 0.000281531 0.000118942 0.178322 0.027449 0 0 0 0
753.734 3.47343 317.357 289.714 1.07009 1.02594 0.4 0.4 0.5 1.2 1.4 1.7 2.2 3.1 3.2 3.8 4.4 5 0.0276304 0.202923 0.0859092 0.342852 0.0847488 0.156929 0.057499 0.111602 0 0 0 0 0.199054 0.0175673 0.124386 0.273844 0.185771 5.41066e-05 0.189601 0.0356673 0 0 0 0
753.26 3.47124 317.209 289.567 1.07019 1.02571 0.2 0.4 0.6 1.3 1.5 1.7 2.2 3.1 3.3 3.9 4.4 5 0.0865363 0.0188578 0.266637 0.384582 2.85409e-07 0.142777 0.0590796 0.111722 0 0 0 0 0.00710765 0.23602 0.120834 0.435095 6.04916e-07 1.00305e-05 0.19185 0.0347926 0 0 0 0
727.702 3.35347 309.132 281.49 1.10855 0.999893 0.2 0.5 0.8 1.5 1.6 2.1 2.5 3.7 3.5 4 4.6 5.2 0.13653 1.95403e-08 0.359692 0.396247 4.74014e-08 6.61482e-10 0.138939 0.0771462 0 0 0 0 0.136536 1.89151e-08 0.400177 0.0265563 0.319078 2.20533e-09 0.11621 0.00133551 0 0 0 0
721.786 3.3262 307.222 279.579 1.1183 0.992742 0.1 0.5 0.7 1.4 1.5 2.6 2.2 3.9 3.4 4 4.6 5.1 0.018736 0.356269 0.0016449 0.492953 0.0226131 0.158497 7.29999e-08 0.0675841 0 0 0 0 0.0947732 5.35471e-09 0.381396 0.100085 0.263823 0.0569425 0.0957219 8.72641e-09 0 0 0 0
746.726 3.44114 315.171 287.528 1.07518 1.0313 0.0001 0.6 0.6 0.8 1.4 1.5 2.3 3.2 3.3 3.9 4.5 5 0.0935465 0.0321054 0.0681725 0.290131 0.038822 0.368958 0.0832568 0.100182 0 0 0 0 0.0656225 0.193894 0.150805 0.0177028 0.402565 0.00270322 0.171206 0.0267964 0 0 0 0
727 3.35023 308.906 281.264 1.11498 0.993273 0.0001 0.7 0.6 1.3 1.7 2.2 2.5 3.8 3.6 4.1 4.6 5.2 0.0722499 1.97974e-06 0.302407 0.40505 0.10494 1.0005e-09 0.154859 0.0754706 0 0 0 0 0.0894566 0.358852 0.0159459 0.197793 0.225288 8.62946e-09 0.105937 1.09668e-09 0 0 0 0
735.947 3.39146 311.769 284.126 1.10931 0.975436 0.0001 0.5 0.7 1.4 1.5 1.7 2.4 3.7 3.4 3.9 4.5 5.1 0.0925889 0.000228717 0.341304 0.427873 2.6011e-05 1.06808e-08 0.169948 0.0773447 0 0 0 0 0.08738 1.10856e-08 0.394027 0.0299827 0.324055 0.0176355 0.122355 3.40651e-08 0 0 0 0
766.057 3.53022 321.151 293.509 1.08109 0.957813 0.6 0.4 0.5 1.2 1.4 1.3 2.1 3.3 3 3.6 4.2 4.8 0.088118 0.231124 0.000153819 0.453423 2.97709e-10 2.14148e-08 0.228038 0.0802354 0 0 0 0 3.24348e-08 0.304396 3.56484e-08 0.444832 6.52844e-11 1.72928e-11 0.195737 0.0128472 0 0 0 0
720.648 3.32096 306.853 279.21 1.12765 0.978241 0.3 0.5 0.6 1.3 1.5 2.5 2.1 4 3.1 3.7 4.2 4.8 0.000255539 0.309346 0.0809366 0.305033 0.16941 0.189682 8.11395e-08 0.0729837 0 0 0 0 0.139954 4.42918e-09 0.243127 0.362462 0.050169 0.0557617 0.126768 6.89615e-12 0 0 0 0
720.326 3.31948 306.748 279.106 1.12271 0.975156 0.3 0.4 0.5 1.1 1.4 1.8 2.4 3.9 3.2 3.8 4.3 4.9 0.00357111 0.0861194 0.24077 0.210106 0.2999 1.45754e-07 0.205795 0.0764532 0 0 0 0 0.111316 2.48855e-05 0.211326 0.258819 0.153707 0.135158 0.104805 4.51306e-14 0 0 0 0
727.702 3.35347 309.132 281.49 1.10855 0.999895 0.2 0.5 0.8 1.5 1.6 2.5 2.4 3.7 3.5 4 4.6 5.1 0.13653 2.9929e-08 0.359691 0.396249 2.31846e-09 0.138937 3.15204e-10 0.0771471 0 0 0 0 0.136535 2.47732e-08 0.400177 0.0265538 0.319082 0.116212 8.61151e-10 0.00133442 0 0 0 0
764.602 3.52351 320.707 293.064 1.0795 0.965352 0.3 0.5 0.4 1.2 1.3 1.4 2.1 3.3 3 3.5 4.1 4.7 0.0738871 0.244512 5.46299e-08 0.455366 8.95236e-11 1.32149e-09 0.226686 0.0790518 0 0 0 0 0.0964576 0.135149 0.079513 0.431757 0.00436056 0.000473055 0.19977 0.017873 0 0 0 0
746.199 3.4387 315.006 287.363 1.0805 1.017 0.3 0.5 0.8 1.4 1.5 1.7 2.3 3.3 3.3 3.9 4.5 5.1 0.189666 0.000716465 0.242058 0.43301 6.45721e-08 5.35685e-10 0.12774 0.0873038 0 0 0 0 0.127506 0.146999 0.163206 0.390388 3.13875e-10 6.92356e-09 0.167442 0.0214586 0 0 0 0
722.668 3.33027 307.508 279.865 1.12257 0.971064 0.6 0.4 0.5 1.2 1.5 2 2.4 3.9 3.2 3.7 4.3 4.8 0.000233111 0.0876402 0.248619 0.360791 0.143621 2.53831e-08 0.205907 0.0757595 0 0 0 0 0.0748994 0.266363 5.48104e-10 0.324892 0.122302 0.0956935 0.0869144 1.33837e-13 0 0 0 0
754.931 3.47895 317.728 290.086 1.07003 1.02353 0.0001 0.6 0.3 1.3 1.4 1.6 2.2 3.1 3.3 3.8 4.4 4.9 0.0645264 0.320564 0.00324634 0.31337 1.52282e-05 0.19084 0.0671025 0.110361 0 0 0 0 0.00100369 0.243408 0.139493 0.332164 0.085125 4.24311e-08 0.186511 0.0358282 0 0 0 0
729.289 3.36078 309.642 281.999 1.10907 1.00016 0.0001 0.7 0.9 1.6 1.8 2 2.5 3.7 3.7 4.2 4.8 5.3 0.114273 0.0703369 0.398653 0.314938 1.78368e-08 4.82119e-10 0.132868 0.0780018 0 0 0 0 0.0958943 0.289883 0.155587 0.343259 1.94558e-09 8.72991e-12 0.114448 0.00109293 0 0 0 0
