Chi2   rChi2   BIC   AIC    Qichtot    Qimtot  R[0]  R[1]  R[2]  R[3]  R[4]  R[5]  R[6]  R[7]  R[8]  R[9]  R[10]  R[11]  Q0ch    Q1ch    Q2ch    Q3ch    Q4ch    Q5ch    Q6ch    Q7ch    Q8ch    Q9ch    Q10ch    Q11ch    Q0m    Q1m    Q2m    Q3m    Q4m    Q5m    Q6m    Q7m    Q8m    Q9m    Q10m    Q11m
595.749 2.74539 262.315 234.673 1.09942 1.02865 0.3 0.5 0.9 1.5 1.6 1.7 2.4 3.3 3.4 4 4.6 5.1 0.20251 0.00355156 0.3165 0.348596 0.00015341 0.021641 0.11505 0.0914201 0 0 0 0 0.172488 0.0564385 0.311993 0.129709 0.199599 5.26943e-07 0.141228 0.0171984 0 0 0 0
602.159 2.77493 264.82 237.177 1.09303 1.03099 0.2 0.6 0.7 1.2 1.6 1.4 2.3 3.2 3.4 4 4.5 5.1 0.131307 0.021686 0.231738 0.272339 0.229626 1.86151e-05 0.104626 0.101688 0 0 0 0 0.109453 0.0893375 0.243532 3.94417e-09 0.0483313 0.348325 0.166174 0.0258381 0 0 0 0
620.417 2.85906 271.809 244.166 1.11157 0.932765 0.2 0.5 0.7 0.8 1.4 1.5 2.2 3.4 3.3 3.8 4.4 5 0.124412 5.67581e-10 2.32332e-10 0.392557 0.293563 3.6337e-12 0.217029 0.0840083 0 0 0 0 0.0870677 0.165361 1.17423e-06 0.189268 0.351573 3.49315e-12 0.139495 6.79188e-11 0 0 0 0
612.339 2.82184 268.743 241.1 1.10844 0.958675 0.3 0.5 0.6 0.8 1.3 1.5 2.2 3.4 3.1 3.7 4.3 4.9 0.170376 3.76198e-08 3.05478e-12 0.281955 0.34608 9.50489e-10 0.228035 0.0819901 0 0 0 0 0.136126 0.0163343 0.222014 1.04972e-06 0.360691 0.0558873 0.161169 0.00645182 0 0 0 0
609.368 2.80815 267.604 239.962 1.08728 1.03452 0.3 0.5 0.8 1.3 1.4 1.8 2.2 3.1 3.2 3.8 4.4 5 0.184635 0.0263767 0.200292 0.361256 0.000176428 0.127503 0.0708184 0.116219 0 0 0 0 0.0838595 0.267953 0.00680468 0.44268 8.66859e-06 0.000368158 0.198838 0.0340108 0 0 0 0
595.097 2.74238 262.059 234.416 1.10518 1.024 0.3 0.4 0.6 1.2 1.5 1.9 2.5 3.4 3.3 3.8 4.4 5 0.151793 2.04785e-10 0.206942 0.235864 0.27934 0.0302052 0.120274 0.0807647 0 0 0 0 0.150568 2.84244e-10 0.206859 0.317122 0.0857274 0.14887 0.102562 0.0122952 0 0 0 0
584.703 2.69448 257.936 230.293 1.13585 0.965745 0.2 0.5 0.7 1.3 1.5 1.7 2.3 3.7 3.3 3.8 4.4 5 0.110439 1.60439e-05 0.310254 0.393812 7.62172e-08 5.91276e-10 0.236396 0.084935 0 0 0 0 0.116835 1.03375e-10 0.332007 0.109496 0.271035 2.20552e-07 0.136371 7.02305e-11 0 0 0 0
602.832 2.77803 265.081 237.438 1.09283 1.03081 0.3 0.5 0.9 1.4 1.5 1.6 2.3 3.2 3.3 3.8 4.3 4.9 0.198027 0.0141626 0.294372 0.206757 0.0350995 0.134483 0.109035 0.100893 0 0 0 0 0.141622 0.128204 0.222947 0.140291 0.20272 0.00428593 0.16467 0.0260718 0 0 0 0
620.417 2.85906 271.809 244.166 1.11157 0.932756 0.2 0.5 0.6 0.8 1.4 1.5 2.2 3.4 3.1 3.7 4.2 4.8 0.124415 1.79913e-10 2.79486e-10 0.392554 0.293563 4.41547e-11 0.217031 0.084009 0 0 0 0 0.0870628 0.165359 2.55342e-05 0.189241 0.351578 3.84992e-07 0.139489 9.3561e-11 0 0 0 0
602.039 2.77437 264.773 237.13 1.09303 1.03063 0.0001 0.6 0.7 1.4 1.6 1.3 2.3 3.2 3.4 4 4.5 5.1 0.0953525 0.0131522 0.32403 0.0660269 0.172562 0.213128 0.107355 0.101422 0 0 0 0 0.0722043 0.232147 0.132463 0.360841 0.0408377 1.0279e-06 0.166582 0.0255582 0 0 0 0
571.684 2.63449 252.667 225.024 1.14034 0.998146 0.2 0.6 0.7 1.1 1.5 2 2.5 3.8 3.2 3.8 4.4 4.9 0.0932675 0.00183946 0.362233 0.0787978 0.33584 0.0101681 0.178902 0.0792955 0 0 0 0 0.121673 3.79339e-07 0.30444 0.109295 0.279878 0.0923407 0.0905195 1.24651e-08 0 0 0 0
612.418 2.8222 268.773 241.13 1.08234 1.02209 0.2 0.4 0.7 1.4 1.5 2.1 2.2 3 3.3 3.8 4.4 4.9 0.109263 0.0145201 0.318881 0.25649 0.175509 0.0792335 0.000320167 0.128123 0 0 0 0 0.105855 0.0291311 0.309139 0.37066 1.38364e-06 1.1792e-08 0.17168 0.0356224 0 0 0 0
585.642 2.69881 258.311 230.669 1.11577 0.999979 0.2 0.5 1 1.4 1.5 1.7 2.5 3.5 3.4 4 4.6 5.1 0.0372087 0.337421 0.00354916 0.51207 9.23727e-07 4.49083e-08 0.146959 0.0785581 0 0 0 0 0.0921536 0.182996 0.318728 3.57169e-06 0.0547982 0.242227 0.109073 1.38778e-15 0 0 0 0
599.336 2.76192 263.72 236.077 1.12455 0.950075 0.0001 0.5 0.6 0.7 1.4 1.8 2.3 3.6 3 3.6 4.1 4.6 0.0759515 1.29861e-09 1.35744e-08 0.396315 0.362959 4.33986e-13 0.207899 0.0814225 0 0 0 0 0.0756991 0.0013208 0.171583 0.189707 0.344206 0.0483337 0.119225 3.40878e-10 0 0 0 0
584.633 2.69416 257.908 230.265 1.11714 1.002 0.0001 0.6 0.9 1.5 1.7 1.9 2.5 3.5 3.5 4.1 4.7 5.3 0.0846056 0.235617 0.168797 0.411496 3.06287e-11 4.09275e-10 0.133824 0.0828024 0 0 0 0 0.084437 0.208433 0.244079 0.177719 0.172751 1.39337e-07 0.114579 1.42675e-07 0 0 0 0
626.022 2.88489 273.914 246.271 1.07807 1.00767 0.0001 0.4 0.7 1.2 1.3 1.5 2 2.9 3 3.5 4.1 4.7 0.005787 0.218742 0.194093 0.0491504 0.0330733 0.404596 0.0273796 0.145248 0 0 0 0 0.0586923 0.128221 0.176191 0.363106 1.87154e-06 1.70487e-07 0.233093 0.0483672 0 0 0 0
634.734 2.92504 277.148 249.505 1.08399 0.982476 0.0001 0.6 0.7 1.4 1.5 1.4 2.2 3.1 3.2 3.7 4.2 4.8 0.0700707 1.69719e-10 0.405935 0.23784 2.79627e-10 0.117117 0.164299 0.0887285 0 0 0 0 0.0767899 0.178985 0.181365 0.228383 6.66031e-09 0.140367 0.156553 0.0200331 0 0 0 0
576.582 2.65706 254.663 227.02 1.13375 0.986764 0.3 0.6 0.8 0.9 1.5 1.7 2.4 3.7 3.2 3.7 4.3 4.8 0.165045 0.0416291 2.44988e-06 0.358333 0.291174 8.28143e-06 0.195955 0.0816013 0 0 0 0 0.190864 2.83031e-06 0.133807 0.205967 0.222221 0.114577 0.119326 6.63055e-09 0 0 0 0
584.072 2.69158 257.683 230.041 1.11707 1.00332 0.2 0.7 0.9 1.5 1.7 1.6 2.5 3.5 3.6 4.2 4.8 5.3 0.131665 0.232241 0.124395 0.412174 8.25409e-07 2.95172e-07 0.133646 0.0829486 0 0 0 0 0.131671 0.173673 0.24533 0.000755321 0.0527587 0.282591 0.116475 6.06797e-05 0 0 0 0
584.061 2.69153 257.679 230.036 1.11701 1.00375 0.2 0.7 0.9 1.5 1.7 1.6 2.5 3.5 3.6 4.2 4.7 5.2 0.131372 0.234537 0.121737 0.413033 6.93611e-10 3.21078e-08 0.133327 0.0829997 0 0 0 0 0.131592 0.17439 0.244488 2.81257e-08 0.0498537 0.286338 0.116863 0.000224718 0 0 0 0
648.521 2.98858 282.176 254.533 1.06687 1.00811 0.3 0.5 0.8 1.4 1.5 1.6 2.1 2.8 3.2 3.8 4.4 5 0.114676 0.0547924 0.356961 0.0946095 0.0144083 0.26844 0.0168794 0.146101 0 0 0 0 0.187746 6.90713e-08 0.282943 0.321728 1.99914e-07 2.65255e-07 0.16581 0.0498836 0 0 0 0
585.936 2.70017 258.429 230.786 1.10745 1.02775 0.2 0.7 0.9 1.6 1.7 1.9 2.5 3.4 3.5 4.1 4.7 5.3 0.152779 0.0373758 0.378573 0.345009 4.60158e-07 1.38109e-06 0.10595 0.0877636 0 0 0 0 0.131987 0.176034 0.244178 0.291392 0.0497024 3.79222e-07 0.126728 0.00773395 0 0 0 0
604.986 2.78795 265.915 238.273 1.11842 0.940734 0.2 0.6 0.8 1.4 1.5 1.3 2.2 3.5 3.2 3.8 4.4 5 0.130358 1.70998e-07 0.347834 1.73963e-08 4.18296e-09 0.312385 0.244682 0.0831602 0 0 0 0 0.0942188 0.283311 0.0224219 0.20269 0.00842795 0.179726 0.149938 3.30036e-10 0 0 0 0
594.416 2.73924 261.791 234.148 1.09978 1.02677 0.0001 0.5 0.7 1.4 1.6 1.8 2.4 3.3 3.4 4 4.5 5.1 0.0849519 0.0511008 0.298265 0.392506 0.0263243 0.0404014 0.114611 0.091624 0 0 0 0 0.0868715 0.0028038 0.386368 0.196083 0.196101 2.54574e-08 0.142779 0.0157591 0 0 0 0
611.996 2.82026 268.611 240.969 1.08263 1.02101 0.2 0.4 0.5 0.8 1.4 1.5 2.2 3 3.3 3.9 4.4 4.9 0.107133 0.00166166 0.0858754 0.289748 0.0013864 0.411913 0.0570384 0.127878 0 0 0 0 0.0593851 0.145048 0.022932 0.22645 0.35917 1.9324e-06 0.174127 0.0338908 0 0 0 0
594.68 2.74046 261.895 234.253 1.09968 1.02788 0.2 0.5 0.8 1.4 1.5 1.6 2.4 3.3 3.3 3.8 4.4 5 0.12967 0.0436671 0.300257 0.261841 0.00512407 0.152549 0.114794 0.0917806 0 0 0 0 0.117939 0.0584532 0.332658 8.68991e-08 0.245059 0.114255 0.143248 0.0162697 0 0 0 0
594.681 2.74047 261.895 234.253 1.09968 1.02776 0.2 0.5 0.8 1.4 1.5 1.6 2.4 3.3 3.4 4 4.5 5.1 0.12804 0.0488302 0.294891 0.267109 0.00527908 0.148664 0.115163 0.0916998 0 0 0 0 0.117958 0.0583837 0.332732 5.24701e-09 0.24477 0.114514 0.143187 0.0162171 0 0 0 0
630.767 2.90676 275.68 248.038 1.07569 1.0013 0.3 0.5 0.8 1.4 1.5 2 2.1 2.9 3.3 3.8 4.3 4.8 0.094197 0.206285 0.117089 0.397278 0.0502522 0.0739482 0.00125348 0.13539 0 0 0 0 0.186856 6.45716e-11 0.284431 0.317226 6.25289e-12 3.67031e-10 0.167671 0.04512 0 0 0 0
612.517 2.82266 268.81 241.168 1.0823 1.02186 0.2 0.4 0.7 1.4 1.5 2.1 2.2 3 3.4 4 4.5 5 0.090036 0.0567105 0.286771 0.311224 0.127206 0.0822602 0.000292044 0.127806 0 0 0 0 0.105894 0.0290463 0.309179 0.370612 7.00411e-09 2.5707e-10 0.171644 0.0354844 0 0 0 0
612.007 2.82031 268.615 240.973 1.08259 1.02098 0.0001 0.4 0.6 0.8 1.4 1.5 2.2 3 3.2 3.8 4.3 4.9 0.0532356 0.125634 0.0147139 0.290882 0.00198083 0.411104 0.0572908 0.127747 0 0 0 0 0.0314806 0.195639 0.0017458 0.224554 0.359605 5.75333e-05 0.173949 0.0339501 0 0 0 0
601.982 2.77411 264.751 237.108 1.09308 1.03011 0.0001 0.5 0.7 1.4 1.5 1.8 2.3 3.2 3.4 4 4.5 5 0.0949173 0.000609907 0.346696 0.393146 0.000157893 0.050743 0.105386 0.101424 0 0 0 0 0.0675694 0.114091 0.263007 0.288931 0.104587 3.07712e-07 0.166526 0.0254017 0 0 0 0
612.73 2.82364 268.892 241.249 1.08223 1.02257 0.0001 0.4 0.5 0.7 1.4 1.5 2.2 3 3.3 3.8 4.4 4.9 0.0857405 0.000895528 0.000120866 0.380982 0.0447299 0.385172 0.0572881 0.127301 0 0 0 0 0.0597171 0.0877775 2.00646e-07 0.295727 0.37185 4.19822e-08 0.171526 0.0359716 0 0 0 0
597.69 2.75433 263.076 235.434 1.12461 0.951974 0.0001 0.5 0.6 0.7 1.4 1.5 2.3 3.6 3.2 3.8 4.4 5 0.0760032 1.01709e-08 6.49702e-10 0.396201 0.362957 5.64939e-11 0.20776 0.0816879 0 0 0 0 0.082645 5.24902e-05 0.0613461 0.316998 0.129431 0.235928 0.125572 1.85701e-12 0 0 0 0
602.401 2.77604 264.913 237.271 1.09288 1.03047 0.0001 0.5 0.7 1.4 1.6 1.7 2.3 3.2 3.4 3.9 4.5 5.1 0.0926778 0.0095747 0.339719 0.382767 0.000229536 0.0571549 0.109871 0.100886 0 0 0 0 0.0642305 0.13464 0.23861 0.37312 0.000387186 0.0284669 0.165358 0.0256609 0 0 0 0
570.095 2.62717 252.015 224.373 1.14019 1.00327 0.0001 0.6 0.8 1.4 1.5 2 2.5 3.8 3.2 3.8 4.3 4.8 0.0517618 0.295759 0.116762 0.315777 0.0727583 0.0334188 0.174007 0.0799418 0 0 0 0 0.0864672 0.151192 0.263698 4.36732e-09 0.327245 0.0760647 0.0977094 0.00089703 0 0 0 0
595.44 2.74396 262.194 234.551 1.09952 1.02723 0.0001 0.4 0.7 1.3 1.4 1.7 2.4 3.3 3.1 3.7 4.2 4.8 0.0800058 0.042138 0.312575 0.0167432 0.368272 0.072448 0.116245 0.0910918 0 0 0 0 0.0761014 0.0352636 0.35214 9.26359e-06 0.285495 0.121742 0.139819 0.0166617 0 0 0 0
618.601 2.85069 271.123 243.481 1.08133 1.01858 0.0001 0.4 0.5 1.2 1.4 1.8 2.1 3 3.3 3.8 4.4 5 0.0491682 1.6016e-05 0.2751 0.403498 0.00654724 0.191575 0.0297836 0.125638 0 0 0 0 0.00404247 0.228026 0.0926298 0.359718 0.0857276 7.3443e-08 0.203757 0.0446821 0 0 0 0
582.895 2.68615 257.211 229.569 1.11711 1.00553 0.0001 0.6 0.8 1.5 1.6 1.8 2.5 3.5 3.5 4 4.5 5.1 0.0915475 0.148442 0.242102 0.419213 2.37995e-10 3.31167e-10 0.132158 0.0836489 0 0 0 0 0.0940054 0.0807748 0.357458 0.0129099 0.340739 2.54542e-07 0.119643 7.11213e-09 0 0 0 0
575.439 2.65179 254.199 226.556 1.13152 1.01012 0.0001 0.6 0.7 1.4 1.5 2.7 2.2 3.8 3.3 3.8 4.4 5 0.0574744 0.373796 4.25668e-05 0.0634069 0.425145 0.146707 5.81309e-08 0.0649518 0 0 0 0 0.0872158 2.02509e-09 0.387494 0.107251 0.256229 0.054295 0.117638 9.99476e-10 0 0 0 0
654.967 3.01828 284.49 256.848 1.06493 1.01567 0.2 0.5 0.7 0.7 1.3 1.4 2 2.8 2.9 3.4 3.9 4.5 0.000912502 0.308317 0.0494269 0.0659798 0.0208115 0.408034 0.0696471 0.141798 0 0 0 0 0.11939 0.0237803 0.261526 0.0161979 0.329557 1.77776e-05 0.201878 0.0633253 0 0 0 0
595.83 2.74576 262.347 234.704 1.09943 1.02867 0.3 0.4 0.9 1.5 1.6 1.7 2.4 3.3 3.4 4 4.5 5.1 0.204194 3.71922e-05 0.31965 0.344473 8.60041e-07 0.0249022 0.114716 0.0914612 0 0 0 0 0.141445 0.0808478 0.320619 0.121891 0.205556 2.94629e-06 0.14103 0.017278 0 0 0 0
569.7 2.62535 251.853 224.211 1.13973 1.00666 0.3 0.6 0.9 1.5 1.6 2 2.5 3.8 3.3 3.9 4.5 5.1 0.131692 0.144199 0.260771 0.330915 0.000766696 0.0155924 0.176028 0.0797673 0 0 0 0 0.195345 0.00867041 0.3582 2.8741e-07 0.296711 0.0421138 0.103886 0.00173772 0 0 0 0
584.046 2.69145 257.673 230.03 1.11574 1.00198 0.2 0.5 0.8 1.4 1.5 1.8 2.5 3.5 3.3 3.9 4.5 5 0.0366742 0.338276 0.00175151 0.513842 4.68907e-07 2.88408e-08 0.146182 0.0790116 0 0 0 0 0.128773 0.0217637 0.368405 2.17079e-07 0.264477 0.10725 0.111306 1.26026e-10 0 0 0 0
611.169 2.81645 268.295 240.652 1.08317 1.0235 0.3 0.5 0.8 1.4 1.5 1.9 2.2 3 3.4 3.9 4.5 5 0.185029 0.000161981 0.275634 0.353863 9.78964e-06 0.13004 0.00618581 0.132249 0 0 0 0 0.160547 0.0652947 0.228778 0.358746 6.54971e-11 1.00966e-08 0.175061 0.0350742 0 0 0 0
644.569 2.97036 280.746 253.103 1.06662 0.997197 0.0001 0.4 0.5 1.1 1.3 1.6 1.9 2.8 3.2 3.7 4.2 4.7 1.07996e-05 0.0903306 0.282686 1.8083e-06 0.314679 0.231433 2.88852e-08 0.147478 0 0 0 0 0.0577665 0.00660414 0.238953 0.338405 0.0492283 1.27912e-07 0.244341 0.0618984 0 0 0 0
585.46 2.69797 258.239 230.596 1.11994 1.00295 0.0001 0.4 0.6 1.3 1.5 2 2.6 3.6 3.4 4 4.6 5.2 1.11114e-05 0.226374 0.154848 0.20816 0.316531 1.52734e-07 0.143953 0.0700656 0 0 0 0 0.0681008 1.89548e-07 0.331892 0.32989 0.0467836 0.151901 0.0743806 2.57239e-13 0 0 0 0
614.191 2.83037 269.449 241.807 1.11079 0.940606 0.3 0.5 0.6 0.9 1.4 1.5 2.2 3.4 3.1 3.7 4.3 4.8 0.182289 1.13674e-08 3.56981e-09 0.374165 0.247387 1.2372e-10 0.223681 0.0832676 0 0 0 0 0.1288 0.155037 5.11827e-09 0.17336 0.335835 2.44891e-09 0.147044 0.000529451 0 0 0 0
584.212 2.69222 257.739 230.097 1.11607 1.00944 0.2 0.5 0.8 1.5 1.6 1.8 2.5 3.5 3.4 3.9 4.5 5 0.12497 0.0547351 0.305357 0.416128 2.97774e-06 1.45124e-08 0.132045 0.0828317 0 0 0 0 0.134811 1.9036e-08 0.396326 0.0838988 0.241148 0.031091 0.119731 0.00243742 0 0 0 0
602.536 2.77666 264.966 237.323 1.09303 1.03016 0.2 0.6 0.7 1.2 1.6 1.5 2.3 3.2 3.4 4 4.6 5.1 0.132985 0.00177671 0.254107 0.261957 0.215918 0.0193186 0.10566 0.10131 0 0 0 0 0.101004 0.219479 0.0835838 0.169446 1.0329e-05 0.2665 0.164198 0.0259409 0 0 0 0
612.119 2.82083 268.658 241.016 1.08241 1.02064 0.2 0.5 0.8 1.5 1.4 1.5 2.2 3 3.3 3.8 4.4 5 0.108999 0.0833055 0.292563 0.164239 0.00651995 0.240986 0.0586607 0.127133 0 0 0 0 0.090271 0.160081 0.200853 1.35223e-05 0.362156 5.43254e-07 0.173155 0.0341107 0 0 0 0
612.035 2.82044 268.626 240.984 1.08263 1.02094 0.2 0.4 0.6 0.8 1.4 1.5 2.2 3 3.2 3.7 4.2 4.8 0.0882025 0.0869112 0.0145794 0.293594 0.0107257 0.403233 0.0575922 0.127787 0 0 0 0 0.0562216 0.163063 0.00703178 0.227807 0.358148 0.000705791 0.174117 0.0338422 0 0 0 0
588.517 2.71206 259.457 231.815 1.11602 0.994671 0.3 0.5 0.9 1.4 1.5 1.9 2.5 3.5 3.3 3.9 4.4 4.9 0.0646464 0.302853 0.011735 0.511002 1.21566e-06 2.21087e-09 0.147908 0.0778695 0 0 0 0 0.174992 0.0499449 0.3112 2.58375e-07 0.2601 0.0985381 0.0998962 3.68655e-10 0 0 0 0
603.404 2.78066 265.303 237.66 1.11891 0.940917 0.2 0.5 0.7 0.9 1.4 1.5 2.2 3.5 3.2 3.8 4.4 4.9 0.142634 1.17081e-09 5.12287e-07 0.449462 0.198238 7.16807e-09 0.245757 0.0828173 0 0 0 0 0.0748137 0.221437 5.9764e-07 0.158762 0.338602 3.49431e-08 0.1473 1.19646e-09 0 0 0 0
585.228 2.6969 258.146 230.503 1.10769 1.02846 0.0001 0.7 0.9 1.6 1.7 2.3 2.5 3.4 3.6 4.1 4.6 5.1 0.111837 0.143569 0.307444 0.352144 5.53231e-06 1.10862e-08 0.104071 0.0886234 0 0 0 0 0.0944474 0.289936 0.154659 0.35176 0.00124834 1.92911e-09 0.129056 0.00735288 0 0 0 0
594.745 2.74076 261.921 234.278 1.0997 1.02793 0.2 0.4 0.8 1.3 1.6 1.5 2.4 3.3 3.5 4.1 4.7 5.3 0.112851 0.0622154 0.285175 0.162637 0.146128 0.124662 0.114169 0.0918581 0 0 0 0 0.105545 0.0602908 0.344796 2.45813e-06 0.119471 0.238404 0.143063 0.0163553 0 0 0 0
584.212 2.69222 257.739 230.097 1.11609 1.00934 0.2 0.5 0.8 1.5 1.6 1.8 2.5 3.5 3.5 4.1 4.6 5.1 0.124961 0.0547674 0.305331 0.416133 1.5897e-06 1.98985e-10 0.132057 0.0828413 0 0 0 0 0.134811 9.16263e-09 0.39631 0.0841686 0.240734 0.0312423 0.119671 0.00239871 0 0 0 0
569.544 2.62463 251.789 224.147 1.13848 1.01392 0.3 0.6 0.7 1.1 1.5 2.6 2 3.8 3.3 3.8 4.4 5 0.147692 0.0287447 0.187187 0.271028 0.173761 0.128345 0.123522 0.0782015 0 0 0 0 0.178865 2.6654e-05 0.191797 0.211583 0.211065 0.077386 0.141078 0.00211874 0 0 0 0
594.857 2.74127 261.964 234.322 1.09943 1.0249 0.2 0.5 0.8 1.4 1.5 1.6 2.4 3.3 3.4 4 4.6 5.1 0.0851896 0.184384 0.154294 0.406032 0.00455518 0.05101 0.124324 0.0896368 0 0 0 0 0.118361 0.0568605 0.334313 5.80274e-06 0.238753 0.119829 0.141794 0.0149825 0 0 0 0
583.069 2.68695 257.281 229.638 1.11698 1.00506 0.0001 0.3 0.8 1.5 1.6 1.8 2.5 3.5 3.6 4.2 4.7 5.3 0.0297111 0.139006 0.317223 0.415029 1.2444e-07 1.87908e-08 0.132692 0.083321 0 0 0 0 0.0660157 0.0661275 0.404629 7.64175e-08 0.347022 0.0020066 0.119111 0.000150665 0 0 0 0
584.9 2.69539 258.014 230.372 1.11715 1.00163 0.2 0.7 0.9 1.5 1.7 1.9 2.5 3.5 3.5 4 4.5 5.1 0.131628 0.232782 0.123768 0.412321 5.77067e-08 3.30517e-09 0.133916 0.0827387 0 0 0 0 0.129945 0.193276 0.214854 0.173525 0.175921 1.10695e-08 0.11411 1.47943e-07 0 0 0 0
620.417 2.85906 271.809 244.166 1.11157 0.932763 0.2 0.5 0.7 0.8 1.4 1.5 2.2 3.4 3.2 3.7 4.3 4.9 0.124412 8.22352e-11 4.85351e-10 0.392557 0.293563 5.24025e-14 0.217028 0.084009 0 0 0 0 0.0870671 0.165362 7.60009e-09 0.189268 0.351572 1.42387e-10 0.139493 7.2531e-11 0 0 0 0
597.561 2.75374 263.026 235.383 1.099 1.02894 0.2 0.4 0.6 1.1 1.3 1.7 2.4 3.3 3 3.5 4 4.6 0.0906014 0.0390559 0.232996 0.0245994 0.383491 0.122663 0.115134 0.0904607 0 0 0 0 0.0976285 0.00595241 0.268645 0.125889 0.194047 0.182653 0.135622 0.0185038 0 0 0 0
594.444 2.73937 261.802 234.159 1.09975 1.02789 0.0001 0.5 0.8 1.4 1.5 1.6 2.4 3.3 3.3 3.8 4.3 4.8 0.0847525 0.109787 0.27682 0.266115 0.000825915 0.155129 0.114353 0.0919687 0 0 0 0 0.0753751 0.125335 0.303915 3.07276e-07 0.263945 0.0994295 0.143751 0.0161345 0 0 0 0
594.21 2.73829 261.71 234.067 1.09961 1.02842 0.0001 -0.1 0.7 1.2 1.5 1.6 2.4 3.3 3.4 4 4.6 5.2 0.0032704 0.0988099 0.333378 0.0988308 0.340998 0.0163581 0.116225 0.0917375 0 0 0 0 0.0869597 0.000616271 0.387523 0.0372238 0.261571 0.0936976 0.144826 0.0160078 0 0 0 0
608.607 2.80464 267.312 239.669 1.08718 1.03 0.3 0.5 0.8 1.3 1.4 1.8 2.2 3.1 3.2 3.7 4.2 4.8 0.188979 0.0171124 0.206401 0.360392 0.00137667 0.122913 0.0756883 0.114318 0 0 0 0 0.104168 0.214397 0.0647664 0.330209 0.0899698 2.57636e-05 0.192133 0.0343263 0 0 0 0
620.417 2.85906 271.809 244.166 1.11157 0.932757 0.2 0.5 0.6 0.8 1.4 1.5 2.2 3.4 3.1 3.7 4.3 4.8 0.124412 5.00766e-11 3.51793e-10 0.392557 0.293564 8.39141e-10 0.217029 0.0840086 0 0 0 0 0.0870657 0.165362 5.74491e-06 0.189261 0.351572 1.72621e-07 0.13949 4.2446e-12 0 0 0 0
649.396 2.99261 282.492 254.849 1.07051 1.00632 0.2 0.5 0.6 0.9 1.4 1.3 2 2.9 3.1 3.6 4.2 4.8 0.0651753 0.102996 0.121503 0.22135 0.277653 0.0154012 0.147546 0.11889 0 0 0 0 0.118455 0.108205 0.00738839 0.255748 8.64801e-08 0.241741 0.226056 0.0487298 0 0 0 0
596.26 2.74774 262.516 234.873 1.09914 1.03261 0.2 0.4 0.7 1.3 1.5 1.8 2.4 3.3 3.3 3.8 4.4 5 0.110156 0.0443307 0.244491 0.333757 0.0767633 0.091383 0.105701 0.0925582 0 0 0 0 0.118281 5.52141e-08 0.332932 0.150503 0.204542 0.0671316 0.140186 0.0190348 0 0 0 0
584.184 2.69209 257.728 230.085 1.11606 1.00941 0.2 0.4 0.8 1.5 1.6 1.8 2.5 3.5 3.4 3.9 4.4 5 0.111544 0.0599606 0.314078 0.415546 1.81304e-07 6.82192e-08 0.132126 0.0828082 0 0 0 0 0.134811 1.47964e-11 0.396328 0.0839056 0.241124 0.031108 0.119718 0.00241455 0 0 0 0
584.212 2.69222 257.739 230.097 1.11608 1.00937 0.2 0.5 0.8 1.5 1.6 1.8 2.5 3.5 3.5 4 4.5 5.1 0.124968 0.0547465 0.305349 0.416126 1.23123e-06 2.97571e-10 0.132056 0.0828368 0 0 0 0 0.134811 2.53509e-09 0.396315 0.084131 0.240796 0.0312246 0.119689 0.00240834 0 0 0 0
609.384 2.80822 267.611 239.968 1.08697 1.0324 0.2 0.5 0.8 1.4 1.5 1.3 2.2 3.1 3.3 3.8 4.3 4.8 0.121347 0.063115 0.282232 0.00762528 0.300837 0.100378 0.0975765 0.113864 0 0 0 0 0.0489005 0.311209 0.000126881 0.0003104 0.0079579 0.433504 0.19675 0.0336467 0 0 0 0
612.214 2.82126 268.695 241.052 1.0825 1.02127 0.2 0.5 0.8 0.8 1.4 1.5 2.2 3 3.2 3.7 4.3 4.8 0.100076 0.111467 0.161653 0.101586 0.0502657 0.370968 0.0590561 0.127431 0 0 0 0 0.0904044 0.159687 0.188577 0.0127493 0.361927 0.000126997 0.173466 0.0343302 0 0 0 0
595.564 2.74454 262.243 234.6 1.13016 0.951207 0.2 0.6 0.7 1.1 1.5 1.3 2.2 3.6 3.3 3.9 4.4 4.9 0.145211 2.70493e-05 0.12016 0.502639 3.52604e-07 1.31101e-05 0.276194 0.0859172 0 0 0 0 0.0963391 0.28426 0.00502767 1.97181e-06 0.0725908 0.333473 0.159514 1.76018e-10 0 0 0 0
622.313 2.8678 272.523 244.881 1.07731 1.01974 0.3 0.4 0.5 0.9 1.4 1.5 2.1 2.9 3.2 3.8 4.4 5 0.0180374 0.00378472 0.365665 0.00885781 0.305764 0.204776 0.0231598 0.147267 0 0 0 0 0.118415 0.111519 0.0116935 0.256275 0.288689 1.3089e-05 0.185168 0.0479679 0 0 0 0
569.336 2.62367 251.704 224.061 1.13935 1.00883 0.0001 0.6 0.8 1.4 1.5 2.5 1.9 3.8 3.3 3.9 4.4 4.9 0.0379493 0.395358 1.56793e-07 0.422069 0.00010539 0.182814 0.0223782 0.078674 0 0 0 0 0.0889367 0.132026 0.287576 7.08442e-07 0.303391 0.106096 0.089314 0.00148994 0 0 0 0
587.023 2.70518 258.862 231.22 1.11719 0.997663 0.0001 0.6 1 1.5 1.8 2.5 2.4 3.5 3.4 3.9 4.5 5 0.0794304 0.278765 0.14082 0.400577 1.1368e-08 0.135775 2.4831e-09 0.0818221 0 0 0 0 0.0776959 0.268671 0.20045 0.220023 0.12296 0.107863 7.9177e-11 1.33469e-07 0 0 0 0
596.258 2.74773 262.515 234.872 1.09921 1.03361 0.2 0.4 0.7 1.3 1.5 1.8 2.4 3.3 3.4 4 4.6 5.1 0.125819 0.0125557 0.263748 0.345094 0.0473171 0.109669 0.101714 0.0932953 0 0 0 0 0.118295 7.61807e-09 0.332981 0.150274 0.205259 0.0666644 0.14067 0.0194707 0 0 0 0
602.771 2.77775 265.057 237.415 1.09288 1.03095 0.3 0.5 0.9 1.4 1.5 1.6 2.3 3.2 3.3 3.9 4.4 5 0.204704 1.73804e-05 0.307917 0.205039 0.00477229 0.161757 0.107536 0.101142 0 0 0 0 0.141799 0.127788 0.223591 0.135302 0.211026 0.000530077 0.164788 0.0261289 0 0 0 0
595.764 2.74546 262.321 234.679 1.09934 1.0242 0.2 0.4 0.8 1.3 1.6 1.3 2.4 3.3 3.5 4.1 4.6 5.1 0.000151894 0.28756 0.0832547 0.22581 0.135707 0.153437 0.124247 0.0891722 0 0 0 0 0.0893012 0.0958634 0.300476 0.0865886 0.259871 0.0378197 0.138881 0.0153983 0 0 0 0
594.681 2.74047 261.895 234.253 1.09967 1.02789 0.2 0.5 0.8 1.4 1.5 1.6 2.4 3.3 3.3 3.8 4.3 4.9 0.129606 0.0437824 0.300311 0.258173 0.0119663 0.149212 0.114844 0.0917768 0 0 0 0 0.11795 0.0584226 0.332692 1.20083e-06 0.244979 0.114329 0.143249 0.0162672 0 0 0 0
620.417 2.85906 271.809 244.166 1.11157 0.932756 0.2 0.5 0.6 0.8 1.4 1.5 2.2 3.4 3.1 3.7 4.2 4.7 0.124414 7.01192e-11 1.45076e-10 0.392556 0.293562 8.78435e-10 0.217031 0.0840087 0 0 0 0 0.0870638 0.165355 2.77383e-05 0.189243 0.351578 2.46577e-07 0.139489 8.72901e-10 0 0 0 0
632.936 2.91675 276.484 248.841 1.07993 1.01625 0.3 0.4 0.5 0.9 1.4 1.5 2.1 3 3.3 3.9 4.5 5 0.204162 0.000935872 0.000177213 0.293054 0.329461 0.00677673 0.129387 0.115972 0 0 0 0 0.203928 4.29989e-05 0.0026205 0.316067 0.250424 0.00481115 0.202743 0.0356114 0 0 0 0
17142.1 78.9958 1048.43 1020.79 1.53281 1.88406 0.0001 0.6 0.7 1.3 1.8 1.9 2.6 2.7 3.6 4.2 4.8 5.3 1.38778e-15 4.63907e-13 3.6865e-13 1.54188e-12 1.30014e-09 0.736226 0.265737 0.530847 0 0 0 0 0.110909 5.8031e-06 0.508351 0.465489 0.241782 0.185974 0.273612 0.0979405 0 0 0 0
17137.5 78.9747 1048.37 1020.73 1.53272 1.88764 0.1 0.7 0.8 0.7 1.5 1.9 2.6 2.7 3.3 3.9 4.4 5 2.33297e-12 3.95739e-13 1.32949e-13 2.33955e-11 2.46277e-10 0.73432 0.275441 0.522963 0 0 0 0 0.136178 0.0215384 0.583103 0.0146454 0.473732 0.279947 0.285213 0.0932777 0 0 0 0
17132.7 78.9528 1048.3 1020.66 1.5329 1.88564 0.1 0.4 0.8 0.9 1.6 1.9 2.6 2.7 3.4 4 4.5 5.1 1.41699e-11 9.77529e-12 8.49876e-14 6.70519e-12 4.15445e-10 0.734898 0.273496 0.524501 0 0 0 0 0.140641 1.19066e-08 0.506289 0.157256 0.527784 0.162609 0.339446 0.05161 0 0 0 0
17126.7 78.9251 1048.22 1020.58 1.54184 1.93335 0.1 0.4 0.8 0.9 1.5 1.9 2 2.7 3.2 3.7 4.2 4.7 1.456e-12 4.14008e-12 2.01117e-13 4.30989e-13 2.96081e-10 0.412341 0.35858 0.770921 0 0 0 0 0.13873 0.0109446 0.423435 0.233695 0.364047 0.389406 0.0002988 0.372791 0 0 0 0
17140.3 78.9876 1048.41 1020.77 1.5329 1.88287 0.2 0.7 0.8 1.4 1.8 1.9 2.6 2.7 3.5 4.1 4.6 5.2 3.33511e-13 2.13773e-13 1.22125e-15 1.47177e-12 6.51286e-10 0.736575 0.264406 0.531919 0 0 0 0 0.169388 7.15923e-11 0.551123 0.398434 0.212903 0.17535 0.29503 0.0806443 0 0 0 0
17135 78.9633 1048.34 1020.69 1.54111 1.92718 0.0001 0.4 0.8 1.1 1.6 1.9 2.1 2.7 3.1 3.6 4.2 4.8 6.84115e-10 4.11403e-11 2.55351e-15 1.78018e-10 2.81049e-10 0.585941 0.197029 0.758139 0 0 0 0 0.129201 2.0086e-05 0.626971 0.0575894 0.559506 0.00133985 0.199452 0.353101 0 0 0 0
17131.1 78.9451 1048.28 1020.64 1.53281 1.88927 0.2 0.7 0.9 1.2 1.7 1.9 2.6 2.7 3.4 3.9 4.5 5.1 5.65659e-14 1.4459e-12 1.49541e-12 5.44492e-12 5.6647e-11 0.733339 0.281188 0.518286 0 0 0 0 0.179682 0.0711819 0.606748 0.00289123 0.628902 1.09139e-05 0.349677 0.0501784 0 0 0 0
608.764 2.80536 267.372 239.73 1.0873 1.02913 0.3 0.4 0.5 1.2 1.5 1.9 2.2 3.1 3.3 3.8 4.3 4.8 0.127307 0.0377721 0.132245 0.468628 4.91154e-08 0.164257 0.0419216 0.115165 0 0 0 0 0.00032777 0.231641 0.098675 0.344979 0.131116 2.84732e-09 0.187167 0.0352265 0 0 0 0
613.076 2.82524 269.024 241.381 1.08211 1.02234 0.0001 0.5 0.7 1.5 1.4 1.5 2.2 3 3.4 4 4.5 5.1 0.0756898 0.0554032 0.323164 0.319078 0.121099 0.000140764 0.0609404 0.126592 0 0 0 0 0.0705952 0.103692 0.267741 2.15252e-06 0.373204 4.85178e-09 0.171095 0.0360133 0 0 0 0
604.343 2.78499 265.667 238.024 1.08809 1.02561 0.0001 0.2 0.7 1.2 1.5 1.6 2.3 3.1 3.4 3.9 4.4 4.9 0.0948702 0.000812334 0.33082 0.188194 0.000960057 0.288099 0.0707897 0.113547 0 0 0 0 1.09973e-06 0.118972 0.328401 0.0865389 0.311174 3.72463e-09 0.154946 0.0255783 0 0 0 0
594.25 2.73848 261.726 234.083 1.0998 1.02827 0.0001 0.6 0.8 1.5 1.6 1.6 2.4 3.3 3.4 3.9 4.5 5.1 0.0993764 0.0862654 0.310354 0.394834 0.00243989 7.36913e-05 0.114221 0.0922318 0 0 0 0 0.0837408 0.17188 0.243617 0.286217 0.0819463 0.000239491 0.144492 0.0161391 0 0 0 0
602.061 2.77447 264.781 237.139 1.09304 1.02949 0.0001 0.5 0.7 1.4 1.5 1.8 2.3 3.2 3.3 3.8 4.3 4.9 0.089511 0.027696 0.319613 0.404358 0.000804624 0.0417463 0.108361 0.10095 0 0 0 0 0.0677377 0.113059 0.264149 0.286691 0.106525 4.20948e-06 0.166153 0.0251738 0 0 0 0
588.437 2.71169 259.425 231.783 1.10663 1.02017 0.2 0.5 0.8 1.3 1.4 1.8 2.5 3.4 3.2 3.7 4.2 4.7 0.0838676 0.190061 0.147898 0.0103396 0.412909 0.05867 0.120242 0.0826474 0 0 0 0 0.114138 0.0760171 0.299984 8.07858e-10 0.252203 0.156343 0.114421 0.00706632 0 0 0 0
584.537 2.69372 257.869 230.227 1.1153 1.01379 0.2 0.4 0.8 1.5 1.6 2.1 2.5 3.5 3.4 4 4.6 5.2 0.110288 0.0621744 0.312602 0.416339 9.83716e-08 1.5563e-09 0.13131 0.0825823 0 0 0 0 0.1347 3.87473e-09 0.397714 0.0446953 0.30455 0.00663754 0.121269 0.00421893 0 0 0 0
