Chi2   rChi2   BIC   AIC    Qichtot    Qimtot  R[0]  R[1]  R[2]  R[3]  R[4]  R[5]  R[6]  R[7]  R[8]  R[9]  R[10]  R[11]  Q0ch    Q1ch    Q2ch    Q3ch    Q4ch    Q5ch    Q6ch    Q7ch    Q8ch    Q9ch    Q10ch    Q11ch    Q0m    Q1m    Q2m    Q3m    Q4m    Q5m    Q6m    Q7m    Q8m    Q9m    Q10m    Q11m
571.534 2.6338 252.605 224.963 1.02835 1.05684 0.2 0.5 0.4 1.1 1.4 1.5 2.1 3.1 3.3 3.8 4.3 4.8 0.0589701 0.262621 6.21029e-05 0.223486 3.30602e-05 0.323561 0.060923 0.0986928 0 0 0 0 0.0466736 1.34204e-06 0.224802 0.394572 0.0864997 6.12172e-09 0.244549 0.0597452 0 0 0 0
571.024 2.63145 252.396 224.754 1.02564 1.02473 0.4 0.5 0.5 1.3 1.5 2.2 2.1 3 3.5 4 4.5 5 0.0876032 0.181869 0.0964398 0.26373 0.246892 1.51823e-05 0.0412815 0.107814 0 0 0 0 0.181874 0.0976501 0.073919 0.442114 4.42994e-07 0.191954 1.15933e-07 0.0372179 0 0 0 0
19596.7 90.3075 1079.75 1052.1 1.49884 1.69534 0.2 2.77556e-17 0.8 0.9 1.8 2 2.7 2.8 3.4 4 4.6 5.1 2.81164e-13 2.45487e-12 3.97526e-12 1.36002e-14 2.00582e-08 0.703653 0.795189 1.07639e-08 0 0 0 0 0.124818 0.0507753 0.00109432 0.673491 0.603316 1.16399e-06 0.0080917 0.23375 0 0 0 0
518.613 2.38992 229.869 202.226 1.08061 1.04457 0.0001 0.4 0.8 1.4 1.8 1.9 2.5 3.9 3.4 3.9 4.4 5 0.000580022 0.218755 0.241275 0.365252 0.0367433 6.18709e-05 0.151794 0.0661528 0 0 0 0 2.59161e-08 0.269117 0.171773 0.347631 0.0952205 1.64133e-10 0.141857 0.0189744 0 0 0 0
528.234 2.43426 234.169 206.527 1.07901 1.0149 0.0001 0.4 0.7 1.3 1.6 1.6 2.4 3.8 3.3 3.9 4.5 5.1 0.0737912 0.00516473 0.367093 0.275238 0.0692394 0.0538761 0.164855 0.0697539 0 0 0 0 1.22235e-06 0.259588 0.13423 0.297862 0.114505 0.0441954 0.151635 0.0128837 0 0 0 0
527.208 2.42953 233.715 206.072 1.07829 1.01985 0.2 0.5 0.7 1.3 1.6 1.9 2.4 3.8 3.3 3.8 4.3 4.9 0.101434 0.00646764 0.314648 0.352874 0.0295286 0.0466075 0.156932 0.069794 0 0 0 0 0.0340194 0.342062 4.91683e-06 0.332176 0.14122 3.74318e-09 0.155376 0.0149944 0 0 0 0
524.355 2.41638 232.445 204.802 1.08237 1.02515 0.4 0.6 0.5 1.3 1.4 1.5 2.4 3.9 3.2 3.8 4.4 5 0.179582 0.179728 0.00544165 0.433729 0.0303825 5.84144e-06 0.184654 0.0688453 0 0 0 0 0.0866834 2.88881e-05 0.299255 0.0284539 0.429133 2.6353e-09 0.164631 0.0169666 0 0 0 0
524.544 2.41725 232.529 204.887 1.0763 1.03249 0.3 0.5 0.8 1.3 1.6 1.4 2.4 3.8 3.3 3.8 4.3 4.9 0.153664 0.0163434 0.293546 0.249854 0.127314 0.003662 0.16351 0.068406 0 0 0 0 0.0382483 0.350016 5.69541e-06 0.0301541 0.00569914 0.421494 0.167564 0.0193139 0 0 0 0
519.342 2.39328 230.197 202.555 1.08109 1.04131 0.2 0.4 0.8 1.3 1.7 1.8 2.5 3.9 3.4 3.9 4.5 5.1 0.000794609 0.227024 0.203769 0.317168 0.115667 0.00106314 0.148808 0.0667976 0 0 0 0 1.05184e-07 0.274048 0.146057 0.277605 0.185945 9.94569e-08 0.139677 0.0179789 0 0 0 0
524.366 2.41643 232.45 204.807 1.08241 1.02521 0.6 0.4 0.5 1.3 1.4 1.5 2.4 3.9 3.2 3.7 4.3 4.9 0.18086 0.182879 0.000159597 0.449885 0.0045328 0.0105067 0.184721 0.0688695 0 0 0 0 5.78628e-05 0.0868284 0.299048 0.0287947 0.428835 5.39026e-08 0.164711 0.0169365 0 0 0 0
527.853 2.4325 234.001 206.358 1.08521 1.00825 0.2 0.4 0.7 1.3 1.6 1.6 2.4 3.9 3.2 3.8 4.4 5 3.90433e-06 0.222327 0.157541 0.42571 2.57978e-07 0.0252492 0.183668 0.0707076 0 0 0 0 7.6294e-08 0.259155 0.134394 0.297303 0.140854 0.0171548 0.148817 0.0105691 0 0 0 0
569.452 2.6242 251.751 224.109 1.02997 1.0345 0.4 0.5 0.6 1.3 1.4 1.5 2.2 3.1 3.3 3.9 4.5 5 0.190681 0.0828504 0.0855662 0.166865 0.333234 0.000317357 0.0776339 0.0928172 0 0 0 0 0.252926 1.70561e-06 0.106692 0.435665 9.32158e-07 1.28227e-07 0.19833 0.04088 0 0 0 0
544.994 2.51149 241.479 213.836 1.04931 1.047 0.2 0.5 0.9 1.3 1.7 2.3 2.4 3.4 3.6 4.2 4.7 5.3 0.0559891 0.285288 9.22259e-06 0.4415 0.0977648 4.47808e-07 0.0894434 0.0793181 0 0 0 0 0.0398373 0.331689 2.99007e-07 0.382337 0.101729 5.5146e-08 0.168023 0.0233838 0 0 0 0
524.295 2.41611 232.418 204.776 1.07638 1.03225 0.4 0.5 0.9 1.3 1.6 1.4 2.4 3.8 3.3 3.9 4.5 5.1 0.150858 0.148468 0.121328 0.331281 0.0762424 0.0119299 0.168189 0.0680863 0 0 0 0 0.0866849 0.299884 9.86779e-06 0.0265475 5.90246e-07 0.432275 0.168271 0.0185724 0 0 0 0
528.909 2.43737 234.468 206.826 1.08582 1.00454 0.0001 0.4 0.8 1.3 1.6 1.7 2.4 3.9 3.3 3.8 4.3 4.9 8.04639e-07 0.241924 0.162148 0.384327 0.0438405 8.45508e-08 0.18237 0.0712135 0 0 0 0 8.95577e-10 0.27513 0.140109 0.258465 0.176181 1.69054e-08 0.145428 0.0092298 0 0 0 0
524.368 2.41644 232.451 204.808 1.08242 1.02522 0.4 0.5 0.6 1.3 1.4 1.5 2.4 3.9 3.1 3.7 4.2 4.8 0.183082 1.39097e-05 0.180673 0.452484 0.000163831 0.012421 0.184712 0.0688666 0 0 0 0 0.0868237 0.299077 2.87519e-05 0.0288454 0.428787 1.53464e-07 0.164722 0.0169395 0 0 0 0
556.121 2.56277 246.208 218.565 1.03588 1.04987 0.2 0.7 0.5 1.4 1.5 2.2 2.3 3.2 3.4 4 4.6 5.1 0.0526727 0.0897595 0.244466 0.4772 0.00494994 0.0328547 0.0431359 0.0908437 0 0 0 0 0.0971673 0.241078 0.0945213 0.395206 5.74129e-06 3.25962e-06 0.187051 0.0348369 0 0 0 0
571.391 2.63314 252.547 224.904 1.02556 1.02541 0.4 0.4 0.5 1.3 1.5 2.2 2.2 3 3.4 3.9 4.4 4.9 0.026457 0.0454581 0.29893 0.229527 0.286492 0.0201267 0.0111104 0.107456 0 0 0 0 0.0112249 0.170667 0.1716 0.44218 3.51468e-09 0.175564 0.0166695 0.0375068 0 0 0 0
561.559 2.58783 248.485 220.842 1.03162 1.03325 0.0001 0.6 0.4 1.4 1.5 2.2 2.3 3.1 3.4 3.9 4.4 4.9 0.0574405 0.351566 8.19645e-06 0.319258 0.148062 0.0555399 7.32157e-08 0.0997413 0 0 0 0 0.063417 0.356733 5.0766e-08 0.408843 2.14043e-09 3.32155e-11 0.17538 0.0288766 0 0 0 0
571.452 2.63342 252.572 224.929 1.02511 1.03451 0.4 0.5 1.2 1.4 1.5 2.1 1.3 3 3.3 3.9 4.4 5 0.073251 0.294521 0.131553 0.0398027 0.339473 0.0249259 0.0117328 0.109851 0 0 0 0 0.305422 0.000713718 0.449101 2.19385e-09 4.23933e-08 0.228184 4.36389e-08 0.0510915 0 0 0 0
19738.9 90.9628 1081.44 1053.8 1.46209 1.71907 0.4 0.5 1.1 1.5 1.2 1.9 2.1 2.7 3.4 4 4.5 5.1 4.34154e-11 2.61888e-11 6.46246e-11 1.46569e-08 8.89073e-11 0.214297 0.58445 0.663341 0 0 0 0 0.280452 0.116833 0.383729 0.331784 0.077834 0.000126606 0.280139 0.248176 0 0 0 0
526.974 2.42845 233.611 205.968 1.08467 1.01149 0.6 0.4 1 1.3 1.6 1.3 2.4 3.9 3.3 3.8 4.4 5 0.1812 0.182884 1.31826e-05 0.22746 0.0105992 0.22746 0.184795 0.0702587 0 0 0 0 0.152903 0.226682 1.66823e-08 0.324132 0.143903 0.000395779 0.151731 0.011738 0 0 0 0
526.91 2.42815 233.582 205.94 1.07817 1.02073 0.3 0.5 0.8 1.3 1.6 1.9 2.4 3.8 3.2 3.7 4.2 4.8 0.118069 0.112367 0.186663 0.376714 0.00288756 0.0550538 0.156739 0.0696722 0 0 0 0 0.0554724 0.318331 1.85769e-10 0.337543 0.137909 1.68884e-09 0.156242 0.0152367 0 0 0 0
524.355 2.41638 232.445 204.802 1.07651 1.03162 0.0001 0.5 0.6 1.4 1.3 2.3 2.4 3.8 3.1 3.6 4.1 4.6 0.0324248 0.15941 0.186325 0.0638933 0.382227 0.0804935 0.102494 0.0692419 0 0 0 0 0.0155224 0.376544 4.39497e-06 0.453149 0.000212127 3.1786e-07 0.16685 0.0193339 0 0 0 0
562.151 2.59056 248.732 221.089 1.03103 1.04557 0.4 0.5 1.2 1.5 1.4 2.2 1.8 3.1 3.5 4.1 4.7 5.3 0.252413 0.0521433 0.420039 5.77893e-08 1.58748e-07 1.32568e-07 0.202797 0.103642 0 0 0 0 0.246913 0.0823706 0.315026 1.4222e-08 0.149013 0.208239 4.17125e-09 0.0440046 0 0 0 0
19609.1 90.3644 1079.89 1052.25 1.4963 1.68068 0.4 0.5 1.4 1.3 1.9 2 2.7 2.8 3.5 4 4.6 5.1 6.08872e-11 3.00571e-12 1.47785e-11 3.70664e-09 0.000190893 0.710353 0.785752 5.48967e-06 0 0 0 0 0.132264 0.346398 0.044406 0.586435 3.06961e-07 0.356399 0.0279722 0.186802 0 0 0 0
524.367 2.41644 232.45 204.808 1.08243 1.02522 0.5 0.4 0.6 1.3 1.4 1.5 2.4 3.9 3.1 3.6 4.2 4.8 0.00182979 0.182382 0.179446 0.452668 0.000529996 0.0119568 0.184745 0.0688737 0 0 0 0 0.299057 0.0868414 2.46147e-05 0.0288998 0.428737 9.51532e-07 0.164725 0.0169308 0 0 0 0
563.129 2.59507 249.139 221.496 1.03041 1.04391 0.4 0.4 0.5 1.2 1.5 2.2 2 3.1 3.5 4.1 4.7 5.2 0.043646 0.161253 0.118639 0.313169 0.200754 3.63677e-06 0.0922677 0.100682 0 0 0 0 0.189937 0.0713 0.0618192 0.374605 0.0981539 0.204366 1.37871e-06 0.0437312 0 0 0 0
563.635 2.59739 249.348 221.706 1.03027 1.04583 0.3 0.6 1.2 1.4 1.5 2.1 2.2 3.1 3.4 3.9 4.5 5.1 0.130131 0.236715 0.196852 0.00259557 0.302605 0.0605566 2.17995e-06 0.100817 0 0 0 0 0.155102 0.20466 0.241759 0.194233 1.75877e-05 8.81166e-11 0.205299 0.0447561 0 0 0 0
527.582 2.43125 233.881 206.238 1.07875 1.01707 0.2 0.4 0.8 1.3 1.6 1.5 2.4 3.8 3.3 3.8 4.4 5 0.0572996 0.120918 0.288484 0.201053 0.0357091 0.13894 0.166851 0.0694962 0 0 0 0 2.73978e-05 0.271253 0.160522 0.137681 2.03808e-06 0.279387 0.154896 0.0133048 0 0 0 0
546.251 2.51729 242.018 214.375 1.0429 1.05157 0.0001 0.5 1 1.3 1.7 2.3 2.4 3.3 3.6 4.2 4.8 5.4 0.0337113 0.312535 0.012744 0.40097 0.13194 4.17282e-08 0.0647795 0.0862242 0 0 0 0 0.0271388 0.347349 3.68736e-06 0.376028 0.108536 1.38052e-06 0.168608 0.0239028 0 0 0 0
571.284 2.63265 252.503 224.86 1.02556 1.02442 0.5 0.4 0.5 1.3 1.4 2.1 2.2 3 3.3 3.8 4.4 5 0.187184 0.0659748 0.121344 0.000273433 0.495657 0.0479069 3.94748e-08 0.107217 0 0 0 0 0.0804497 0.181892 0.0910802 0.442078 1.02757e-08 2.25086e-08 0.191867 0.0370489 0 0 0 0
524.365 2.41643 232.449 204.807 1.08243 1.02523 0.4 0.5 0.6 1.3 1.4 1.5 2.4 3.9 3.2 3.7 4.2 4.8 0.182973 1.60737e-09 0.180907 0.448931 0.00688816 0.00908601 0.184773 0.0688688 0 0 0 0 0.0868324 0.299088 6.17709e-07 0.0289277 0.428714 8.32043e-09 0.164738 0.0169261 0 0 0 0
524.602 2.41752 232.555 204.912 1.07614 1.03374 0.3 0.5 0.9 1.4 1.7 1.5 2.4 3.8 3.3 3.9 4.5 5.1 0.168922 0.0151597 0.366754 0.196417 0.0879331 0.0138438 0.158217 0.0688929 0 0 0 0 0.0406107 0.344417 0.00869305 0.452192 1.5695e-09 5.28882e-06 0.167809 0.0200087 0 0 0 0
538.566 2.48187 238.702 211.06 1.08297 0.979939 0.0001 0.3 0.6 0.5 1.3 1.4 2.3 3.8 3.1 3.6 4.1 4.7 0.0562476 3.05914e-07 0.330432 4.09756e-07 0.423512 1.98329e-08 0.198358 0.0744191 0 0 0 0 7.59606e-06 0.0603172 1.41832e-05 0.309439 0.223499 0.22009 0.160483 0.00608972 0 0 0 0
526.555 2.42652 233.425 205.782 1.08441 1.01285 0.3 0.5 0.8 1.3 1.6 0.8 2.4 3.9 3.3 3.9 4.4 5 0.027076 0.328135 1.41981e-06 0.471747 0.00199573 5.35427e-09 0.185418 0.07004 0 0 0 0 0.0549259 0.318719 9.97482e-09 0.336286 0.137716 6.79974e-10 0.152964 0.0122392 0 0 0 0
524.437 2.41676 232.482 204.839 1.07644 1.03183 0.3 0.5 0.8 1.3 1.6 1.4 2.4 3.8 3.3 3.9 4.4 5 0.0952879 0.152228 0.181266 0.250394 0.064481 0.0969848 0.167596 0.0681992 0 0 0 0 0.0369571 0.352298 1.48099e-07 0.0137819 1.24692e-07 0.442532 0.167753 0.0185072 0 0 0 0
524.452 2.41683 232.488 204.846 1.07637 1.03208 0.3 0.5 0.8 1.3 1.6 1.4 2.4 3.8 3.3 3.9 4.5 5.1 0.126262 0.0728997 0.265371 0.0570957 0.0341826 0.285012 0.16734 0.0682083 0 0 0 0 0.0370485 0.352148 1.22318e-06 0.0142687 7.09952e-07 0.442102 0.167815 0.0186934 0 0 0 0
564 2.59908 249.5 221.857 1.0306 1.02963 0.0001 0.6 0.4 1.4 1.5 2.2 2.3 3.1 3.4 4 4.5 5 0.0581205 0.323225 0.0153328 0.465003 0.00239107 0.0612913 0.0109912 0.094244 0 0 0 0 0.0620513 0.356441 0.00232639 0.393349 0.0154333 5.68047e-06 0.172162 0.0278626 0 0 0 0
524.364 2.41642 232.449 204.806 1.0765 1.03177 0.6 0.4 0.5 1.2 1.4 1.5 2.4 3.8 3.2 3.8 4.4 4.9 0.171862 0.184069 1.08411e-07 0.28628 0.0497634 0.146959 0.169505 0.0680616 0 0 0 0 0.000414149 0.0882628 0.297289 0.0148199 0.444756 3.1979e-06 0.16803 0.0181921 0 0 0 0
524.486 2.41699 232.503 204.861 1.07664 1.03098 0.3 0.5 0.6 1.3 1.4 1.5 2.4 3.8 3.1 3.6 4.1 4.6 0.0939185 4.60764e-05 0.29474 0.353791 0.00368484 0.0916285 0.17081 0.0680231 0 0 0 0 0.0367198 0.352691 3.96145e-06 0.0125545 0.443555 2.63272e-05 0.167634 0.0177946 0 0 0 0
565.714 2.60698 250.21 222.568 1.03007 1.03722 0.0001 0.3 0.5 1.3 1.5 2.1 2.2 3.1 3.3 3.8 4.4 5 0.0250232 0.00647521 0.323791 0.345905 0.15687 0.0356546 0.0410122 0.0953342 0 0 0 0 0.0347391 0.000209179 0.327404 0.43216 1.25324e-08 1.64562e-07 0.201479 0.0412333 0 0 0 0
524.336 2.4163 232.437 204.794 1.08238 1.02514 0.4 0.6 0.5 1.3 1.4 1.5 2.4 3.9 3.1 3.6 4.1 4.6 0.157096 0.14389 0.0612153 0.445556 0.0199288 0.0010393 0.184813 0.0688459 0 0 0 0 0.0866619 2.70282e-08 0.299307 0.0284633 0.429128 3.42713e-09 0.16465 0.0169315 0 0 0 0
542.232 2.49876 240.29 212.647 1.04907 1.04968 0.0001 0.6 0.4 1.3 1.6 2.2 2.4 3.4 3.6 4.2 4.7 5.2 1.7075e-05 0.092804 0.251066 0.409131 0.123677 4.31773e-06 0.093027 0.0793409 0 0 0 0 3.30739e-09 0.147762 0.231519 0.340252 0.132923 8.30175e-12 0.174631 0.0225891 0 0 0 0
580.119 2.67336 256.094 228.451 1.01981 1.0171 0.4 0.5 0.5 1.1 1.4 1.5 2.1 2.9 3.3 3.9 4.5 5.1 0.0759074 0.246183 0.0433039 0.0871612 0.104121 0.344471 2.48428e-09 0.118659 0 0 0 0 0.299963 3.91705e-09 6.36108e-12 0.286867 0.183021 1.02926e-06 0.197706 0.0495414 0 0 0 0
526.555 2.42652 233.425 205.782 1.0844 1.01287 0.5 -0.3 0.8 1.3 1.6 1.3 2.4 3.9 3.2 3.8 4.4 5 0.328122 0.0270801 2.67153e-05 0.259559 0.00204226 0.212123 0.185417 0.0700338 0 0 0 0 0.318725 0.054922 2.23853e-09 0.31569 0.13773 0.0205885 0.15296 0.0122545 0 0 0 0
19605.6 90.3486 1079.85 1052.21 1.49695 1.6843 0.2 0.5 0.6 1.3 1.5 2 2.7 2.8 3.4 4 4.5 5.1 4.48279e-11 3.72036e-11 1.33504e-13 5.24191e-10 1.82594e-09 0.708561 0.788391 1.81444e-06 0 0 0 0 0.1042 4.67297e-06 0.423095 0.468529 0.123658 0.350235 2.59807e-06 0.214574 0 0 0 0
527.469 2.43073 233.83 206.188 1.07851 1.0181 0.5 2.77556e-17 0.7 1.3 1.6 0.9 2.4 3.8 3.2 3.7 4.3 4.8 0.033473 0.0690287 0.337411 0.286454 0.117597 3.49885e-05 0.165037 0.0694756 0 0 0 0 0.354668 0.0233075 6.51464e-07 0.327328 0.14436 1.88009e-07 0.154417 0.0140214 0 0 0 0
563.982 2.599 249.493 221.85 1.03016 1.04612 0.2 0.6 0.4 1.3 1.5 2.2 1.4 3.1 3.5 4.1 4.6 5.2 0.0729148 0.308525 0.0155782 0.175703 0.309048 0.0469909 0.00119604 0.100206 0 0 0 0 0.085704 0.254036 0.0401515 0.39764 0.0172009 0.206777 4.90009e-09 0.0446061 0 0 0 0
595.221 2.74296 262.108 234.465 1.0102 1.00434 0.5 0.4 0.5 1.2 1.4 1.5 2 2.8 3.3 3.9 4.5 5 0.248227 0.0564345 0.07453 4.95561e-09 0.400378 0.111132 1.11332e-10 0.119497 0 0 0 0 0.0126174 0.263197 0.0412237 0.416226 2.21001e-12 3.84096e-11 0.210924 0.0601536 0 0 0 0
563.406 2.59634 249.254 221.611 1.03039 1.04219 0.3 0.6 0.4 1.3 1.5 2.2 2.1 3.1 3.3 3.9 4.4 5 0.0317457 0.166223 0.166621 0.312554 0.181582 0.000290953 0.0719921 0.0993808 0 0 0 0 0.130297 0.20761 0.0322076 0.423176 9.7756e-06 0.206265 1.13735e-06 0.0426195 0 0 0 0
524.368 2.41644 232.451 204.808 1.08243 1.02524 0.5 0.4 0.6 1.3 1.4 1.5 2.4 3.9 3.1 3.6 4.2 4.8 0.00153226 0.182556 0.179534 0.452894 0.000509072 0.0117623 0.184768 0.0688731 0 0 0 0 0.298113 0.0872262 0.000627062 0.0287382 0.428874 2.00408e-07 0.164738 0.0169217 0 0 0 0
554.997 2.55759 245.735 218.092 1.08111 0.946923 0.5 0.1 0.3 1.2 1.3 1.6 2.2 3.7 3 3.6 4.2 4.8 0.27329 0.0424203 6.08316e-08 0.462219 4.74398e-11 1.15433e-09 0.226557 0.076626 0 0 0 0 0.270482 2.88036e-07 0.0815601 0.00736887 0.420882 4.29451e-10 0.16663 1.00374e-11 0 0 0 0
586.664 2.70352 258.719 231.077 1.01699 1.02713 0.6 0.3 0.4 1.3 1.4 1.5 2.1 2.9 3.2 3.8 4.4 4.9 0.232096 0.0010939 0.168583 5.00118e-07 0.223576 0.275724 8.6519e-10 0.115914 0 0 0 0 0.238354 0.14086 6.67379e-11 0.396601 2.65192e-11 5.76761e-14 0.192283 0.0590373 0 0 0 0
526.163 2.42472 233.25 205.608 1.07765 1.02399 0.2 0.4 0.7 1.3 1.6 1.4 2.4 3.8 3.2 3.8 4.3 4.9 0.0966318 0.00537533 0.331623 0.293669 0.105311 0.0103587 0.16573 0.0689499 0 0 0 0 2.14133e-06 0.250473 0.162718 6.97751e-08 0.0422532 0.391859 0.160696 0.0159912 0 0 0 0
528.234 2.43426 234.17 206.527 1.07902 1.01492 0.0001 0.4 0.7 1.3 1.6 1.3 2.4 3.8 3.2 3.8 4.4 5 0.0740597 0.00435441 0.367953 0.189741 0.123677 0.084691 0.164783 0.0697587 0 0 0 0 3.03755e-10 0.259582 0.134241 0.2973 0.158733 0.00053119 0.151618 0.0129185 0 0 0 0
538.783 2.48287 238.796 211.154 1.08299 0.97885 0.8 0.4 0.6 0.7 1.3 1.4 2.3 3.8 3.1 3.7 4.3 4.9 0.149067 0.248101 1.51299e-07 2.51681e-07 0.412745 1.9601e-08 0.198654 0.0744256 0 0 0 0 1.2533e-06 0.231192 0.14461 7.17445e-07 0.198314 0.2395 0.159548 0.00568419 0 0 0 0
524.364 2.41642 232.449 204.806 1.08242 1.02523 0.4 0.5 0.6 1.3 1.4 1.5 2.4 3.9 3.1 3.7 4.3 4.9 0.182643 0.000392523 0.180994 0.446946 0.00967259 0.00816442 0.184747 0.0688647 0 0 0 0 0.0868012 0.299112 1.90458e-05 0.0287914 0.428844 2.56593e-07 0.16472 0.0169377 0 0 0 0
517.291 2.38383 229.271 201.628 1.0794 1.05219 0.0001 0.4 0.8 1.3 1.6 1.7 2.5 3.9 3.4 4 4.6 5.1 3.23614e-06 0.224927 0.216717 0.270626 0.119569 0.0316336 0.150096 0.0658314 0 0 0 0 0.00339919 0.25984 0.179979 0.179973 0.25764 6.18987e-07 0.149748 0.0216086 0 0 0 0
528.233 2.43425 234.169 206.527 1.07901 1.01491 0.0001 0.4 0.7 1.3 1.6 1.6 2.4 3.8 3.2 3.8 4.3 4.9 0.0732588 0.00660918 0.365913 0.275609 0.0918577 0.0311703 0.164841 0.0697507 0 0 0 0 3.22209e-08 0.25958 0.134252 0.297814 0.115464 0.0432863 0.151614 0.0129016 0 0 0 0
569.843 2.626 251.912 224.269 1.03013 1.03429 0.3 0.4 0.5 1.3 1.5 2.2 2 3.1 3.4 4 4.6 5.1 0.0590548 0.0157024 0.276091 0.353283 0.157721 0.0752035 6.05778e-06 0.0930666 0 0 0 0 0.0789663 4.10708e-08 0.279177 0.437441 2.41029e-13 0.197832 2.8678e-08 0.0408751 0 0 0 0
570.376 2.62846 252.131 224.488 1.02581 1.02396 0.4 0.5 0.5 1.3 1.5 2.2 1.9 3 3.5 4 4.6 5.2 0.123656 0.229844 0.000393337 0.363325 0.111878 3.9907e-11 0.0881666 0.108551 0 0 0 0 0.181842 0.0968283 0.0747153 0.44205 1.15007e-09 0.191591 2.73621e-10 0.0369315 0 0 0 0
571.713 2.63462 252.678 225.036 1.02505 1.03701 0.0001 0.5 0.4 1.2 1.4 1.5 2.1 3 3.2 3.8 4.3 4.8 0.0121301 0.361237 0.000115728 0.135157 0.000886669 0.385484 0.0191102 0.110924 0 0 0 0 0.0463038 0.243573 0.0370554 0.396718 0.0328288 0.00116317 0.226823 0.0525482 0 0 0 0
593.829 2.73654 261.56 233.917 1.01112 1.00145 0.5 0.3 0.4 1.2 1.4 1.5 2 2.8 3.2 3.8 4.4 4.9 0.353939 0.0248006 0.00155652 2.88294e-05 0.395709 0.114753 1.05834e-08 0.120335 0 0 0 0 0.203416 0.111273 0.00842174 0.408075 4.79038e-08 8.1369e-08 0.212929 0.057332 0 0 0 0
564.02 2.59917 249.509 221.866 1.03012 1.04595 0.2 0.6 0.4 1.3 1.5 2.2 2.1 3.1 3.4 4 4.6 5.2 0.0108534 0.168219 0.188845 0.291584 0.203755 0.000461189 0.0660867 0.100313 0 0 0 0 0.100889 0.284205 1.52226e-07 0.381784 0.0288759 0.205305 3.42103e-05 0.0448562 0 0 0 0
563.815 2.59823 249.424 221.781 1.03021 1.04596 0.2 0.6 0.4 1.3 1.5 2.1 2.2 3.1 3.3 3.9 4.4 5 0.0575174 0.257966 0.0672957 0.248227 0.235104 0.0629715 0.000512306 0.100614 0 0 0 0 0.095547 0.273937 0.0139198 0.386646 0.0254502 7.18755e-06 0.205644 0.0448087 0 0 0 0
566.9 2.61244 250.7 223.058 1.03023 1.03661 0.2 0.5 0.4 1.3 1.5 2.1 2.2 3.1 3.4 3.9 4.5 5 0.0317452 0.2578 0.0553258 0.404676 0.0934839 0.0915495 2.77332e-05 0.0956254 0 0 0 0 0.0495697 0.311003 8.3941e-07 0.434514 7.52069e-10 4.45735e-09 0.200095 0.041428 0 0 0 0
561.811 2.58899 248.59 220.948 1.03155 1.03224 0.0001 0.6 0.4 1.4 1.5 2.2 2.3 3.1 3.3 3.8 4.3 4.9 0.0409737 0.298526 0.0598433 0.385211 0.0882871 0.0598238 4.44078e-07 0.0988835 0 0 0 0 0.0633176 0.356548 0.000239469 0.40823 0.000481022 0.000112531 0.174852 0.0284612 0 0 0 0
564.108 2.59957 249.545 221.902 1.03013 1.04632 0.0001 0.6 0.4 1.3 1.5 2.1 2.2 3.1 3.3 3.9 4.5 5 0.00121769 0.15273 0.211859 0.296094 0.201461 0.066184 0.000134579 0.100445 0 0 0 0 0.0563991 0.267678 0.0610415 0.380888 0.0299217 3.57764e-06 0.205323 0.0450656 0 0 0 0
525.92 2.4236 233.142 205.5 1.07735 1.0256 0.0001 0.5 0.7 1.3 1.5 1.6 2.4 3.8 3.2 3.7 4.2 4.7 0.0728713 0.0104948 0.364503 0.253476 0.0495846 0.0931531 0.164282 0.0689884 0 0 0 0 0.0198028 0.364302 0.00010406 0.246366 0.216768 5.02364e-05 0.161484 0.0167205 0 0 0 0
561.565 2.58786 248.488 220.845 1.0316 1.03333 0.0001 0.6 0.4 1.4 1.5 2.2 2.3 3.1 3.4 3.9 4.5 5.1 0.0569354 0.350306 0.00162048 0.319494 0.148031 0.055408 3.78255e-05 0.0997708 0 0 0 0 0.0634112 0.356722 1.9412e-05 0.408859 1.02986e-07 5.70499e-08 0.175407 0.0289102 0 0 0 0
554.193 2.55388 245.395 217.753 1.03688 1.05069 0.0001 0.5 0.7 1.3 1.6 2.2 2.3 3.2 3.6 4.1 4.7 5.3 0.0651711 0.136794 0.195953 0.299478 0.177948 0.0659456 0.000874034 0.0947147 0 0 0 0 0.0310049 0.338286 1.19919e-05 0.391304 0.066497 2.97446e-08 0.188992 0.0345927 0 0 0 0
553.303 2.54978 245.019 217.377 1.04176 1.05187 0.4 0.5 0.6 1.3 1.5 2.2 2.3 3.3 3.4 3.9 4.5 5.1 0.225074 0.0568921 0.0608964 0.379774 0.140721 0.00145746 0.093952 0.0829922 0 0 0 0 0.173896 0.183853 0.000666828 0.403749 0.0580973 3.71252e-07 0.197341 0.0342663 0 0 0 0
573.083 2.64094 253.239 225.596 1.02549 1.0362 0.3 0.6 0.5 1.4 1.5 1.7 2.3 3 3.3 3.8 4.4 5 0.0941103 0.280938 0.0297967 0.385829 1.28609e-05 0.120612 5.82018e-06 0.114188 0 0 0 0 0.120844 0.289546 1.28468e-08 0.424103 1.05308e-09 1.74599e-10 0.16745 0.0342607 0 0 0 0
568.261 2.61872 251.262 223.619 1.02888 1.03255 0.2 0.6 0.5 1.4 1.5 1.6 2.3 3.1 3.5 4 4.6 5.1 0.0841846 0.303279 0.00430122 0.477596 2.34481e-08 1.091e-10 0.0695893 0.0899302 0 0 0 0 0.0847095 0.330849 1.25403e-07 0.415688 1.8154e-10 3.98113e-09 0.172441 0.0288654 0 0 0 0
524.364 2.41642 232.449 204.806 1.08241 1.0252 0.5 0.4 0.6 1.3 1.4 1.5 2.4 3.9 3.2 3.8 4.4 4.9 1.11679e-05 0.182765 0.181286 0.446145 0.0111439 0.00744838 0.184751 0.0688637 0 0 0 0 0.298887 0.0869043 0.000144643 0.0288458 0.428773 1.45146e-06 0.164718 0.0169302 0 0 0 0
19645.3 90.5312 1080.33 1052.68 1.50441 1.66394 0.3 0.4 0.5 1.3 1.4 2 2.5 2.8 3.5 4 4.6 5.2 6.47482e-13 3.90465e-13 1.88738e-15 1.49994e-11 3.02467e-11 0.758322 0.226866 0.519226 0 0 0 0 0.00216042 0.0455583 0.45153 0.185113 0.530885 0.0958358 0.352859 1.81162e-10 0 0 0 0
539.683 2.48702 239.187 211.545 1.08339 0.976818 0.3 0.6 0.4 1.3 1.4 1.4 2.3 3.8 3.1 3.7 4.3 4.8 0.108713 0.268176 5.05464e-07 0.435292 2.48189e-09 2.48189e-09 0.196116 0.0750952 0 0 0 0 3.66601e-06 0.146585 0.230009 0.190849 0.15152 0.0945865 0.15796 0.00530514 0 0 0 0
595.222 2.74296 262.108 234.465 1.0102 1.00434 0.5 0.4 0.5 1.2 1.4 1.5 2 2.8 3.2 3.8 4.3 4.8 0.277997 0.0564527 0.0447277 8.79359e-06 0.400536 0.110973 9.04542e-07 0.119508 0 0 0 0 0.00114229 0.263202 0.0526929 0.416225 4.71312e-09 1.11915e-07 0.210922 0.0601537 0 0 0 0
563.449 2.59654 249.271 221.629 1.03032 1.04474 0.5 0.4 0.4 1.2 1.5 2.2 2.1 3.1 3.4 4 4.5 5 0.176749 0.0355746 0.126098 0.251794 0.275191 2.29232e-10 0.0644367 0.100481 0 0 0 0 0.0596171 0.252891 0.010072 0.376426 0.0965736 0.205207 5.58579e-08 0.0439527 0 0 0 0
519.471 2.39387 230.255 202.613 1.08072 1.04253 0.2 0.4 0.8 1.3 1.7 1.8 2.5 3.9 3.3 3.9 4.4 5 0.0422123 0.148411 0.262416 0.288315 0.0970761 0.0301945 0.145169 0.0669296 0 0 0 0 4.43791e-09 0.274188 0.145571 0.278477 0.185387 2.7208e-07 0.140014 0.018889 0 0 0 0
526.994 2.42855 233.62 205.977 1.07822 1.02001 0.3 0.5 0.8 1.3 1.6 1 2.4 3.8 3.2 3.8 4.3 4.8 0.139171 0.0522347 0.256758 0.270514 0.117928 0.00686235 0.165499 0.0692471 0 0 0 0 0.05529 0.318633 1.05764e-06 0.337074 0.138262 3.88535e-07 0.156108 0.0146401 0 0 0 0
569.533 2.62458 251.785 224.142 1.02667 1.02995 0.3 0.5 0.8 1.4 1.5 2.1 2.2 3 3.3 3.8 4.3 4.8 0.0802232 0.20529 0.158655 0.0207481 0.438529 0.00979239 5.72607e-07 0.113427 0 0 0 0 0.190955 5.51596e-05 0.275911 0.336857 1.85849e-06 2.12974e-07 0.18447 0.0416981 0 0 0 0
543.747 2.50575 240.943 213.3 1.04935 1.04753 0.2 0.6 0.9 1.5 1.3 2.2 2.4 3.4 3.5 4.1 4.6 5.2 0.0953443 0.280476 0.00657484 0.242631 0.251392 3.18657e-05 0.0936322 0.0792664 0 0 0 0 0.0857225 0.328109 2.54616e-06 0.253941 0.184183 5.25258e-08 0.173324 0.0222453 0 0 0 0
528.124 2.43375 234.121 206.478 1.07912 1.0147 0.0001 0.4 0.7 1.3 1.6 1.9 2.4 3.8 3.3 3.9 4.5 5.1 0.024356 0.152982 0.219999 0.40425 5.62512e-06 0.0478108 0.159763 0.0699562 0 0 0 0 1.99935e-08 0.259529 0.134347 0.297637 0.158859 1.10071e-10 0.151509 0.012816 0 0 0 0
561.716 2.58855 248.551 220.908 1.03154 1.03304 0.0001 0.6 0.4 1.4 1.5 2.2 2.3 3.1 3.5 4.1 4.6 5.2 0.043513 0.309356 0.0490593 0.362111 0.110525 0.0574657 9.54495e-05 0.0994097 0 0 0 0 0.0634191 0.356708 3.58899e-06 0.408829 1.82505e-07 1.20937e-08 0.175324 0.0287569 0 0 0 0
526.849 2.42788 233.555 205.913 1.07823 1.02037 0.0001 0.4 0.7 1.3 1.5 1.6 2.4 3.8 3.3 3.8 4.4 5 0.0433287 0.087684 0.298444 0.26751 0.128723 0.0146304 0.168886 0.0690207 0 0 0 0 7.4786e-05 0.254128 0.15029 0.204196 0.226953 0.0126306 0.157897 0.0142041 0 0 0 0
563.585 2.59717 249.328 221.685 1.03015 1.04284 0.3 0.5 0.4 1.2 1.5 2.2 2.1 3.1 3.4 4 4.6 5.1 0.0620628 0.240299 0.0348342 0.263394 0.260538 0.000201729 0.0696876 0.0991281 0 0 0 0 0.0172223 0.0869072 0.220315 0.371564 0.0997084 0.202917 0.000891095 0.0433097 0 0 0 0
565.269 2.60493 250.026 222.383 1.03016 1.04086 0.2 0.6 0.4 1.4 1.5 2.2 2.3 3.1 3.4 3.9 4.4 5 0.0602454 0.282016 0.0512951 0.431524 0.0448286 0.0621442 6.70085e-05 0.0980443 0 0 0 0 0.0844998 0.331958 4.15979e-08 0.416127 5.90595e-11 1.26456e-11 0.17516 0.0331162 0 0 0 0
524.958 2.41916 232.714 205.071 1.07686 1.02917 1.1 0.4 0.6 1.3 1.4 1.5 2.4 3.8 3.1 3.6 4.2 4.7 0.285301 0.214023 0.104073 0.000257472 0.0332471 0.203794 0.167809 0.0683588 0 0 0 0 7.86127e-08 0.208982 0.189482 0.00423934 0.41504 0.0281936 0.165699 0.0175338 0 0 0 0
526.633 2.42688 233.459 205.817 1.07797 1.02163 0.4 0.5 0.8 1.3 1.6 1.1 2.4 3.8 3.3 3.8 4.4 5 0.230618 0.0360208 0.0512748 0.0842209 0.151081 0.291079 0.164512 0.0691648 0 0 0 0 0.128466 0.241941 3.62883e-07 0.345194 0.133348 8.47781e-08 0.157409 0.0152682 0 0 0 0
524.39 2.41654 232.461 204.818 1.07633 1.03247 0.3 0.5 0.9 1.3 1.7 1.4 2.4 3.8 3.4 4 4.6 5.1 0.0837571 0.200955 0.151884 0.317217 0.069831 0.0202601 0.16403 0.068394 0 0 0 0 0.0371691 0.351945 4.37356e-10 0.0149337 6.71467e-08 0.441532 0.16788 0.0190085 0 0 0 0
563.231 2.59553 249.181 221.538 1.03046 1.0438 0.3 0.5 0.7 1.3 1.5 2.2 2.1 3.1 3.5 4 4.6 5.2 0.0956035 0.181059 0.103664 0.261388 0.222434 0.000442135 0.0654385 0.100428 0 0 0 0 0.125913 0.154276 0.0926648 0.420222 2.11578e-06 0.207531 1.8796e-07 0.0431918 0 0 0 0
528.161 2.43392 234.137 206.495 1.07899 1.01513 0.0001 0.4 0.8 1.3 1.7 1.4 2.4 3.8 3.3 3.9 4.5 5.1 0.0409128 0.132326 0.295988 0.152184 0.0619841 0.161505 0.164391 0.0697028 0 0 0 0 4.8841e-11 0.271573 0.161154 3.34031e-10 0.0549029 0.362431 0.15208 0.0129881 0 0 0 0
528.089 2.43359 234.105 206.463 1.07907 1.0152 0.0001 0.4 0.7 1.3 1.6 2 2.4 3.8 3.2 3.7 4.2 4.8 0.0272299 0.147195 0.222035 0.409096 0.00080439 0.0494782 0.153018 0.0702167 0 0 0 0 1.01141e-11 0.259615 0.134135 0.298051 0.158568 6.41326e-10 0.151622 0.0132114 0 0 0 0
553.82 2.55217 245.238 217.595 1.03689 1.04683 0.3 0.5 1.1 1.5 1.3 2.2 2.3 3.2 3.5 4 4.5 5.1 0.0973646 0.222074 0.205404 0.306713 0.0400969 0.0511235 0.0211971 0.0929166 0 0 0 0 0.0705579 0.295418 0.000421684 0.0857718 0.371355 0.00131591 0.190071 0.031917 0 0 0 0
525.584 2.42205 232.993 205.35 1.07705 1.0277 0.3 0.5 0.8 1.3 1.5 1.7 2.4 3.8 3.3 3.8 4.3 4.9 0.160489 0.00584344 0.290749 0.29299 0.00109101 0.0964113 0.160402 0.069073 0 0 0 0 0.0474459 0.33292 1.72103e-07 0.258348 0.208429 8.17557e-09 0.16284 0.0177125 0 0 0 0
580.103 2.67329 256.088 228.445 1.01963 1.01581 0.4 0.5 0.7 1.1 1.4 1.5 2.1 2.9 3.2 3.7 4.2 4.7 0.162939 0.138536 0.0684786 0.112039 0.000201144 0.419787 4.85984e-08 0.117648 0 0 0 0 0.299886 1.76356e-11 9.39642e-09 0.286724 0.183075 9.59568e-10 0.197174 0.0489465 0 0 0 0
502.781 2.31696 222.613 194.971 1.06743 1.1662 0.0001 0.6 0.5 1.3 1.5 2.2 2.8 4 3.4 3.9 4.5 5 0.00934358 4.72223e-06 0.380217 0.121896 0.384691 0.0177244 0.0980534 0.0555031 0 0 0 0 0.0535229 0.39095 6.35064e-05 0.0724524 0.361255 0.111251 0.129194 0.0475127 0 0 0 0
525.94 2.42369 233.151 205.509 1.08371 1.01705 0.0001 0.3 0.6 1.3 1.4 1.5 2.4 3.9 3.2 3.8 4.3 4.9 0.00888578 0.0851603 0.287189 0.369912 0.0689462 0.0101179 0.183693 0.0698085 0 0 0 0 3.02411e-08 0.118992 0.292442 0.000246669 0.347584 0.0860467 0.157844 0.0138905 0 0 0 0
