Chi2   rChi2   BIC   AIC    Qichtot    Qimtot  R[0]  R[1]  R[2]  R[3]  R[4]  R[5]  R[6]  R[7]  R[8]  R[9]  R[10]  R[11]  Q0ch    Q1ch    Q2ch    Q3ch    Q4ch    Q5ch    Q6ch    Q7ch    Q8ch    Q9ch    Q10ch    Q11ch    Q0m    Q1m    Q2m    Q3m    Q4m    Q5m    Q6m    Q7m    Q8m    Q9m    Q10m    Q11m
557.786 2.57044 246.908 219.265 1.12827 0.906754 0.4 0.5 1.1 1.2 1.4 1.9 2.1 3.2 3.3 3.8 4.3 4.8 0.303151 8.89406e-09 9.69202e-11 0.357365 0.161075 4.27434e-10 0.183875 0.1228 0 0 0 0 0.299606 1.36032e-10 1.10259e-08 0.429503 6.92261e-10 2.77556e-16 0.171974 0.00567142 0 0 0 0
543.814 2.50605 240.971 213.329 1.12891 0.981068 0.0001 0.3 0.7 1.2 1.4 2 2.2 3.3 3.2 3.7 4.3 4.9 0.0261806 0.144761 0.187649 0.215417 0.268923 0.000381801 0.171019 0.114577 0 0 0 0 0.00638299 0.168295 0.211765 0.187631 0.204567 1.86052e-08 0.177422 0.0250044 0 0 0 0
544.75 2.51037 241.374 213.731 1.13028 0.966697 0.3 0.4 0.9 1.4 1.5 2.2 2.2 3.3 3.3 3.9 4.5 5.1 0.209865 9.11531e-08 0.265851 0.37314 2.77159e-08 0.14089 0.0249531 0.115584 0 0 0 0 0.14437 0.0841928 0.265168 0.284285 1.40185e-07 0.109744 0.057271 0.0216665 0 0 0 0
555.66 2.56064 246.014 218.371 1.12633 0.912533 0.3 0.3 0.8 1.3 1.5 2 2.1 3.2 3.3 3.9 4.5 5.1 0.0452602 0.159446 0.184134 0.426274 5.37185e-07 4.81682e-08 0.191664 0.119555 0 0 0 0 0.14184 0.0517759 0.229884 0.312323 6.9432e-11 1.154e-09 0.166909 0.00980056 0 0 0 0
543.713 2.50559 240.928 213.285 1.12855 0.988186 0.4 2.77556e-17 0.8 1.3 1.5 2.1 2.2 3.3 3.4 4 4.5 5.1 0.215166 0.0343121 0.109808 0.471711 0.000704295 0.0429352 0.138456 0.11546 0 0 0 0 0.214857 0.0289495 0.162839 0.3401 0.0318113 2.48034e-06 0.182649 0.0269781 0 0 0 0
533.212 2.4572 236.365 208.722 1.14603 0.945268 0.2 0.4 0.5 1.1 1.5 2 2.3 3.5 3.4 3.9 4.5 5 0.0832262 0.157466 0.00566254 0.41497 0.187902 5.08752e-10 0.194176 0.102628 0 0 0 0 5.27395e-09 0.271106 0.0351918 0.270764 0.224454 7.36938e-09 0.135878 0.00787374 0 0 0 0
544.542 2.50941 241.285 213.642 1.1297 0.967756 0.0001 0.3 0.8 1.3 1.5 1.8 2.2 3.3 3.4 4 4.5 5.1 0.0254715 0.159969 0.222596 0.340818 0.0947883 7.29524e-06 0.172248 0.113805 0 0 0 0 1.78218e-06 0.192882 0.247864 0.240528 0.0983422 1.73888e-08 0.166459 0.0216781 0 0 0 0
553.933 2.55269 245.286 217.643 1.12459 0.931214 0.3 0.3 0.5 1 1.4 1.3 2.1 3.2 3.3 3.8 4.3 4.9 0.0375237 0.15017 0.0673097 0.195648 8.81526e-06 0.358454 0.196948 0.118528 0 0 0 0 0.0146474 0.140164 0.12 0.211664 0.0282114 0.222635 0.178985 0.0149065 0 0 0 0
563.032 2.59462 249.098 221.455 1.12379 0.941664 0.0001 0.6 0.9 1.5 1.6 2 2.1 3.2 3.4 4 4.6 5.2 0.120187 0.0338885 0.42215 0.254369 3.63183e-05 5.28224e-07 0.17422 0.118942 0 0 0 0 0.0955511 0.143483 0.313199 0.189711 0.0211579 3.933e-07 0.155198 0.0233644 0 0 0 0
553.541 2.55088 245.12 217.477 1.12499 0.932135 0.0001 0.5 1.3 1.1 1.4 2.1 2 3.2 3.3 3.8 4.3 4.8 0.0710559 0.220436 0.277543 0.21864 0.0132181 0.151571 0.0521359 0.12039 0 0 0 0 0.0541538 0.262038 0.226211 0.19372 1.17428e-06 0.180635 1.05937e-12 0.0153754 0 0 0 0
532.747 2.45505 236.16 208.518 1.1354 0.999366 0.0001 0.4 0.8 1.5 1.6 2.3 2.4 3.4 3.5 4.1 4.7 5.2 0.106381 0.0121936 0.385139 0.388406 0.00109254 0.0304664 0.104045 0.107676 0 0 0 0 0.0950066 0.0328882 0.403607 0.117295 0.201757 6.09833e-08 0.130062 0.0187497 0 0 0 0
539.448 2.48593 239.085 211.443 1.13639 0.972475 0.2 0.3 0.8 1.3 1.6 1.7 2.3 3.4 3.4 4 4.5 5 0.124187 0.0380906 0.259885 0.347167 0.0291206 0.0723023 0.158897 0.106743 0 0 0 0 0.00299779 0.187064 0.260471 0.221209 0.141802 4.56461e-08 0.14122 0.0177111 0 0 0 0
544.485 2.50915 241.26 213.618 1.12911 0.979698 0.0001 0.6 0.4 1.1 1.5 2.2 2.1 3.3 3.4 4 4.6 5.1 0.0525515 0.0500545 0.168158 0.36374 0.212543 0.158271 0.00867097 0.115122 0 0 0 0 0.010881 1.78264e-05 0.275688 0.339931 0.155009 0.172906 3.95521e-08 0.0252651 0 0 0 0
531.285 2.44832 235.517 207.875 1.14329 0.977839 0.0001 0.5 0.8 1.3 1.5 2.2 2.3 3.5 3.5 4.1 4.7 5.3 0.066651 0.220762 0.0633942 0.491284 0.00197819 0.000561778 0.19638 0.102278 0 0 0 0 0.0329674 0.328138 0.00318475 0.368555 0.0690128 5.54606e-06 0.158938 0.0170381 0 0 0 0
544.481 2.50913 241.258 213.616 1.12909 0.979685 0.0001 0.4 0.5 1.1 1.5 1.6 2.2 3.3 3.4 4 4.5 5.1 0.0639193 0.0676874 0.141916 0.356983 0.218643 6.51463e-07 0.164936 0.115004 0 0 0 0 0.0109206 0.275504 0.00016345 0.339943 0.154991 1.50214e-05 0.172912 0.0252356 0 0 0 0
581.332 2.67895 256.583 228.94 1.12497 0.872427 0.0001 0.5 0.9 1 1.4 1.9 1.8 3.2 3 3.6 4.1 4.6 0.110127 1.84682e-07 0.538586 0.0155356 2.06377e-08 0.34531 4.32185e-05 0.115366 0 0 0 0 0.078982 0.159955 4.18957e-05 0.373422 0.0345296 0.217691 3.55814e-07 0.00780518 0 0 0 0
527.444 2.43062 233.82 206.177 1.14607 1.01098 0.4 0.4 0.6 1.2 1.5 2 2.4 3.6 3.3 3.9 4.4 5 0.0352056 0.265515 2.33267e-08 0.379539 0.189431 5.55109e-11 0.181604 0.0947735 0 0 0 0 0.225826 0.039651 0.0762463 0.293417 0.175097 0.0376901 0.137454 0.0255962 0 0 0 0
531.426 2.44897 235.58 207.937 1.14341 0.97657 0.0001 0.5 0.8 1.3 1.5 2.2 2.3 3.5 3.5 4 4.6 5.2 0.0789111 0.167878 0.132145 0.421927 0.0457091 0.000684095 0.193523 0.102638 0 0 0 0 0.0332898 0.326558 0.00518508 0.366123 0.0703722 6.30434e-09 0.158165 0.0168773 0 0 0 0
525.274 2.42062 232.855 205.212 1.14724 1.00783 0.0001 0.5 1 1.4 1.5 2.2 2.4 3.6 3.5 4 4.5 5.1 0.0649404 0.225457 0.18759 0.363879 0.0266698 8.61119e-08 0.183172 0.0955294 0 0 0 0 0.0480553 0.271997 0.19938 6.9063e-06 0.319252 2.44244e-09 0.146623 0.0225181 0 0 0 0
523.289 2.41147 231.969 204.326 1.1637 0.91311 0.2 0.7 0.8 1.3 1.6 1.7 2.3 3.7 3.3 3.9 4.4 4.9 0.128117 0.00363014 0.341117 0.303969 0.0467383 0.000428025 0.241063 0.0986331 0 0 0 0 0.117655 0.317946 0.00111466 0.20033 0.168705 2.05011e-07 0.10532 0.00203879 0 0 0 0
538.742 2.48268 238.779 211.136 1.13603 0.983254 0.2 0.3 0.8 1.4 1.6 1.8 2.3 3.4 3.4 4 4.5 5.1 0.14822 1.62773e-07 0.308629 0.396912 9.97989e-05 0.0117537 0.163113 0.1073 0 0 0 0 3.76931e-08 0.189251 0.275934 0.299308 0.0470794 2.15632e-09 0.152585 0.0190976 0 0 0 0
548.774 2.52891 243.096 215.453 1.13144 0.93951 0.2 0.3 0.9 1.4 1.6 2.1 2.2 3.3 3.4 3.9 4.4 5 0.130945 0.0419362 0.340283 0.308859 0.0155727 0.0312874 0.149863 0.112689 0 0 0 0 3.2279e-07 0.201419 0.323868 0.167747 0.090162 9.87893e-08 0.141353 0.0149603 0 0 0 0
539.098 2.48432 238.933 211.291 1.13667 0.976661 0.4 0.3 1 1.5 1.6 2.2 2.3 3.4 3.4 3.9 4.4 5 7.05433e-07 0.216667 0.364035 0.287091 6.42249e-11 1.37192e-05 0.161231 0.107633 0 0 0 0 0.199771 0.0675168 0.285716 0.258399 6.13297e-10 4.47753e-13 0.148002 0.0172562 0 0 0 0
533.477 2.45842 236.481 208.838 1.13522 1.00227 0.2 0.6 0.8 1.1 1.6 1.7 2.4 3.4 3.5 4 4.6 5.2 0.150096 0.019349 0.20687 0.246674 0.235715 0.0475152 0.120971 0.108032 0 0 0 0 0.139729 0.020404 0.311936 0.101364 0.274584 0.00430091 0.130017 0.0199357 0 0 0 0
528.529 2.43562 234.3 206.658 1.14184 1.004 0.0001 0.5 1 0.8 1.7 1.8 2.5 3.5 3.6 4.2 4.7 5.2 0.104359 0.0970421 0.445619 0.000678319 0.27797 2.1364e-05 0.115123 0.101022 0 0 0 0 0.0739338 0.189205 0.350651 9.66023e-06 0.263512 0.000960312 0.109379 0.0163512 0 0 0 0
528.016 2.43325 234.073 206.431 1.15407 0.936593 0.3 0.3 0.8 1.2 1.6 1.9 2.4 3.6 3.4 4 4.5 5.1 0.142864 0.0668643 0.13468 0.374534 0.154929 6.90607e-08 0.182619 0.0975794 0 0 0 0 2.29694e-05 0.187308 0.263447 0.136301 0.243941 6.87502e-10 0.104489 0.00108334 0 0 0 0
563.367 2.59616 249.237 221.595 1.12403 0.934859 0.0001 0.4 0.5 1.1 1.4 1.2 2 3.2 3.2 3.8 4.3 4.8 0.10078 0.00144716 0.128998 0.514266 4.10577e-06 1.44483e-06 0.259641 0.11889 0 0 0 0 0.0230758 0.244796 8.32996e-08 0.383241 3.40442e-08 0.0414982 0.219653 0.0225956 0 0 0 0
500.173 2.30494 221.396 193.754 1.16028 1.16094 0.3 0.5 0.9 1.4 1.5 2.2 4 3.1 3.4 3.9 4.4 5 0.206021 1.96288e-05 0.27798 0.356401 0.000120424 0.1665 0.0699087 0.0833331 0 0 0 0 0.207764 4.21144e-08 0.334828 0.115674 0.172869 0.20942 0.028609 0.0917785 0 0 0 0
543.611 2.50512 240.884 213.241 1.14236 0.902075 0.0001 0.5 0.7 1.3 1.5 2.1 2.2 3.4 3.4 4 4.6 5.2 0.109021 2.53568e-08 0.278028 0.437771 1.14268e-08 3.14928e-10 0.207904 0.109632 0 0 0 0 0.037576 0.303945 0.0155907 0.403614 7.69585e-10 1.04146e-08 0.141349 1.27224e-08 0 0 0 0
533.964 2.46067 236.694 209.052 1.14725 0.93026 0.2 0.6 0.6 1.2 1.5 2 2.3 3.5 3.4 3.9 4.4 4.9 0.131069 0.157836 0.0216122 0.415322 0.119631 4.43727e-07 0.199629 0.102148 0 0 0 0 0.0966995 0.194597 0.0874077 0.203972 0.217412 6.64491e-10 0.127222 0.00295044 0 0 0 0
502.723 2.3167 222.587 194.944 1.15635 1.15478 0.1 0.5 0.9 1.3 1.5 2.2 3.9 3 3.4 4 4.6 5.1 0.0812817 0.187459 0.124605 0.429601 4.34426e-06 0.188102 0.0810573 0.0642419 0 0 0 0 0.0670876 0.217455 0.211064 0.103767 0.243846 0.182876 0.0347886 0.0938985 0 0 0 0
539.472 2.48605 239.096 211.453 1.13732 0.960513 0.2 0.6 0.9 0.9 1.5 1.6 2.3 3.4 3.5 4.1 4.7 5.3 0.160155 2.38376e-07 0.229041 0.159226 0.32383 1.7879e-08 0.157793 0.107274 0 0 0 0 0.124813 0.137078 0.243287 0.0150202 0.290305 4.84154e-06 0.134919 0.0150864 0 0 0 0
553.407 2.55026 245.063 217.421 1.125 0.935743 0.0001 0.4 0.5 1.1 1.4 1.9 2.1 3.2 3.2 3.8 4.3 4.8 0.080307 0.000472342 0.190037 0.364396 0.155742 0.0592579 0.153291 0.121499 0 0 0 0 0.015363 0.264743 7.90644e-08 0.337047 0.120341 3.26002e-09 0.181486 0.0167638 0 0 0 0
534.37 2.46253 236.872 209.23 1.13687 0.975797 0.1 0.7 0.9 0.8 1.6 2.3 2.4 3.4 3.5 4 4.5 5 0.131582 0.0096273 0.428935 0.014488 0.321808 4.11818e-06 0.123892 0.106534 0 0 0 0 0.111438 0.190745 0.251191 0.000149985 0.293599 2.88028e-11 0.11505 0.0136238 0 0 0 0
531.564 2.4496 235.64 207.998 1.14417 0.967756 0.1 0.5 1.1 1.4 1.2 2.1 2.3 3.5 3.3 3.8 4.3 4.9 0.0713165 0.232833 0.0259383 0.193799 0.320317 5.37143e-07 0.197786 0.102179 0 0 0 0 0.0404839 0.309764 0.110519 0.317236 0.0234923 2.44961e-07 0.152384 0.0138772 0 0 0 0
539.774 2.48744 239.227 211.584 1.13793 0.954739 0.0001 0.5 0.9 0.9 1.5 1.7 2.3 3.4 3.5 4.1 4.7 5.3 0.117672 0.0344038 0.377144 0.0362912 0.270471 0.0388239 0.155935 0.107186 0 0 0 0 0.0714087 0.178186 0.268998 0.000633832 0.290504 3.20604e-07 0.132079 0.0129288 0 0 0 0
543.945 2.50666 241.028 213.385 1.12851 0.988114 0.0001 0.5 0.6 1.2 1.5 1.7 2.2 3.3 3.4 3.9 4.5 5.1 0.0661162 0.208612 0.0398341 0.381176 0.145843 0.00491828 0.166775 0.115237 0 0 0 0 0.0477005 0.286625 0.000714862 0.348462 0.0960662 0.000139111 0.181306 0.0271013 0 0 0 0
525.839 2.42322 233.106 205.464 1.14872 0.993824 0.0001 0.4 0.9 1.5 1.7 2.3 2.4 3.6 3.6 4.2 4.8 5.4 0.0929867 0.0751793 0.379958 0.329036 1.40722e-06 1.41661e-07 0.174226 0.0973308 0 0 0 0 0.0245507 0.225534 0.256803 0.32873 2.75013e-07 3.27782e-10 0.139139 0.0190673 0 0 0 0
553.43 2.55037 245.073 217.431 1.12477 0.9349 0.0001 0.4 0.5 1.1 1.4 2.1 2 3.2 3.3 3.9 4.4 5 0.0713272 0.0121354 0.199755 0.312558 0.219086 0.180212 0.00939601 0.120301 0 0 0 0 0.0155333 0.26429 0.000191379 0.337056 0.120341 0.181197 6.25491e-09 0.0162917 0 0 0 0
544.75 2.51037 241.374 213.731 1.13028 0.96668 0.3 0.4 0.9 1.4 1.5 2.1 2.2 3.3 3.3 3.9 4.5 5 0.209867 7.41654e-08 0.26585 0.373135 9.22395e-12 4.49074e-10 0.165844 0.115581 0 0 0 0 0.144363 0.0842017 0.265164 0.284286 1.02584e-08 8.86525e-09 0.167006 0.0216585 0 0 0 0
555.365 2.55928 245.89 218.247 1.12542 0.921227 0.2 0.3 0.8 1.3 1.4 1.5 2.1 3.2 3.1 3.7 4.2 4.7 0.152753 0.000551862 0.276259 0.338796 0.000209188 0.046827 0.19118 0.118847 0 0 0 0 0.00249759 0.190347 0.232504 0.312071 1.72092e-07 4.96982e-09 0.171441 0.0123655 0 0 0 0
543.927 2.50658 241.02 213.378 1.12847 0.988246 0.0001 0.5 0.6 1.2 1.5 2 2.2 3.3 3.4 4 4.6 5.1 0.0616415 0.247288 0.00166478 0.386177 0.1487 6.49071e-05 0.167794 0.115142 0 0 0 0 0.0478241 0.28558 0.00176268 0.348241 0.096314 4.08217e-10 0.181412 0.0271122 0 0 0 0
544.029 2.50705 241.064 213.422 1.12899 0.979741 0.3 0.5 1 1.4 1.5 2.1 2.2 3.3 3.4 3.9 4.5 5 0.188167 0.0606857 0.261973 0.333147 2.81453e-05 0.00105092 0.169349 0.114593 0 0 0 0 0.149482 0.131148 0.238981 0.259817 1.25724e-06 4.6451e-08 0.175487 0.0248235 0 0 0 0
555.457 2.55971 245.928 218.286 1.12568 0.920356 0.0001 0.3 0.8 1.3 1.4 1.5 2.1 3.2 3.2 3.8 4.3 4.8 0.117661 3.61475e-09 0.355994 0.161908 0.113593 0.0724843 0.184493 0.11955 0 0 0 0 2.77807e-05 0.193546 0.231199 0.31257 1.36331e-06 1.85215e-08 0.170776 0.0122357 0 0 0 0
544.811 2.51065 241.4 213.758 1.13035 0.965453 0.3 0.5 0.9 0.9 1.4 1.5 2.2 3.3 3.3 3.8 4.3 4.8 0.209889 3.89385e-06 0.132928 0.132928 0.373091 3.29375e-07 0.165979 0.115534 0 0 0 0 0.177388 0.0571746 0.224241 0.0334562 0.285652 5.51181e-07 0.166217 0.0213246 0 0 0 0
554.897 2.55713 245.693 218.05 1.12527 0.924028 0.6 0.1 1.3 1.2 1.4 2 2.1 3.2 3.2 3.7 4.2 4.8 0.232785 0.0990799 0.00647398 0.342223 0.129805 0.0113059 0.184472 0.119129 0 0 0 0 0.281099 0.0841427 0.20607 0.16506 6.89766e-05 1.4231e-09 0.174519 0.0130677 0 0 0 0
539.46 2.48599 239.091 211.448 1.13741 0.95928 0.0001 0.5 0.9 1.5 2.3 1.6 2.3 3.4 3.5 4.1 4.7 5.2 0.109071 0.0634083 0.376532 0.320666 0.00900327 0.00167756 0.150152 0.106902 0 0 0 0 0.0719581 0.176679 0.271726 0.290178 0.120197 5.70959e-06 0.0141202 0.0144167 0 0 0 0
555.676 2.56072 246.021 218.378 1.12477 0.923552 0.2 0.3 0.8 1.3 1.4 1.5 2.1 3.2 3.1 3.6 4.1 4.7 0.152911 0.00252492 0.264014 0.387612 1.16949e-07 2.63325e-09 0.200601 0.117106 0 0 0 0 0.00102176 0.192321 0.232152 0.311594 0.00125685 6.61607e-06 0.172548 0.0126523 0 0 0 0
534.5 2.46314 236.929 209.287 1.14751 0.927729 0.0001 0.5 0.7 1.1 1.5 2.2 2.3 3.5 3.5 4.1 4.7 5.3 0.0843168 0.1798 3.97136e-09 0.389464 0.196333 1.77137e-08 0.194795 0.102803 0 0 0 0 0.0442584 0.286577 6.31423e-08 0.227582 0.241604 3.11576e-10 0.125098 0.00260956 0 0 0 0
538.909 2.48345 238.851 211.209 1.13591 0.981254 0.2 0.3 0.8 1.4 1.6 2.2 2.3 3.4 3.4 3.9 4.4 4.9 0.148388 8.36675e-07 0.306724 0.405266 2.01275e-08 4.53779e-10 0.169494 0.106041 0 0 0 0 0.00150311 0.187107 0.277345 0.295038 0.0510662 1.7193e-09 0.151189 0.0180056 0 0 0 0
551.528 2.5416 244.267 216.625 1.12453 0.946385 0.0001 0.4 0.6 1.2 1.4 2 2.1 3.2 3.2 3.8 4.4 5 0.0454714 0.182279 0.0607563 0.494811 3.24651e-05 0.131379 0.0870215 0.122783 0 0 0 0 0.0171747 0.24001 0.053855 0.423559 4.68614e-11 7.5075e-10 0.192464 0.0193213 0 0 0 0
555.678 2.56073 246.022 218.379 1.12564 0.917478 0.4 0.1 0.8 1.3 1.5 2.1 2 3.2 3.3 3.9 4.4 4.9 0.0765776 0.0951422 0.247774 0.366383 0.0263133 0.188419 0.00642553 0.118606 0 0 0 0 0.15544 0.0544141 0.211365 0.316022 2.59777e-09 0.169011 3.52808e-10 0.0112264 0 0 0 0
536.625 2.47293 237.858 210.215 1.1368 1.01549 0.3 0.7 1 0.9 1.7 1.8 2.5 3.4 3.6 4.2 4.7 5.3 0.210299 8.76702e-07 0.417765 6.16313e-07 0.314555 1.60903e-08 0.0798305 0.114345 0 0 0 0 0.207943 0.0201429 0.331391 0.0636253 0.225331 0.0356523 0.113554 0.0178471 0 0 0 0
555.321 2.55908 245.871 218.229 1.12563 0.919586 0.2 0.3 0.8 1.3 1.5 2.1 2 3.2 3.3 3.8 4.3 4.9 0.133136 0.0281961 0.256784 0.385345 1.27743e-07 0.163636 0.0393686 0.119166 0 0 0 0 0.000711778 0.192701 0.2313 0.312534 9.26092e-08 0.17046 1.44185e-10 0.0118801 0 0 0 0
571.073 2.63167 252.416 224.774 1.1155 0.94353 0.3 0.3 0.5 1.1 1.4 1.6 2 3.1 3.1 3.7 4.3 4.9 0.199994 0.0200771 0.00476671 0.497397 0.0300018 0.0175632 0.221079 0.124619 0 0 0 0 0.00732472 0.152552 0.112361 0.403395 0.0226095 2.23352e-08 0.221734 0.0235536 0 0 0 0
544.663 2.50997 241.337 213.694 1.12983 0.967362 0.2 0.3 0.8 1.3 1.5 1.6 2.2 3.3 3.3 3.9 4.4 4.9 0.0959115 0.0762603 0.242256 0.357648 3.8707e-05 0.0751593 0.168402 0.114152 0 0 0 0 4.00421e-05 0.192746 0.248146 0.239588 0.0990774 4.94792e-09 0.166118 0.0216468 0 0 0 0
563.326 2.59597 249.22 221.578 1.12379 0.938923 0.0001 0.4 0.5 1.1 1.4 1.6 2 3.2 3.2 3.7 4.2 4.8 0.0963996 0.000994171 0.141062 0.495771 4.71164e-05 0.0213406 0.248213 0.119958 0 0 0 0 0.0254503 0.236081 0.00483501 0.415894 0.0106007 1.03702e-07 0.221175 0.0248871 0 0 0 0
534.439 2.46285 236.902 209.26 1.14481 0.929279 0.4 0.7 0.8 1.3 1.6 1.5 2.2 3.5 3.3 3.9 4.5 5.1 0.248199 4.57205e-07 0.159333 0.400265 4.71363e-08 5.42246e-08 0.235516 0.101499 0 0 0 0 0.278868 3.15548e-07 0.102875 0.360287 0.0278997 0.000253566 0.1467 0.0123961 0 0 0 0
543.166 2.50307 240.692 213.05 1.14248 0.903328 0.0001 0.7 0.4 1.3 1.4 2.1 2.2 3.4 3.2 3.8 4.4 5 0.108881 0.278257 8.21348e-09 0.437671 1.06693e-08 5.00198e-09 0.207739 0.109934 0 0 0 0 0.00679806 0.100721 0.254173 0.398943 5.32946e-09 1.28884e-11 0.142693 4.24843e-09 0 0 0 0
563.649 2.59746 249.354 221.712 1.11824 0.982228 0.0001 0.4 0.5 1.1 1.4 1.6 2 3.1 3.2 3.7 4.2 4.8 0.0339308 0.000865172 0.303275 0.232947 0.0306515 0.295461 0.0762592 0.144853 0 0 0 0 0.0312988 0.21026 0.0274495 0.428847 4.0934e-05 4.49222e-08 0.243817 0.0405156 0 0 0 0
553.373 2.5501 245.049 217.406 1.12491 0.935904 0.1 0.4 0.5 1.1 1.4 2 2.1 3.2 3.1 3.7 4.2 4.8 0.0797052 0.0343412 0.156373 0.353346 0.178135 0.0654003 0.136373 0.121235 0 0 0 0 0.0179007 0.260089 0.00194085 0.337585 0.119945 1.15116e-05 0.181664 0.0167686 0 0 0 0
533.557 2.45879 236.516 208.873 1.14253 0.980514 0.1 0.3 0.9 1.5 1.7 1.5 2.4 3.5 3.6 4.2 4.8 5.3 0.0514738 0.126216 0.356813 0.242886 4.96837e-06 0.108062 0.157525 0.0995494 0 0 0 0 6.49602e-06 0.200971 0.34545 0.0876414 0.104302 0.105666 0.121387 0.0150909 0 0 0 0
544.402 2.50876 241.224 213.582 1.12891 0.981497 0.3 0.4 0.5 1.1 1.5 1.7 2.2 3.3 3.4 3.9 4.5 5.1 0.183661 0.00295889 0.0732332 0.378371 0.209902 1.03526e-06 0.165865 0.114919 0 0 0 0 0.0431664 0.23782 0.0039664 0.343311 0.153376 9.37668e-08 0.174144 0.0257137 0 0 0 0
539.422 2.48581 239.074 211.431 1.13649 0.971785 0.0001 0.3 0.8 1.3 1.6 2.3 2 3.4 3.4 4 4.5 5.1 0.0738912 0.0755594 0.291675 0.289353 0.138794 0.160157 0.000279986 0.106783 0 0 0 0 6.57997e-07 0.191084 0.25852 0.222874 0.14082 0.141065 9.3441e-10 0.0174204 0 0 0 0
524.245 2.41588 232.396 204.753 1.14844 0.985444 0.0001 0.6 0.8 1.5 1.6 2 2.5 3.6 3.5 4.1 4.6 5.2 0.10122 0.0667927 0.326166 0.40771 9.07461e-06 2.49683e-08 0.153864 0.0926789 0 0 0 0 0.107238 0.000107851 0.437172 7.48831e-06 0.304268 0.0205206 0.103374 0.0127575 0 0 0 0
538.993 2.48384 238.888 211.245 1.13018 0.999696 0.0001 0.7 1 1.4 1.6 2.2 2.3 3.3 3.4 3.9 4.5 5.1 0.11878 0.142678 0.359058 0.000275223 0.252853 0.134446 1.25795e-06 0.122088 0 0 0 0 0.0920273 0.369159 1.86373e-05 0.293331 0.0655256 1.18339e-08 0.155784 0.0238502 0 0 0 0
553.407 2.55026 245.064 217.421 1.12472 0.935 0.1 0.4 0.5 1.1 1.4 2.1 2.1 3.2 3.3 3.8 4.3 4.9 0.0725959 0.0405216 0.16707 0.315167 0.221275 0.0826766 0.105307 0.120103 0 0 0 0 0.0176095 0.262065 1.94872e-07 0.33782 0.119893 0.146047 0.0352905 0.0162751 0 0 0 0
563.202 2.5954 249.169 221.526 1.12367 0.938752 0.2 0.4 0.5 1.1 1.4 1.2 2 3.2 3.1 3.6 4.2 4.8 0.143942 0.00955458 0.0692847 0.524085 2.28856e-05 9.66324e-05 0.257565 0.119123 0 0 0 0 0.0404676 0.224349 1.3159e-10 0.405107 0.00145277 0.0210695 0.222048 0.0242586 0 0 0 0
498.623 2.2978 220.67 193.028 1.15228 1.13283 0.0001 0.5 0.9 1 1.4 1.9 3.8 2.8 3 3.5 4.1 4.6 0.110794 6.16632e-06 0.454981 0.108437 3.26345e-08 0.309217 0.0882934 0.0805548 0 0 0 0 0.0839552 0.162162 0.0489051 0.325446 0.0883472 0.265517 0.0430505 0.115451 0 0 0 0
545.677 2.51464 241.772 214.129 1.13114 0.94843 0.0001 0.4 0.8 0.7 1.4 1.5 2.2 3.3 3.4 4 4.5 5.1 0.104264 0.0308807 0.330828 0.00358352 0.375912 1.07536e-06 0.172287 0.113381 0 0 0 0 0.0606169 0.124502 0.282927 2.82256e-07 0.309512 1.17948e-06 0.154721 0.0161492 0 0 0 0
544.541 2.50941 241.284 213.642 1.12928 0.975357 0.0001 0.3 0.5 1.1 1.5 1.7 2.2 3.3 3.3 3.8 4.3 4.8 0.0044345 0.175441 0.080311 0.379151 0.208114 8.5431e-05 0.167236 0.114509 0 0 0 0 5.13801e-05 0.140676 0.1546 0.325134 0.161052 1.35453e-09 0.169808 0.0240354 0 0 0 0
533.877 2.46026 236.656 209.014 1.13563 1.00105 0.1 0.3 0.9 1.6 1.7 1.8 2.4 3.4 3.5 4.1 4.7 5.3 0.128062 0.00701303 0.453525 0.302272 1.26683e-07 0.0194191 0.116391 0.108951 0 0 0 0 0.0208618 0.168923 0.377461 0.284747 2.35291e-06 2.36939e-08 0.12932 0.0197326 0 0 0 0
533.582 2.4589 236.527 208.884 1.14906 0.889335 0.0001 0.5 0.5 1.1 1.4 1.3 2.1 3.5 3.3 3.9 4.4 4.9 0.0697068 0.092468 0.0947836 0.493084 1.13424e-09 4.38046e-08 0.29241 0.106605 0 0 0 0 0.0518863 0.216145 0.0496417 0.166878 3.91693e-08 0.244269 0.157098 0.00341766 0 0 0 0
552.84 2.54765 244.824 217.181 1.12455 0.938538 0.0001 0.5 1.2 1.1 1.4 2.1 1.9 3.2 3.3 3.8 4.4 5 0.0691809 0.224087 0.11187 0.212983 0.19869 0.187196 6.64939e-05 0.120481 0 0 0 0 0.051686 0.272444 0.381252 7.42093e-06 0.0300908 0.185963 6.80559e-08 0.0170944 0 0 0 0
584.797 2.69492 257.973 230.331 1.12587 0.871658 0.3 0.5 0.9 1 1.3 1.8 1.9 3.2 3 3.6 4.2 4.7 0.188357 1.3002e-08 0.103418 0.384561 6.48778e-06 1.45972e-07 0.331401 0.118126 0 0 0 0 0.206307 5.31829e-06 1.20435e-06 0.422375 0.0119854 9.93718e-06 0.223418 0.00755688 0 0 0 0
555.359 2.55926 245.887 218.245 1.12954 0.960317 0.0001 0.5 0.5 1.1 1.4 1.7 2.1 3.3 3.3 3.9 4.5 5.1 0.0952018 0.150693 6.08204e-06 0.436038 0.108073 5.63746e-07 0.226245 0.113279 0 0 0 0 0.0562566 0.250969 0.000314849 0.296082 0.137082 3.08008e-09 0.192973 0.0266389 0 0 0 0
531.251 2.44816 235.502 207.86 1.14259 0.970492 0.0001 0.4 0.8 1.4 1.6 2.3 2.4 3.5 3.5 4 4.6 5.2 0.0520908 0.154624 0.225416 0.424517 0.0231112 6.08133e-07 0.164939 0.0978894 0 0 0 0 0.0917594 0.0403122 0.390437 0.0710424 0.247727 5.17695e-09 0.116615 0.0125995 0 0 0 0
536.319 2.47152 237.724 210.081 1.13653 0.991551 0.2 0.5 0.8 1.5 1.6 1.6 2.4 3.4 3.5 4 4.5 5.1 0.142117 3.16326e-09 0.347012 0.412972 1.40271e-11 1.13967e-11 0.125332 0.109095 0 0 0 0 0.112365 0.0764189 0.3102 0.294618 0.02677 0.0218284 0.133525 0.015825 0 0 0 0
553.377 2.55012 245.051 217.408 1.12507 0.936003 0.0001 0.4 0.5 1.1 1.4 2 2.1 3.2 3.1 3.6 4.2 4.7 0.0726531 0.055133 0.13564 0.38025 0.148109 0.109021 0.102351 0.121911 0 0 0 0 0.0153721 0.264509 0.000291027 0.336956 0.120412 4.56381e-06 0.181557 0.0169026 0 0 0 0
543.686 2.50547 240.917 213.274 1.12845 0.985718 0.3 0.4 0.7 1.2 1.4 1.9 2.2 3.3 3.3 3.9 4.4 4.9 0.0482623 0.233756 0.0196621 0.343282 0.194525 0.000849194 0.173787 0.114322 0 0 0 0 0.172897 0.0132158 0.192822 0.208348 0.191549 4.44926e-09 0.180724 0.0261622 0 0 0 0
552.594 2.54651 244.719 217.077 1.12483 0.94095 0.1 0.5 0.6 1.2 1.4 2 2.1 3.2 3.2 3.7 4.3 4.8 0.0960591 0.0569625 0.160519 0.430017 0.044267 0.119161 0.0954396 0.1224 0 0 0 0 0.0570427 0.265403 0.00040628 0.386219 0.0264318 1.24674e-08 0.187352 0.0180955 0 0 0 0
544.028 2.50704 241.063 213.421 1.12865 0.995189 0.3 0.4 0.9 1.4 1.3 2 2.2 3.3 3.1 3.6 4.2 4.7 0.214132 0.00121903 0.207385 0.00349954 0.383251 0.0843539 0.117053 0.117757 0 0 0 0 0.0474802 0.227771 0.1412 0.0414535 0.319864 5.61025e-07 0.188418 0.029002 0 0 0 0
