Chi2   rChi2   BIC   AIC    Qichtot    Qimtot  R[0]  R[1]  R[2]  R[3]  R[4]  R[5]  R[6]  R[7]  R[8]  R[9]  R[10]  R[11]  Q0ch    Q1ch    Q2ch    Q3ch    Q4ch    Q5ch    Q6ch    Q7ch    Q8ch    Q9ch    Q10ch    Q11ch    Q0m    Q1m    Q2m    Q3m    Q4m    Q5m    Q6m    Q7m    Q8m    Q9m    Q10m    Q11m
565.765 2.60721 250.231 222.589 1.09358 0.941723 0.3 0.5 0.6 1.2 1.4 1.5 2.1 3.3 3.1 3.7 4.2 4.8 0.112558 0.000549402 0.232932 0.42282 3.57141e-09 8.48648e-09 0.234966 0.0897512 0 0 0 0 0.132637 0.17705 3.93769e-09 0.425794 0.0016147 6.85773e-10 0.194498 0.0101294 0 0 0 0
565.765 2.60721 250.231 222.589 1.09357 0.941746 0.3 0.5 0.6 1.2 1.4 1.5 2.1 3.3 3.2 3.8 4.3 4.9 0.11254 0.000622253 0.232873 0.422825 1.18773e-07 1.4122e-08 0.234962 0.0897474 0 0 0 0 0.13264 0.177045 3.22601e-08 0.425814 0.00159426 1.04758e-07 0.194511 0.0101406 0 0 0 0
548.685 2.5285 243.058 215.416 1.09969 0.986312 0.5 0.4 0.9 1.2 1.5 1.6 2.2 3.5 3.2 3.8 4.4 5 1.05033e-06 0.264262 0.0780521 0.445327 3.675e-08 1.73212e-09 0.232051 0.0800005 0 0 0 0 0.00360381 0.303056 5.61595e-07 0.410723 0.0583708 1.47371e-07 0.189252 0.0213071 0 0 0 0
546.86 2.52009 242.279 214.636 1.09991 0.964034 0.1 0.5 0.3 1.2 1.5 2.1 2.2 3.4 3.5 4.1 4.6 5.2 0.0982482 0.175193 0.000261529 0.519169 0.0173735 5.22357e-07 0.200899 0.088769 0 0 0 0 3.11318e-07 0.196704 0.122316 0.377959 0.0796821 1.50739e-09 0.173644 0.0137284 0 0 0 0
562.885 2.59394 249.037 221.395 1.094 0.914273 0.2 0.4 0.5 1.2 1.4 2 2.1 3.2 3.2 3.7 4.2 4.7 0.115953 3.40552e-05 0.162273 0.515684 1.41104e-06 1.915e-07 0.199836 0.100216 0 0 0 0 0.0226579 0.224195 0.0555914 0.432569 3.71888e-10 5.08294e-10 0.179258 2.51426e-06 0 0 0 0
555.812 2.56135 246.078 218.435 1.09444 0.986358 0.2 0.5 0.6 1.3 1.5 1.9 2.2 3.4 3.3 3.8 4.4 5 0.0611406 3.86541e-08 0.333972 0.412444 1.78941e-09 4.48216e-11 0.201979 0.0849021 0 0 0 0 0.104088 1.01757e-11 0.271863 0.403826 2.20479e-10 5.07588e-12 0.187113 0.0194677 0 0 0 0
554.4 2.55484 245.483 217.84 1.10502 0.947678 0.3 0.6 0.4 1.2 1.5 1.4 2.2 3.5 3.2 3.8 4.3 4.9 0.136017 0.187999 2.29099e-05 0.464111 1.35334e-07 1.75209e-11 0.234961 0.0819084 0 0 0 0 1.82387e-07 0.0638691 0.270536 0.273994 3.53274e-06 0.16823 0.164207 0.00683941 0 0 0 0
565.771 2.60724 250.234 222.591 1.09358 0.941767 0.3 0.5 0.6 1.2 1.4 1.5 2.1 3.3 3.2 3.8 4.4 5 0.111788 0.00368755 0.230393 0.423018 9.44405e-08 1.38015e-06 0.234934 0.0897539 0 0 0 0 0.132636 0.177051 5.9208e-07 0.425807 0.00160134 1.21277e-09 0.194518 0.0101519 0 0 0 0
546.879 2.52018 242.287 214.644 1.0999 0.964096 0.0001 0.5 0.3 1.2 1.5 2.1 2.2 3.4 3.4 4 4.5 5.1 0.0897862 0.185458 7.21335e-07 0.516674 0.0182871 4.79662e-07 0.200959 0.0887383 0 0 0 0 1.78271e-06 0.196912 0.122194 0.377693 0.079932 2.19565e-09 0.173618 0.0137455 0 0 0 0
538.253 2.48043 238.566 210.924 1.0986 1.02955 0.2 0.5 1.1 1.2 1.5 2.1 2.3 3.5 3.4 3.9 4.4 5 0.149967 0.0857173 0.428784 0.0165201 0.148206 0.0425707 0.142377 0.084459 0 0 0 0 0.0679641 0.268312 0.00527763 0.317447 0.156658 5.52839e-11 0.181725 0.0321696 0 0 0 0
537.742 2.47808 238.344 210.702 1.0975 1.04047 0.0001 0.5 0.9 1.3 1.7 2.3 1.8 3.5 3.7 4.3 4.8 5.3 0.127937 0.0355485 0.322805 0.289502 7.93273e-05 0.150743 0.0860027 0.0848837 0 0 0 0 0.0394477 0.316673 0.000392096 0.441304 0.0146502 0.190337 0.00202451 0.035642 0 0 0 0
543.072 2.50263 240.652 213.009 1.0979 0.992712 0.4 0.5 1.2 1.5 1.6 2.2 2.3 3.4 3.5 4.1 4.6 5.1 0.304404 5.02272e-08 0.363033 0.192425 2.82162e-08 2.42911e-09 0.14639 0.091647 0 0 0 0 0.230483 0.101111 0.317071 0.163549 3.06297e-08 2.95393e-10 0.165465 0.0150329 0 0 0 0
564.434 2.60108 249.68 222.037 1.08194 0.963842 0.5 0.3 0.4 1.1 1.4 2.1 2 3.1 3.3 3.9 4.5 5 0.108617 0.14731 0.0225099 0.312072 0.212749 0.0233136 0.142352 0.113022 0 0 0 0 1.93525e-05 0.0639982 0.213638 0.348858 0.12022 0.195061 8.52121e-09 0.0220477 0 0 0 0
548.689 2.52852 243.06 215.417 1.0997 0.986291 0.5 0.4 0.9 1.2 1.5 1.6 2.2 3.5 3.2 3.7 4.3 4.9 1.24841e-06 0.26424 0.0780617 0.445338 3.36836e-05 3.20621e-06 0.231984 0.0800379 0 0 0 0 0.00321671 0.303324 0.000186443 0.410676 0.0583006 3.46896e-06 0.18929 0.0212939 0 0 0 0
539.379 2.48562 239.055 211.413 1.10018 1.01225 0.0001 0.6 0.6 1.3 1.6 2.2 2.3 3.5 3.6 4.2 4.7 5.2 0.0950426 0.240074 0.00979166 0.494252 8.22123e-06 1.40939e-06 0.178168 0.0828408 0 0 0 0 0.0739073 0.212189 0.10475 0.349906 0.0755382 2.90532e-09 0.169894 0.026066 0 0 0 0
557.425 2.56878 246.756 219.114 1.08771 0.970392 0.4 0.5 1.1 1.4 1.5 2.1 2.2 3.2 3.3 3.9 4.4 5 0.29771 0.00025438 0.213997 0.336666 0.000233614 1.77733e-05 0.136132 0.102699 0 0 0 0 0.300218 3.26349e-10 0.260654 0.22053 7.91412e-09 2.84647e-09 0.17518 0.0138086 0 0 0 0
565.751 2.60715 250.226 222.583 1.09363 0.941395 0.3 0.5 0.6 1.2 1.5 1.3 2.1 3.3 3.2 3.8 4.4 5 0.112706 5.81255e-05 0.233315 0.422749 2.33985e-08 1.74898e-08 0.235027 0.089771 0 0 0 0 0.132446 0.177405 1.66097e-07 0.422922 2.89098e-10 0.00435304 0.194312 0.00995715 0 0 0 0
549.569 2.53257 243.435 215.792 1.10057 0.979456 0.3 0.6 0.5 1.2 1.5 2.2 2 3.5 3.2 3.8 4.4 5 0.135954 0.187314 7.01698e-07 0.464931 6.28302e-10 0.23212 1.25097e-10 0.0802455 0 0 0 0 0.125298 5.88275e-08 0.193384 0.382694 0.0756716 0.183293 9.29659e-11 0.0191146 0 0 0 0
561.017 2.58533 248.259 220.617 1.10022 0.909272 0.0001 0.4 0.8 1.2 1.4 1.5 2.1 3.3 3.3 3.8 4.4 4.9 0.133512 0.00110703 0.23254 0.410646 1.05722e-07 6.67525e-09 0.227617 0.0948013 0 0 0 0 0.0017384 0.297435 2.76997e-08 0.43546 2.40375e-08 3.60656e-12 0.174638 5.19993e-08 0 0 0 0
548.022 2.52545 242.775 215.133 1.10023 0.983799 0.3 0.4 0.7 1.2 1.5 1.6 2.2 3.5 3.2 3.8 4.4 5 0.163623 1.114e-05 0.177474 0.445397 3.12099e-06 9.24692e-08 0.233645 0.0800715 0 0 0 0 5.91815e-05 0.304751 0.00243262 0.409153 0.0592051 6.63845e-07 0.188368 0.0198301 0 0 0 0
545.701 2.51475 241.782 214.14 1.09889 0.973174 0.4 0.5 0.3 1.2 1.5 2.1 2.2 3.4 3.3 3.9 4.5 5.1 0.000724771 0.0421239 0.214208 0.551718 1.20395e-06 2.69607e-06 0.201444 0.0886652 0 0 0 0 0.296665 0.010512 7.94211e-08 0.406432 0.0621538 3.87422e-09 0.180905 0.0165072 0 0 0 0
565.645 2.60666 250.182 222.539 1.09403 0.939072 0.3 0.6 0.4 1.2 1.5 1.3 2.1 3.3 3.1 3.7 4.2 4.7 0.112477 0.232815 0.000799427 0.422585 3.44321e-08 5.48265e-08 0.235362 0.0899908 0 0 0 0 0.062229 0.0495409 0.196169 0.42921 9.54195e-09 8.01019e-09 0.193217 0.00870755 0 0 0 0
538.19 2.48014 238.539 210.896 1.11245 0.998358 0.3 0.6 1.1 1.5 1.6 2.2 2.3 3.7 3.4 4 4.6 5.2 0.20233 0.0143791 0.549573 0.000101691 0.028901 0.0585144 0.183654 0.0749956 0 0 0 0 0.170809 0.152211 0.26353 0.227807 5.04893e-09 4.35411e-09 0.16186 0.0221403 0 0 0 0
549.569 2.53257 243.435 215.792 1.10056 0.979469 0.3 0.5 0.6 1.2 1.5 1.7 2.2 3.5 3.1 3.6 4.1 4.6 0.135945 2.51709e-05 0.187298 0.464928 2.25973e-07 5.46897e-08 0.232114 0.0802513 0 0 0 0 0.125299 0.193385 4.46419e-06 0.382695 0.0756745 1.92775e-07 0.183298 0.0191129 0 0 0 0
549.625 2.53283 243.459 215.816 1.0993 0.9883 0.4 0.6 0.6 1.2 1.5 2.1 2.2 3.5 3.3 3.8 4.4 4.9 0.232664 0.0698662 0.00857056 0.478653 1.35889e-10 4.00879e-08 0.229449 0.0801016 0 0 0 0 0.304542 0.000794434 0.00149395 0.410646 0.0583842 7.1698e-11 0.189678 0.0227608 0 0 0 0
549.569 2.53257 243.435 215.792 1.10056 0.979445 0.3 0.5 0.6 1.2 1.5 2.1 2.2 3.5 3.2 3.7 4.2 4.7 0.135953 1.07724e-06 0.187314 0.464933 5.98971e-08 3.21808e-08 0.232118 0.0802414 0 0 0 0 0.125298 0.193384 1.26199e-08 0.382692 0.0756724 8.23303e-10 0.183289 0.0191105 0 0 0 0
548.705 2.52859 243.067 215.424 1.09397 0.979178 0.6 0.4 0.5 1.2 1.5 2.1 2.2 3.3 3.4 4 4.6 5.2 1.87022e-08 0.301973 1.20278e-07 0.385529 0.156754 5.5639e-07 0.150102 0.0996072 0 0 0 0 1.34674e-07 0.305246 1.15858e-06 0.415336 0.0547385 5.75632e-11 0.18692 0.0169355 0 0 0 0
547.47 2.5229 242.539 214.897 1.09275 0.986703 0.4 0.5 1.2 1.4 1.5 2.1 2.2 3.3 3.3 3.8 4.4 4.9 0.303442 4.58032e-06 0.322807 0.211038 6.80238e-08 2.93489e-06 0.157054 0.0983998 0 0 0 0 0.298864 0.00969292 0.384815 0.0818539 3.29481e-07 3.16786e-08 0.192675 0.0188019 0 0 0 0
538.306 2.48067 238.589 210.947 1.09872 1.02974 0.3 0.4 0.5 1.2 1.6 2.2 2.3 3.5 3.5 4 4.6 5.1 0.202654 0.047236 0.00227591 0.558259 2.20517e-05 0.151335 0.0517895 0.0851516 0 0 0 0 0.0171649 0.244942 0.0529473 0.397216 0.105371 2.37361e-07 0.179298 0.0328033 0 0 0 0
548.536 2.52782 242.995 215.352 1.10117 0.952758 0.5 0.2 1.1 1.4 1.5 2.1 2.2 3.4 3.4 4 4.6 5.2 0.0774118 0.153816 0.433217 0.146256 0.000741516 0.000196302 0.200832 0.0886975 0 0 0 0 0.238333 0.077447 0.233662 0.228045 1.13222e-08 1.53777e-09 0.165129 0.010143 0 0 0 0
549.569 2.53257 243.435 215.792 1.10056 0.97945 0.3 0.6 0.5 1.2 1.5 2.1 2.2 3.5 3.3 3.8 4.4 4.9 0.135953 0.18731 3.75269e-06 0.464931 1.66658e-08 3.51118e-09 0.232119 0.0802461 0 0 0 0 0.125299 6.69157e-08 0.193383 0.382694 0.075671 1.85903e-08 0.18329 0.0191136 0 0 0 0
549.14 2.5306 243.252 215.61 1.10163 0.949166 0.1 0.5 1.1 1.4 1.5 2.1 2.2 3.4 3.3 3.8 4.3 4.9 0.120635 0.109036 0.467646 0.0232655 0.0934134 5.68917e-08 0.19877 0.0888594 0 0 0 0 0.056744 0.26489 0.220959 0.235076 1.46627e-08 1.07114e-08 0.162447 0.00905025 0 0 0 0
549.625 2.53283 243.459 215.816 1.0993 0.98829 0.4 0.6 0.6 1.2 1.5 2.1 2.2 3.5 3.3 3.9 4.5 5 0.232663 0.0783781 5.89341e-05 0.478653 7.84837e-09 8.77082e-09 0.229445 0.080102 0 0 0 0 0.304547 0.000323483 0.00195446 0.410658 0.0583717 4.21156e-08 0.189676 0.0227594 0 0 0 0
549.569 2.53257 243.435 215.792 1.10056 0.97946 0.3 0.5 0.6 1.2 1.5 2.1 2.2 3.5 3.2 3.7 4.3 4.9 0.135955 1.20778e-10 0.187314 0.464931 2.31763e-09 8.32559e-09 0.23212 0.0802404 0 0 0 0 0.125298 0.193385 1.22523e-07 0.382694 0.0756715 1.1098e-10 0.183293 0.0191174 0 0 0 0
549.569 2.53258 243.435 215.792 1.10057 0.979458 0.3 0.5 0.6 1.2 1.5 2.1 2.2 3.5 3.3 3.8 4.4 4.9 0.135931 9.14412e-05 0.187242 0.464937 2.64968e-08 3.94259e-11 0.23212 0.0802486 0 0 0 0 0.125301 0.193371 1.19435e-05 0.382692 0.0756723 6.15317e-11 0.183294 0.0191147 0 0 0 0
537.213 2.47564 238.114 210.471 1.0986 1.03687 0.0001 0.5 1.1 1.5 1.3 2.2 2.3 3.5 3.4 4 4.6 5.2 0.119027 0.0998092 0.497016 0.087019 0.0036911 0.204123 0.000675176 0.0872363 0 0 0 0 0.0375572 0.32113 2.16743e-08 0.0363526 0.417912 2.95974e-10 0.189343 0.0345737 0 0 0 0
540.155 2.48919 239.392 211.749 1.10175 1.0001 0.0001 0.6 1.2 1.5 1.6 2.3 2.1 3.5 3.5 4 4.6 5.2 0.103779 0.21298 0.39273 0.132145 0.000700623 0.176098 1.83984e-06 0.0833126 0 0 0 0 0.0756703 0.305535 0.227073 0.207843 3.08712e-08 0.161873 1.36072e-09 0.0221016 0 0 0 0
576.825 2.65818 254.762 227.119 1.0749 0.973734 0.3 0.5 0.5 1.1 1.3 1.7 2 3 3.2 3.7 4.3 4.9 0.142917 0.136871 0.00214385 0.352145 0.0386665 0.235682 0.0391522 0.127325 0 0 0 0 0.165191 0.0410347 0.0667408 0.394398 0.0388517 3.18225e-07 0.231759 0.0357584 0 0 0 0
549.625 2.53283 243.459 215.816 1.0993 0.98829 0.4 0.6 0.6 1.2 1.5 2.1 2.2 3.5 3.2 3.7 4.3 4.8 0.232663 0.0783087 0.000129992 0.478649 1.19053e-09 9.39225e-11 0.229449 0.0801011 0 0 0 0 0.304547 0.00216711 0.000109809 0.410658 0.0583722 3.56026e-09 0.189677 0.0227601 0 0 0 0
548.705 2.52859 243.067 215.424 1.09396 0.979183 0.4 0.4 0.5 1.2 1.5 2.1 2.2 3.3 3.3 3.8 4.4 5 0.150986 0.150986 2.8007e-08 0.385531 0.156752 3.29052e-08 0.150101 0.0996067 0 0 0 0 0.300738 0.00450909 3.63363e-08 0.415337 0.0547378 2.11514e-09 0.186922 0.0169379 0 0 0 0
20391.5 93.97 1089.05 1061.41 1.57861 2.01063 0.0001 0.7 0.8 1.2 1.7 2 2.1 2.8 3.3 3.8 4.4 5 6.91114e-14 3.90465e-13 2.13063e-12 1.83437e-12 1.50163e-12 5.44009e-15 0.795421 0.783193 0 0 0 0 0.131399 1.0868e-09 0.595974 0.222769 0.496529 0.137556 1.41501e-09 0.426408 0 0 0 0
19943.5 91.9053 1083.85 1056.21 1.60217 2.08926 0.0001 0.8 0.9 1.2 1.7 2.1 2.2 2.9 3.4 4 4.5 5.1 0 1.81588e-11 2.4736e-10 7.91922e-13 6.03964e-11 0.000284117 0.902743 0.699139 0 0 0 0 0.137877 0.168141 0.603634 5.66647e-12 0.581002 0.145736 3.80114e-11 0.452866 0 0 0 0
19947.5 91.9238 1083.9 1056.26 1.60158 2.08812 0.0001 0.6 0.8 0.9 1.7 2.1 2.2 2.9 3.3 3.9 4.4 5 1.11022e-16 5.973e-14 1.65978e-13 3.87579e-13 1.24711e-12 2.45555e-06 0.903603 0.697978 0 0 0 0 0.133651 0.0584621 5.12305e-06 0.722192 0.57187 0.151051 1.38867e-11 0.450891 0 0 0 0
19951.3 91.9415 1083.94 1056.3 1.60107 2.08708 0.0001 0.3 0.8 0.9 1.7 2.1 2.2 2.9 3.3 3.9 4.4 4.9 4.38538e-15 1.66533e-16 2.16327e-13 1.36335e-13 6.03817e-12 1.7654e-09 0.904147 0.696919 0 0 0 0 0.105789 0.0625376 4.49197e-08 0.74943 0.56459 0.155653 1.81794e-09 0.449075 0 0 0 0
19943.5 91.9053 1083.85 1056.21 1.60228 2.08933 0.0001 0.2 0.8 0.9 1.7 2.1 2.2 2.9 3.3 3.9 4.5 5 2.49245e-14 3.86913e-14 1.86573e-13 8.51541e-14 6.21336e-13 0.0012823 0.901777 0.699217 0 0 0 0 0.137881 4.83502e-14 0.168084 0.603699 0.580982 0.14579 1.08139e-10 0.452899 0 0 0 0
538.884 2.48334 238.841 211.198 1.09922 1.02141 0.3 0.6 0.4 1.1 1.5 2.2 2.3 3.5 3.4 4 4.5 5 0.231972 0.00292107 6.56037e-08 0.425789 0.183125 0.00427734 0.167785 0.083353 0 0 0 0 0.0258836 0.000113784 0.266631 0.315664 0.208645 3.47416e-09 0.175042 0.0294351 0 0 0 0
553.339 2.54995 245.034 217.392 1.10512 0.9483 0.2 0.5 0.6 1.2 1.5 1.3 2.2 3.5 3.3 3.8 4.3 4.9 0.0941259 0.0016339 0.236169 0.454988 3.65389e-08 0.000156036 0.236152 0.0818998 0 0 0 0 0.0531011 0.299017 1.45244e-06 0.0314369 1.07567e-06 0.391847 0.166502 0.00639359 0 0 0 0
543.072 2.50263 240.652 213.009 1.09789 0.992703 0.4 0.4 0.5 1.2 1.5 2.2 2.3 3.4 3.5 4.1 4.6 5.1 0.124937 0.179467 8.33468e-09 0.363029 0.192423 9.5388e-10 0.14639 0.0916441 0 0 0 0 0.219242 0.0112327 0.101121 0.317065 0.16355 3.20884e-11 0.16546 0.0150318 0 0 0 0
537.931 2.47894 238.426 210.784 1.09799 1.03689 0.3 0.5 1.2 1.5 1.6 2.2 2.3 3.5 3.4 3.9 4.4 4.9 0.222921 0.0304932 0.55643 3.02744e-05 4.56188e-06 0.156296 0.0464692 0.0853447 0 0 0 0 0.113742 0.216164 0.340116 0.145159 0.000551747 4.51333e-07 0.186304 0.0348549 0 0 0 0
565.765 2.60721 250.231 222.589 1.09357 0.941743 0.3 0.5 0.6 1.2 1.4 1.5 2.1 3.3 3.1 3.6 4.1 4.6 0.112551 0.000578003 0.232908 0.422822 1.97799e-08 7.52437e-08 0.234962 0.0897467 0 0 0 0 0.132641 0.177044 2.21873e-09 0.425813 0.00159729 8.02754e-08 0.19451 0.0101386 0 0 0 0
555.158 2.55833 245.803 218.16 1.09432 0.986399 0.4 0.6 0.1 1.3 1.5 1.6 2.2 3.4 3.4 4 4.6 5.2 7.49551e-08 0.348452 0.0490004 0.409997 1.1361e-08 8.2377e-09 0.202162 0.0847108 0 0 0 0 0.0387612 0.267426 0.0707621 0.401965 2.2617e-08 7.3845e-09 0.187606 0.0198779 0 0 0 0
550.398 2.5364 243.788 216.145 1.10217 0.943745 0.2 0.4 0.5 1.1 1.5 2.1 2.2 3.4 3.4 4 4.6 5.1 0.159666 0.0456218 0.00079332 0.522093 0.0755742 0.0366394 0.173006 0.088776 0 0 0 0 0.018889 0.265875 3.55494e-07 0.334478 0.161458 6.41932e-09 0.155244 0.0078011 0 0 0 0
545.444 2.51357 241.672 214.029 1.09827 0.978731 0.0001 0.4 0.5 1.2 1.4 2.1 2.2 3.4 3.2 3.7 4.2 4.8 0.0933166 1.09844e-05 0.176462 0.533995 0.00340247 1.93811e-07 0.202988 0.0880913 0 0 0 0 4.06254e-10 0.286326 0.0254405 0.367263 0.0963281 1.4964e-10 0.185242 0.018131 0 0 0 0
546.724 2.51946 242.22 214.578 1.1093 0.959597 0.3 0.5 0.6 1.1 1.4 1.5 2.2 3.6 3.2 3.8 4.3 4.8 0.197686 3.14958e-05 0.0232338 0.551211 1.34182e-08 2.90886e-09 0.258007 0.0791269 0 0 0 0 0.134676 0.167533 0.00353883 0.253931 0.216378 2.11036e-05 0.170587 0.0129322 0 0 0 0
566.434 2.61029 250.508 222.865 1.08146 0.962969 0.5 0.2 0.5 1.1 1.4 2 2.1 3.1 3.3 3.9 4.5 5.1 0.193114 0.0850392 0.0237232 0.242839 0.279987 0.0452649 0.100786 0.110703 0 0 0 0 0.134852 0.0884389 0.0764892 0.305984 0.143374 1.54959e-06 0.191381 0.0224484 0 0 0 0
551.384 2.54094 244.206 216.564 1.09424 0.969982 0.4 0.5 1 1.3 1.5 2.1 2.2 3.3 3.3 3.9 4.4 4.9 0.302547 0.00142094 0.0465767 0.482463 1.28463e-09 2.53403e-08 0.164202 0.09703 0 0 0 0 0.300139 1.38493e-08 0.112878 0.363177 6.46233e-12 2.59313e-10 0.180496 0.0132924 0 0 0 0
546.739 2.51954 242.227 214.584 1.09977 0.964909 0.3 0.3 0.5 1.2 1.5 2.1 2.2 3.4 3.4 4 4.5 5.1 0.107221 0.107221 0.0429218 0.551216 0.000137905 9.26432e-08 0.202427 0.0886299 0 0 0 0 0.000344421 0.122447 0.195965 0.379107 0.0787578 1.13062e-09 0.174316 0.0139727 0 0 0 0
537.242 2.47577 238.126 210.484 1.0991 1.0343 0.2 0.5 1.1 1.5 1.3 2.2 2.3 3.5 3.5 4.1 4.6 5.2 0.160512 0.0675548 0.382511 2.34399e-05 0.19354 0.193724 0.0145795 0.0866499 0 0 0 0 0.053969 0.302345 1.56718e-06 0.0333683 0.422873 3.25021e-05 0.188486 0.0332262 0 0 0 0
549.569 2.53257 243.435 215.792 1.10057 0.979454 0.3 0.5 0.6 1.2 1.5 2.1 2.2 3.5 3.3 3.8 4.4 4.9 0.135953 2.70795e-07 0.187315 0.46493 2.20257e-11 6.0993e-09 0.232121 0.0802507 0 0 0 0 0.125301 0.193371 1.19532e-05 0.382691 0.075675 8.70859e-08 0.183292 0.0191119 0 0 0 0
551.68 2.5423 244.332 216.689 1.09404 0.959194 0.3 0.5 0.5 1.1 1.5 2.1 2.2 3.3 3.3 3.9 4.4 5 0.228119 0.00153008 0.00104165 0.447986 0.150374 1.76264e-07 0.172129 0.0928553 0 0 0 0 0.14455 0.146796 0.0018004 0.325704 0.164755 9.84794e-08 0.163496 0.0120936 0 0 0 0
547.493 2.52301 242.549 214.907 1.09279 0.986483 0.4 0.5 1.2 1.4 1.5 2.1 2.2 3.3 3.4 3.9 4.4 5 0.302045 0.00186711 0.320907 0.212632 3.3215e-07 1.53582e-09 0.156895 0.0984474 0 0 0 0 0.298864 0.00968026 0.384798 0.0818349 1.56401e-09 1.92772e-08 0.192562 0.0187432 0 0 0 0
549.569 2.53257 243.435 215.792 1.10056 0.979458 0.3 0.5 0.6 1.2 1.5 1.8 2.2 3.5 3.4 4 4.6 5.1 0.135954 2.6425e-07 0.187312 0.464932 1.14385e-09 1.63389e-10 0.23212 0.0802457 0 0 0 0 0.125299 0.193384 7.88118e-07 0.382694 0.0756717 4.24826e-11 0.183294 0.0191158 0 0 0 0
549.569 2.53257 243.435 215.792 1.10057 0.979457 0.3 0.6 0.5 1.2 1.5 1.6 2.2 3.5 3.3 3.9 4.4 5 0.135955 0.187313 1.60321e-07 0.464932 1.95718e-10 1.70179e-09 0.232121 0.0802452 0 0 0 0 0.125298 2.09136e-08 0.193385 0.382693 0.0756732 1.41929e-09 0.183293 0.0191147 0 0 0 0
539.093 2.4843 238.931 211.289 1.101 1.01082 0.0001 0.5 0.9 1.3 1.6 2.2 2.3 3.5 3.5 4 4.6 5.1 0.101728 0.127086 0.190682 0.377419 0.0445231 0.000166755 0.175946 0.0834512 0 0 0 0 0.0374387 0.316959 0.0137013 0.397929 0.0474733 8.90159e-08 0.172906 0.0244162 0 0 0 0
546.752 2.5196 242.232 214.59 1.09974 0.96515 0.3 0.6 0.5 1.2 1.5 2.1 2.2 3.4 3.4 4 4.5 5 0.224942 0.0339854 0.000602865 0.548862 8.6638e-08 1.58321e-08 0.202829 0.0885173 0 0 0 0 0.12264 4.35309e-09 0.196234 0.378782 0.0790966 1.2856e-09 0.174356 0.0140429 0 0 0 0
564.623 2.60195 249.758 222.116 1.08187 0.963515 0.0001 0.4 0.5 1.1 1.4 2.1 2 3.1 3.3 3.9 4.4 4.9 0.0669978 0.0116576 0.207493 0.31382 0.195279 1.03308e-05 0.173641 0.112974 0 0 0 0 0.0168527 0.264226 2.23441e-05 0.341449 0.124748 0.194147 1.53918e-08 0.0220707 0 0 0 0
563.954 2.59887 249.481 221.838 1.08194 0.964323 0.0001 0.5 1.1 1.2 1.4 2 2.1 3.1 3.3 3.9 4.4 4.9 0.0630134 0.236563 0.180686 0.152411 0.163267 0.171043 0.00153119 0.113421 0 0 0 0 0.0529509 0.272272 2.09588e-07 0.386696 0.0327727 3.60078e-09 0.197775 0.0218573 0 0 0 0
534.15 2.46152 236.776 209.133 1.10083 1.05777 0.2 0.5 1.1 1.5 1.6 2.2 2.4 3.6 3.5 4.1 4.7 5.2 0.119056 0.154705 0.336121 0.253644 0.000118535 0.0147014 0.144216 0.0782728 0 0 0 0 0.0621894 0.275217 0.219537 0.292118 0.000244521 1.51788e-08 0.171112 0.0373506 0 0 0 0
551.613 2.542 244.304 216.661 1.08784 0.985234 0.4 0.5 0.4 1.2 1.6 2.2 2.1 3.2 3.6 4.2 4.8 5.4 0.190753 0.0469573 0.0721973 0.388197 0.170972 0.110242 1.32209e-06 0.108523 0 0 0 0 0.290662 1.81287e-07 0.0147884 0.426567 0.0492405 0.186483 1.72197e-05 0.0174754 0 0 0 0
19962.3 91.992 1084.07 1056.43 1.60102 2.08378 0.2 0.8 0.9 1 1.7 2.1 2.2 2.9 3.3 3.8 4.3 4.9 1.80411e-14 3.2474e-14 1.62093e-14 1.45217e-13 4.46154e-12 0.0103277 0.895025 0.695672 0 0 0 0 0.184807 6.1905e-09 0.604735 0.139879 0.542017 0.167797 5.23591e-10 0.444544 0 0 0 0
19632.3 90.4715 1080.17 1052.53 1.71638 2.23779 0.0001 0.6 0.9 0.8 1.7 2.2 2.3 3.1 3.5 4 4.5 5.1 1.33743e-12 3.18634e-14 8.32667e-16 4.34985e-13 1.55259e-12 0.040233 1 0.676145 0 0 0 0 0.137753 0.0155765 0.787108 0.00194879 0.559237 5.43243e-06 0.268507 0.467656 0 0 0 0
19910 91.751 1083.46 1055.82 1.6058 2.12315 0.0001 0.8 0.9 0.8 1.8 2.2 2.2 2.9 3.5 4 4.5 5 2.51527e-12 4.21885e-15 3.76738e-12 1.68754e-14 9.33438e-10 0.565141 0.339033 0.701625 0 0 0 0 0.142721 1.88655e-09 0.810893 2.08261e-12 0.685971 1.24225e-10 2.87961e-10 0.483566 0 0 0 0
19943.5 91.9053 1083.85 1056.21 1.60213 2.08925 0.0001 0.8 0.9 1.3 1.7 2.1 2.2 2.9 3.4 3.9 4.5 5.1 3.54444e-12 3.41282e-10 9.62938e-11 1.61498e-11 5.04814e-10 0.000289725 0.90272 0.699123 0 0 0 0 0.137878 0.168129 0.603651 5.53395e-08 0.581 0.145735 1.16383e-07 0.452861 0 0 0 0
551.71 2.54244 244.345 216.702 1.09403 0.959562 0.3 0.5 0.5 1.1 1.5 2.1 2.2 3.3 3.3 3.8 4.4 4.9 0.229455 0.000214786 6.37572e-06 0.450455 0.148435 2.78888e-08 0.172715 0.0927495 0 0 0 0 0.144481 0.127891 0.0208508 0.325587 0.164944 1.62187e-08 0.163623 0.0121858 0 0 0 0
532.674 2.45472 236.128 208.486 1.10389 1.06569 0.2 0.5 0.8 1.3 1.7 2.3 2.4 3.7 3.5 4.1 4.7 5.3 0.131061 0.00228232 0.318182 0.358501 0.00157152 0.207135 0.0130499 0.0721082 0 0 0 0 0.0577407 0.285427 0.03216 0.385918 0.0906141 0.00101956 0.170878 0.0419285 0 0 0 0
539.422 2.48581 239.074 211.431 1.10103 1.00817 0.4 0.5 0.6 1.3 1.5 2.2 2.3 3.5 3.5 4.1 4.6 5.2 0.305945 3.19008e-06 0.0107828 0.528203 2.27203e-07 6.1343e-09 0.170322 0.0857728 0 0 0 0 0.196853 0.150792 0.000319568 0.435871 0.0236371 7.02291e-09 0.177871 0.0228247 0 0 0 0
549.093 2.53038 243.232 215.589 1.101 0.977619 0.3 0.6 1.3 0.9 1.5 1.6 2.2 3.5 3.3 3.9 4.5 5.1 0.182374 3.71545e-07 0.282942 0.324299 8.99644e-09 7.5062e-09 0.230842 0.0805448 0 0 0 0 0.166762 0.160334 0.386234 0.0627139 3.0818e-07 1.01076e-09 0.183758 0.0178176 0 0 0 0
537.953 2.47905 238.436 210.793 1.09912 1.0284 0.0001 0.5 1.1 1.4 1.5 2.2 2.3 3.5 3.3 3.9 4.5 5 0.104938 0.138973 0.403234 0.156501 0.0137832 0.135113 0.0608891 0.0856867 0 0 0 0 0.0457475 0.29335 0.166626 0.308616 2.10502e-05 7.09042e-08 0.182299 0.0317394 0 0 0 0
538.892 2.48337 238.844 211.201 1.09915 1.02196 0.3 0.6 0.4 1.1 1.5 2.2 2.3 3.5 3.5 4.1 4.7 5.3 0.232361 0.00195697 7.32039e-08 0.426683 0.18319 3.09861e-05 0.171765 0.0831599 0 0 0 0 0.0255395 2.32405e-07 0.267167 0.315549 0.208843 2.72622e-08 0.175282 0.0295769 0 0 0 0
578.351 2.66521 255.38 227.737 1.07895 0.977381 0.2 0.4 0.3 1 1.2 1.3 2 3.1 3.2 3.8 4.4 5 0.0910871 0.0301091 0.0844512 0.319464 0.030608 0.221141 0.193303 0.108788 0 0 0 0 0.042386 0.186209 0.0248096 0.237453 0.212297 0.000550582 0.238531 0.0351459 0 0 0 0
548.705 2.52859 243.067 215.424 1.09396 0.979184 0.4 0.5 0.6 1.2 1.5 2.1 2.2 3.3 3.3 3.9 4.4 4.9 0.301973 1.06701e-07 2.34696e-10 0.385532 0.156751 5.16344e-07 0.1501 0.099607 0 0 0 0 0.305245 1.30938e-06 7.40426e-08 0.415335 0.05474 9.35643e-10 0.186924 0.0169386 0 0 0 0
549.616 2.53279 243.455 215.812 1.09929 0.988341 0.4 0.6 0.5 1.2 1.5 1.6 2.2 3.5 3.4 3.9 4.4 4.9 0.232656 0.0784497 1.14349e-07 0.478639 6.64086e-08 1.48984e-08 0.229451 0.0800963 0 0 0 0 0.303267 0.000231114 0.0031803 0.410927 0.0582553 8.63102e-08 0.189706 0.0227744 0 0 0 0
554.026 2.55312 245.325 217.682 1.09431 0.986362 0.3 0.6 0.7 1.3 1.5 1.8 2.2 3.4 3.3 3.9 4.5 5.1 0.134006 4.61159e-12 0.280435 0.390643 3.14712e-08 7.99945e-09 0.204835 0.0843866 0 0 0 0 0.178344 0.0300882 0.175283 0.394528 6.15437e-08 5.12256e-10 0.188944 0.0191757 0 0 0 0
549.616 2.53279 243.455 215.812 1.0993 0.98833 0.6 0.4 0.5 1.2 1.5 1.6 2.2 3.5 3.3 3.9 4.5 5.1 0.0784502 0.232657 1.90402e-07 0.478636 1.94616e-07 5.68183e-09 0.229456 0.0800976 0 0 0 0 0.000153335 0.303202 0.00332058 0.41092 0.0582643 5.49888e-10 0.189699 0.022771 0 0 0 0
540.37 2.49018 239.485 211.842 1.10502 1.00513 0.4 0.6 1.1 1.4 1.6 2.2 2.3 3.6 3.4 3.9 4.5 5.1 0.268551 8.60606e-08 0.378193 0.169538 3.95998e-06 4.61199e-05 0.212952 0.0757381 0 0 0 0 0.270689 0.0650316 0.158676 0.317872 2.0713e-10 3.07972e-09 0.1729 0.0199608 0 0 0 0
561.514 2.58762 248.466 220.824 1.08964 0.939567 0.3 0.5 0.4 1.2 1.4 1.2 2.1 3.2 3.3 3.9 4.5 5 0.179039 0.0738008 0.0177116 0.260716 8.03847e-07 0.264251 0.195358 0.0987611 0 0 0 0 0.0972987 0.127084 0.0819908 0.359915 2.03011e-09 0.0719756 0.189793 0.0115099 0 0 0 0
547.47 2.5229 242.539 214.897 1.09269 0.986758 0.4 0.5 1.2 1.4 1.5 2.1 2.2 3.3 3.3 3.8 4.3 4.8 0.303435 7.63072e-06 0.322811 0.211028 8.31765e-07 8.81946e-06 0.157014 0.0983828 0 0 0 0 0.298865 0.00969224 0.384824 0.0818456 2.26241e-07 6.92538e-08 0.192694 0.0188358 0 0 0 0
539.447 2.48593 239.085 211.442 1.09492 1.05392 0.4 0.4 0.9 1.3 1.6 2.2 2.3 3.5 3.6 4.2 4.8 5.3 0.0537638 0.256274 0.00864141 0.525834 1.25589e-08 5.69409e-10 0.16653 0.0838804 0 0 0 0 0.26004 0.0412582 0.0776684 0.414514 0.0197197 4.72141e-07 0.200712 0.040009 0 0 0 0
549.458 2.53206 243.388 215.745 1.10166 0.947839 0.0001 0.6 1.2 1.3 1.5 1.7 2.2 3.4 3.4 4 4.6 5.2 0.109041 0.193797 0.383787 0.123269 6.17247e-05 2.22248e-05 0.20304 0.0886421 0 0 0 0 0.0741482 0.310946 9.01507e-09 0.35885 0.0328805 1.1837e-11 0.162412 0.0086025 0 0 0 0
