Chi2   rChi2   BIC   AIC    Qichtot    Qimtot  R[0]  R[1]  R[2]  R[3]  R[4]  R[5]  R[6]  R[7]  R[8]  R[9]  R[10]  R[11]  Q0ch    Q1ch    Q2ch    Q3ch    Q4ch    Q5ch    Q6ch    Q7ch    Q8ch    Q9ch    Q10ch    Q11ch    Q0m    Q1m    Q2m    Q3m    Q4m    Q5m    Q6m    Q7m    Q8m    Q9m    Q10m    Q11m
519.552 2.39425 230.292 202.649 1.0375 1.08785 0.2 0.5 0.7 1.2 1.4 1.9 2.1 3.1 3.3 3.8 4.3 4.8 0.0742314 0.220594 0.0286405 0.328654 0.1208 0.15271 1.29078e-07 0.111869 0 0 0 0 0.0825801 0.239605 5.14965e-09 0.447429 0.0014415 3.05297e-10 0.255426 0.0613664 0 0 0 0
510.425 2.35219 226.144 198.502 1.04796 1.12237 0.3 0.6 0.8 1.3 1.6 2.1 2.4 3.4 3.3 3.8 4.3 4.9 0.156994 0.00026875 0.287207 0.342777 2.62123e-08 0.12704 0.0563697 0.0773078 0 0 0 0 0.174907 0.065774 0.227287 0.185837 0.242574 2.7018e-08 0.183896 0.0420905 0 0 0 0
557.9 2.57097 246.955 219.313 1.00474 1.0832 0.2 0.5 0.7 1.1 1.4 1.8 1.9 2.8 3.1 3.7 4.3 4.9 1.94996e-05 0.289545 0.132612 0.00154466 0.397586 0.0561147 2.74178e-07 0.127318 0 0 0 0 0.134703 0.0345847 0.169126 0.354835 0.00553058 0.0017197 0.290857 0.0918385 0 0 0 0
529.44 2.43981 234.703 207.061 1.03665 1.07888 0.0001 0.6 0.8 1.4 1.6 2.1 2.2 3.2 3.3 3.9 4.4 4.9 0.0876092 2.09136e-07 0.439691 0.26067 1.5449e-07 0.134145 0.0308909 0.0836441 0 0 0 0 0.0910527 0.16807 0.217734 0.344284 1.14562e-11 8.03245e-11 0.210863 0.0468751 0 0 0 0
518.497 2.38939 229.816 202.173 1.03099 1.09864 0.3 0.5 1.1 1.4 1.5 2.1 2.1 3 3.4 3.9 4.4 5 0.00159767 0.387528 3.74666e-05 0.235293 0.274483 0.000558086 1.10075e-06 0.131496 0 0 0 0 0.15297 0.143012 0.341767 0.149305 3.59882e-05 0.140719 0.106041 0.0647863 0 0 0 0
474.84 2.1882 209.234 181.592 1.07208 1.22736 0.3 0.6 0.8 1.3 1.6 2.1 3.8 2.9 3.4 3.9 4.5 5 0.158147 8.44932e-06 0.291229 0.328264 2.09517e-09 0.175381 0.070533 0.0485135 0 0 0 0 0.184877 0.0504547 0.21785 0.2991 0.0833055 0.22683 0.0410361 0.123906 0 0 0 0
548.865 2.52933 243.135 215.492 1.01371 1.09472 0.2 0.4 0.6 1.1 1.3 1.6 2 2.9 3.2 3.7 4.3 4.8 0.03614 0.0526769 0.269655 0.247915 0.00169353 0.257899 0.0277017 0.120025 0 0 0 0 0.0441506 0.230296 5.13061e-05 0.411607 0.055194 9.95822e-05 0.275392 0.0779294 0 0 0 0
548.78 2.52894 243.099 215.456 1.01338 1.09385 0.2 0.5 0.6 1.1 1.4 1.7 2 2.9 3.2 3.8 4.3 4.9 0.0538665 0.0436721 0.253743 0.268932 0.0429803 0.23076 1.70213e-08 0.119431 0 0 0 0 0.10092 0.188795 0.00064538 0.397645 0.0572167 2.73397e-08 0.269691 0.0789399 0 0 0 0
540.746 2.49192 239.647 212.005 1.01853 1.10069 0.0001 0.5 0.7 1.1 1.5 1.6 2.1 3 3.4 4 4.5 5.1 0.0574229 0.0634348 0.272048 0.227429 8.5141e-06 0.225428 0.0691557 0.1036 0 0 0 0 0.0640404 0.242789 2.57263e-05 0.356586 0.132494 2.54813e-06 0.236392 0.0683553 0 0 0 0
542.692 2.50088 240.488 212.846 1.01344 1.08961 0.1 0.4 0.7 1.2 1.5 1.7 2.1 2.9 3.4 4 4.6 5.2 0.0683579 2.25791e-05 0.373989 0.209945 3.38218e-06 0.242163 3.51059e-09 0.118957 0 0 0 0 1.29207e-07 0.295016 0.0410111 0.385777 0.0784046 5.85492e-08 0.220734 0.0686627 0 0 0 0
499.655 2.30256 221.154 193.512 1.0557 1.13886 0.0001 0.5 0.7 1.2 1.5 2 2.5 3.5 3.3 3.9 4.4 4.9 0.0823088 0.000568148 0.30275 0.365031 1.71539e-10 0.167592 0.061349 0.076105 0 0 0 0 0.0882314 8.34983e-07 0.40156 0.0166872 0.369567 0.0619329 0.159486 0.041398 0 0 0 0
535.378 2.46718 237.313 209.671 1.0194 1.10118 0.3 0.4 0.7 1.2 1.6 2.1 2.2 3 3.3 3.9 4.5 5.1 0.121415 1.65176e-05 0.284416 0.258653 0.173845 0.0753347 3.81282e-07 0.105716 0 0 0 0 6.95356e-05 0.291942 0.0510087 0.37311 0.126023 4.50547e-09 0.20031 0.058713 0 0 0 0
508.309 2.34244 225.172 197.53 1.03975 1.12216 0.3 0.5 1 1.4 1.5 2.2 1.9 3.2 3.5 4 4.5 5 0.114736 0.185336 0.148602 0.391128 0.00012455 0.0790161 0.0185614 0.102247 0 0 0 0 0.157241 0.126528 0.255693 0.282874 6.52626e-09 0.237456 9.90103e-09 0.0623659 0 0 0 0
567.221 2.61392 250.833 223.19 0.997056 1.059 0.2 0.5 0.7 1.2 1.4 1.8 1.9 2.7 3.1 3.6 4.1 4.6 1.66256e-06 0.304223 0.112202 5.49939e-07 0.419112 0.0277098 0.0001128 0.133694 0 0 0 0 0.103203 0.117682 0.155497 0.345808 0.000700294 1.80206e-06 0.244583 0.0915218 0 0 0 0
557.955 2.57122 246.978 219.336 1.00473 1.08325 0.2 0.5 0.7 1.1 1.4 1.8 1.9 2.8 3.2 3.7 4.2 4.7 0.000705017 0.286755 0.135552 0.000358755 0.398052 0.0551749 0.000960725 0.127174 0 0 0 0 0.135301 0.032509 0.170489 0.356862 0.0013531 0.00974993 0.284924 0.0920594 0 0 0 0
550.695 2.53777 243.914 216.271 1.01232 1.10063 0.2 0.5 0.8 1.3 1.4 1.7 2 2.9 3.1 3.7 4.2 4.8 0.0539647 0.142983 0.297143 0.0217918 0.198389 0.177832 5.76156e-06 0.120214 0 0 0 0 0.144141 0.0115232 0.328435 0.270724 3.82171e-06 9.35398e-10 0.25954 0.0862596 0 0 0 0
569.724 2.62546 251.863 224.221 1.00627 1.06486 0.0001 0.5 0.6 1.2 1.4 1.8 1.9 2.7 3.1 3.6 4.2 4.8 0.0262657 0.30132 0.0028018 0.232813 0.289887 1.05798e-08 5.5527e-09 0.153185 0 0 0 0 0.0760143 0.000747752 0.306755 0.301169 0.0482049 2.76357e-05 0.23538 0.0965631 0 0 0 0
536.719 2.47336 237.899 210.256 1.02128 1.06611 0.3 0.5 1.1 1.4 1.5 2 1.9 2.9 3.4 3.9 4.5 5.1 0.00862291 0.380447 9.09864e-07 0.254312 0.249585 4.7186e-07 2.14513e-06 0.128309 0 0 0 0 0.171484 0.10401 0.419804 0.044004 4.02198e-05 0.261292 1.80138e-07 0.0654792 0 0 0 0
513.882 2.36812 227.724 200.081 1.0342 1.11713 0.4 0.5 0.4 1.2 1.5 2.1 2.2 3.1 3.5 4.1 4.6 5.2 0.0886549 0.206211 0.04771 0.220837 0.310825 0.014913 0.0291435 0.115906 0 0 0 0 0.23897 0.0962884 0.000563376 0.363108 0.131385 4.36476e-07 0.22458 0.0622385 0 0 0 0
520.545 2.39883 230.739 203.096 1.0318 1.12511 0.3 0.6 0.9 1.4 1.5 2 2.3 3.2 3.3 3.9 4.5 5.1 0.163175 3.41132e-07 0.394873 0.219035 3.18058e-08 0.128669 0.0352964 0.0907559 0 0 0 0 0.151525 0.200965 0.0992092 0.402501 4.67564e-05 0.0169303 0.202124 0.0518115 0 0 0 0
550.028 2.53469 243.63 215.988 1.01306 1.10032 0.0001 0.5 0.6 1.2 1.5 1.9 2 2.9 3.3 3.9 4.4 5 0.0119977 0.166062 0.211954 0.200842 0.239376 0.0614276 0.000660393 0.120744 0 0 0 0 0.0838354 1.38748e-05 0.281966 0.382592 1.87034e-09 2.25779e-09 0.267579 0.0843354 0 0 0 0
583.096 2.68708 257.292 229.649 0.989254 1.03584 0.2 0.6 0.7 1.2 1.4 1.8 1.5 2.6 3.1 3.6 4.2 4.7 0.0420233 0.381889 0.00190888 2.89254e-07 0.353824 1.32403e-06 0.0695569 0.140051 0 0 0 0 0.126682 0.00573302 0.283483 0.263568 0.00323414 0.250919 0.00154689 0.10067 0 0 0 0
523.428 2.41211 232.031 204.388 1.03305 1.09957 0.0001 0.3 0.8 1.3 1.6 2.1 2.2 3.2 3.4 3.9 4.4 5 0.0890835 0.000326165 0.418333 0.220809 0.0548859 0.165354 3.04128e-07 0.084258 0 0 0 0 5.05851e-06 0.19884 0.246759 0.308809 0.0697064 1.90106e-08 0.22176 0.0536937 0 0 0 0
527.434 2.43057 233.815 206.172 1.03535 1.08314 0.3 0.5 1.1 0.7 1.6 2.1 2.2 3.2 3.4 4 4.5 5 0.160167 5.47126e-06 0.413088 0.134556 0.0696494 0.175246 1.10333e-09 0.0826348 0 0 0 0 0.157376 0.130937 0.387934 1.37157e-10 0.151982 7.18298e-09 0.20557 0.0493434 0 0 0 0
521.956 2.40533 231.372 203.729 1.0355 1.08513 0.5 0.4 0.5 1.2 1.5 2 2.1 3 3.5 4 4.6 5.2 0.269162 0.000443948 0.119921 0.067593 0.447212 1.92253e-06 2.96791e-06 0.131161 0 0 0 0 9.50937e-07 0.309498 1.92158e-08 0.464584 0.00567165 8.0322e-05 0.247111 0.0581874 0 0 0 0
527.434 2.43057 233.815 206.172 1.03536 1.08314 0.3 0.5 1.1 0.7 1.6 2.1 2.2 3.2 3.4 3.9 4.5 5 0.160159 9.22401e-06 0.413078 0.134567 0.0696664 0.175236 1.77396e-07 0.0826425 0 0 0 0 0.157376 0.130938 0.387935 6.92426e-10 0.15198 8.68544e-12 0.205569 0.0493411 0 0 0 0
525.853 2.42329 233.113 205.47 1.03185 1.09897 0.2 0.7 0.8 1.3 1.5 1.6 2.2 3.2 3.4 4 4.6 5.2 0.111892 0.00107456 0.38457 0.205185 3.17839e-07 0.116904 0.131593 0.0806278 0 0 0 0 0.129246 0.301906 1.46287e-07 0.296979 0.0937812 9.45945e-08 0.22404 0.0530201 0 0 0 0
498.944 2.29928 220.821 193.178 1.0546 1.14291 0.0001 0.5 0.7 1.3 1.6 2.1 2.5 3.5 3.4 3.9 4.5 5 0.0745656 5.74359e-08 0.353086 0.360698 4.33391e-09 0.13484 0.0558516 0.075559 0 0 0 0 0.0890708 1.05719e-10 0.396318 0.124307 0.302549 0.0230437 0.166057 0.0415677 0 0 0 0
492.705 2.27053 217.877 190.234 1.06405 1.14205 0.3 0.5 0.6 1 1.4 1.8 3.6 2.6 3.1 3.7 4.3 4.8 0.172236 0.000663906 0.0201515 0.485104 3.48004e-08 0.223763 0.0701083 0.092025 0 0 0 0 0.180189 4.61404e-07 0.110134 0.302491 0.117648 0.25395 0.0328533 0.14478 0 0 0 0
567.839 2.61677 251.088 223.445 1.00228 1.06037 0.2 0.6 0.8 1.3 1.4 1.7 1.9 2.8 3.1 3.6 4.1 4.7 0.0788105 0.324018 5.73485e-07 3.26627e-07 0.401308 0.0802516 4.20666e-09 0.117894 0 0 0 0 0.143178 2.65175e-06 0.356625 0.216346 5.17435e-06 2.15173e-09 0.25886 0.0853503 0 0 0 0
551.807 2.54289 244.386 216.743 1.01104 1.08072 0.1 0.5 1.1 1.1 1.5 1.8 2 2.9 3.3 3.8 4.4 4.9 0.0296795 0.265666 0.0519744 0.339395 0.00156334 0.214389 1.38022e-06 0.108374 0 0 0 0 0.0762508 0.216523 0.349302 0.0537187 0.051268 4.34701e-06 0.259946 0.0737098 0 0 0 0
540.988 2.49303 239.753 212.11 1.02074 1.09854 0.3 0.7 0.8 1.3 1.6 2.1 2 3 3.3 3.8 4.4 4.9 0.140264 0.0138273 0.330196 0.209499 0.116596 9.23894e-05 0.103373 0.106895 0 0 0 0 0.200364 9.83849e-11 0.239674 0.349071 8.44837e-10 0.244574 2.44019e-09 0.0648541 0 0 0 0
548.571 2.52798 243.01 215.367 1.01362 1.09216 0.3 0.5 0.6 1.1 1.4 1.7 2 2.9 3.3 3.9 4.4 4.9 0.0840239 0.0520644 0.195908 0.315508 0.00226604 0.244655 7.32495e-06 0.119189 0 0 0 0 0.17158 0.105297 1.3828e-05 0.424825 0.0408693 8.0289e-06 0.272463 0.0771084 0 0 0 0
519.129 2.3923 230.101 202.458 1.03761 1.08582 0.3 0.5 0.6 1.2 1.5 2 2.1 3.1 3.4 4 4.5 5.1 0.125556 0.11252 0.0875257 0.325849 0.170102 0.105393 1.93547e-05 0.110646 0 0 0 0 0.155405 0.0940252 0.0725577 0.44922 1.54978e-10 9.63442e-10 0.254751 0.0598573 0 0 0 0
552.64 2.54673 244.739 217.096 1.01156 1.10351 0.0001 0.5 0.9 1.4 1.6 2 1.9 2.9 3.3 3.9 4.4 4.9 0.0314255 0.211998 0.309605 0.0153378 0.321719 3.18147e-07 0.00132502 0.120151 0 0 0 0 0.0901443 0.12668 0.34421 0.202487 1.73257e-08 0.249815 1.11224e-08 0.0901719 0 0 0 0
541.566 2.49569 240.002 212.36 1.02066 1.0999 0.3 0.2 0.7 1.3 1.5 1.8 2.1 3 3.3 3.8 4.3 4.9 0.0207524 0.0690371 0.348716 0.305086 0.000496371 0.124352 0.0450559 0.107166 0 0 0 0 2.73881e-07 0.131276 0.29346 0.365996 6.20504e-13 1.7306e-09 0.242214 0.0669518 0 0 0 0
529.162 2.43853 234.58 206.938 1.0353 1.08013 0.2 0.4 0.7 1 1.5 1.6 2.2 3.2 3.3 3.9 4.5 5 0.114923 0.000411353 0.164846 0.357132 1.75134e-06 0.188156 0.129222 0.0806062 0 0 0 0 0.0586833 0.195267 4.74677e-08 0.341999 0.228742 4.52331e-10 0.20772 0.0477215 0 0 0 0
549.318 2.53142 243.328 215.686 1.01286 1.09723 0.3 0.6 1 1.3 1.5 1.9 2 2.9 3.2 3.7 4.2 4.7 0.0827741 0.266604 0.178491 0.022577 0.278952 0.0641284 5.73847e-06 0.119329 0 0 0 0 0.200668 0.0606293 0.305059 0.180949 0.000143551 1.4645e-06 0.268349 0.0814317 0 0 0 0
549.456 2.53205 243.387 215.744 1.01285 1.0972 0.3 0.6 0.4 1 1.4 1.7 2 2.9 3.2 3.8 4.3 4.9 0.079929 0.215434 0.0264521 0.234407 0.131493 0.205362 9.78149e-07 0.119769 0 0 0 0 0.179228 5.86878e-07 0.0539471 0.389133 0.129697 4.76631e-10 0.262606 0.0825851 0 0 0 0
597.49 2.75341 262.998 235.355 0.989485 1.03622 0.2 0.5 0.8 1.3 1.4 1.7 1.6 2.6 3.1 3.6 4.1 4.7 0.00179987 0.34223 0.0523071 0.111068 0.340773 7.95577e-07 4.50059e-08 0.141306 0 0 0 0 0.138151 1.06926e-12 0.386086 0.100029 4.53091e-09 0.293002 9.45277e-12 0.118949 0 0 0 0
519.591 2.39443 230.309 202.667 1.03774 1.08414 0.0001 0.4 0.5 1.2 1.5 2 2.1 3.1 3.5 4 4.6 5.2 0.00485318 0.219756 0.0847516 0.360328 0.147604 0.110226 5.46307e-05 0.110165 0 0 0 0 0.0369635 0.110323 0.172212 0.45174 1.10629e-10 2.19696e-12 0.253715 0.0591896 0 0 0 0
538.347 2.48086 238.607 210.965 1.01709 1.07876 0.2 0.5 0.6 1.2 1.5 1.9 2 2.9 3.3 3.8 4.3 4.9 0.0168552 0.356654 0.000661324 0.119858 0.399087 2.78473e-09 1.0327e-08 0.123972 0 0 0 0 0.0959859 0.10377 0.147691 0.401345 1.31103e-07 1.4738e-07 0.253527 0.0764392 0 0 0 0
597.49 2.75341 262.998 235.356 0.989453 1.03611 0.2 0.5 0.8 1.3 1.4 1.7 1.6 2.6 3.1 3.7 4.2 4.8 0.00313279 0.33764 0.0579684 0.101531 0.348005 1.29469e-10 3.12596e-07 0.141175 0 0 0 0 0.138148 1.01798e-09 0.386078 0.100023 4.34805e-10 0.292964 1.17488e-09 0.118898 0 0 0 0
536.097 2.47049 237.627 209.985 1.0267 1.08433 0.2 0.7 0.5 1.2 1.5 1.8 2.1 3.1 3.4 3.9 4.4 5 0.0947398 0.272474 0.0189979 0.345958 8.39953e-07 0.0926586 0.112819 0.0890511 0 0 0 0 0.0821845 1.06954e-05 0.240458 0.445456 0.00314453 1.53897e-07 0.25399 0.0590831 0 0 0 0
538.229 2.48032 238.556 210.913 1.02748 1.07797 0.0001 0.5 0.7 1.2 1.5 1.7 2.1 3.1 3.4 3.9 4.5 5.1 0.0670781 0.0383435 0.295653 0.314084 3.47103e-06 0.0971617 0.127041 0.088117 0 0 0 0 0.0552916 0.273376 1.2459e-05 0.428909 0.0143384 2.0075e-07 0.248683 0.0573616 0 0 0 0
567.939 2.61723 251.129 223.486 1.00182 1.07854 0.2 0.5 0.8 1.3 1.4 1.7 1.9 2.8 3.1 3.6 4.2 4.8 0.0166936 0.277056 0.133183 0.219131 0.0954937 0.132949 0.00780597 0.119512 0 0 0 0 0.143928 7.45499e-07 0.357299 0.2172 5.49095e-07 8.46712e-08 0.259997 0.100112 0 0 0 0
550.14 2.53521 243.678 216.035 1.01239 1.08822 0.3 0.6 0.4 1 1.4 1.7 2 2.9 3.2 3.8 4.4 4.9 0.0884949 0.10903 0.0633822 0.367298 3.85423e-06 0.269223 1.52279e-05 0.114942 0 0 0 0 0.197118 0.0166666 0.0218176 0.385477 0.129114 4.18921e-10 0.259988 0.0780353 0 0 0 0
532.229 2.45267 235.933 208.29 1.02027 1.09694 0.0001 0.5 0.6 1 1.4 1.8 2.2 3 3.1 3.6 4.1 4.6 0.0738606 0.000401843 0.171443 0.417681 3.39293e-07 0.248965 2.59023e-08 0.107917 0 0 0 0 0.0447465 0.292979 0.00107778 0.148154 0.348811 4.19878e-07 0.204913 0.0562598 0 0 0 0
521.923 2.40517 231.357 203.714 1.035 1.08475 0.4 0.5 0.6 1.2 1.5 2 2.1 3 3.4 4 4.6 5.1 0.0645702 0.243708 0.0833981 0.0680394 0.443864 4.32797e-08 5.14616e-08 0.131417 0 0 0 0 0.309466 1.31645e-12 1.65454e-09 0.464704 0.00541491 2.47807e-06 0.247452 0.0577104 0 0 0 0
18291.4 84.2922 1063.62 1035.97 1.79926 2.15154 0.0001 0.8 0.9 1.1 1.6 2.1 2.2 2.9 3.4 4 4.5 5.1 3.59096e-12 5.12845e-12 1.92801e-12 5.47751e-12 1.04588e-10 0.601653 0.359328 0.838281 0 0 0 0 0.132355 0.579735 0.0131747 0.153089 0.545031 0.000461117 0.350564 0.37713 0 0 0 0
583.868 2.69064 257.601 229.959 0.988904 1.03551 0.3 0.5 0.6 0.9 1.3 1.6 1.8 2.6 3.1 3.6 4.1 4.6 2.91229e-06 0.312418 0.0692628 0.00265331 0.345481 0.120684 1.49982e-06 0.1384 0 0 0 0 0.192391 0.0164317 0.0109623 0.309238 0.15692 0.000140289 0.249062 0.100365 0 0 0 0
527.244 2.4297 233.731 206.088 1.03303 1.09141 0.3 0.7 0.8 1.1 1.5 1.6 2.2 3.2 3.4 3.9 4.4 4.9 0.160924 0.000301072 0.218307 0.281243 3.27841e-06 0.160715 0.131325 0.080214 0 0 0 0 0.194003 0.150405 4.9251e-07 0.278058 0.20195 1.70947e-08 0.215863 0.0511293 0 0 0 0
521.207 2.40187 231.036 203.393 1.0376 1.08329 0.1 0.5 1.2 1.5 1.3 2 2.1 3.1 3.5 4 4.6 5.1 0.039904 0.299049 0.0441969 0.0410019 0.388059 0.11545 0.00023976 0.109698 0 0 0 0 0.0608949 0.266829 0.414806 8.84974e-10 0.0286998 5.8327e-11 0.252265 0.059795 0 0 0 0
543.219 2.50331 240.715 213.073 1.01301 1.08887 0.2 0.4 0.7 1.2 1.5 1.8 2.1 2.9 3.4 3.9 4.4 4.9 0.0779717 0.012728 0.342945 0.194922 0.125962 0.141131 7.35926e-09 0.117347 0 0 0 0 0.000911254 0.292933 0.0426802 0.384731 0.0788746 2.15551e-06 0.220423 0.0683174 0 0 0 0
548.93 2.52963 243.162 215.52 1.0132 1.0933 0.3 0.5 0.6 1.1 1.4 1.8 2 2.9 3.2 3.7 4.2 4.8 0.0792892 0.00645633 0.280034 0.190012 0.195445 0.143566 3.7513e-06 0.11839 0 0 0 0 0.17442 0.0896285 0.0154177 0.419828 0.0439296 0.000264224 0.271862 0.0779515 0 0 0 0
549.218 2.53096 243.286 215.643 1.01289 1.09629 0.3 0.6 1.1 1.4 1.5 1.9 2 2.9 3.2 3.7 4.3 4.9 0.0760061 0.296061 0.194103 4.82522e-06 0.256589 0.0712431 1.45133e-06 0.118878 0 0 0 0 0.192872 0.0970803 0.405282 0.0334949 0.0177336 0.000525011 0.268938 0.0803616 0 0 0 0
520.219 2.39732 230.592 202.949 1.0322 1.12082 0.0001 0.5 0.7 1.3 1.6 2.1 2.3 3.2 3.3 3.9 4.5 5 0.070573 0.00109038 0.358556 0.353527 0.000538723 0.157715 3.08889e-06 0.0901985 0 0 0 0 0.046401 0.255553 0.0997253 0.344247 0.121159 1.19825e-07 0.203596 0.0501385 0 0 0 0
525.483 2.42158 232.948 205.305 1.03203 1.09941 0.2 0.7 0.8 1.3 1.5 1.7 2.2 3.2 3.4 4 4.6 5.1 0.112828 0.00129914 0.37752 0.239508 3.88842e-05 0.0946453 0.12486 0.0813326 0 0 0 0 0.129271 0.301873 2.50911e-07 0.297147 0.0936402 7.4643e-08 0.224226 0.0532542 0 0 0 0
543.601 2.50507 240.88 213.237 1.01308 1.08929 0.2 0.4 0.7 1.2 1.5 1.9 2.1 2.9 3.4 3.9 4.4 4.9 0.0771433 0.00756293 0.362881 0.133818 0.230721 0.0836298 1.52537e-09 0.11732 0 0 0 0 2.62611e-07 0.295218 0.0404157 0.386851 0.0774686 2.76042e-09 0.220962 0.0683733 0 0 0 0
536.965 2.47449 238.006 210.363 1.02546 1.10588 0.0001 0.4 0.7 1.4 1.6 2.1 2.2 3.1 3.4 4 4.5 5 0.0455489 0.0465085 0.364238 0.366055 0.00572843 0.000313238 0.105329 0.0917369 0 0 0 0 0.0944873 5.23811e-10 0.373141 0.366673 5.26462e-12 3.14241e-10 0.216045 0.0555393 0 0 0 0
556.106 2.5627 246.202 218.559 1.00569 1.08316 0.3 0.5 0.9 1.4 1.5 2 2 2.8 3.3 3.8 4.3 4.9 0.0132934 0.296556 0.181682 0.00060412 0.383099 5.45784e-08 2.10054e-07 0.130456 0 0 0 0 0.196043 0.0210174 0.321296 0.239377 4.49205e-06 0.218153 0.000249796 0.0870196 0 0 0 0
567.515 2.61527 250.954 223.311 0.996738 1.05792 0.3 0.5 0.8 1.2 1.4 1.8 1.9 2.7 3.2 3.8 4.3 4.9 8.84635e-05 0.328186 0.0985552 5.7431e-06 0.400968 0.0366796 9.36413e-06 0.132246 0 0 0 0 0.16863 0.0748726 0.146842 0.330938 0.000113653 1.20399e-06 0.245916 0.0906101 0 0 0 0
607.623 2.80011 266.933 239.291 0.98237 1.01595 0.2 0.5 0.8 0.7 1.3 1.6 1.4 2.5 3 3.5 4.1 4.7 3.36737e-05 0.360836 0.000626153 0.0108199 0.28656 1.24234e-06 0.171688 0.151804 0 0 0 0 0.135694 1.43758e-08 0.40022 2.75988e-07 0.0086049 0.347913 4.95863e-07 0.123517 0 0 0 0
535.871 2.46945 237.529 209.886 1.01914 1.10391 0.3 0.7 0.8 1.3 1.6 2.1 2.2 3 3.4 4 4.6 5.2 0.138816 2.21164e-05 0.355946 0.164355 0.186152 0.0672199 1.03775e-09 0.106624 0 0 0 0 0.175265 0.242838 2.93123e-07 0.332599 0.0921344 8.834e-08 0.199558 0.0615131 0 0 0 0
549.3 2.53134 243.32 215.678 1.01278 1.09697 0.3 0.6 0.6 1.1 1.5 1.9 2 2.9 3.3 3.9 4.4 5 0.0752769 0.250302 0.047577 0.191137 0.25986 0.069661 3.8287e-08 0.118966 0 0 0 0 0.193726 0.00494599 0.0893607 0.415522 0.0448591 1.86866e-08 0.267506 0.0810475 0 0 0 0
18333.8 84.4877 1064.16 1036.52 1.83228 2.12746 0.0001 0.5 0.9 1.3 1.8 2.1 2 2.9 3.3 3.8 4.4 4.9 4.77396e-15 9.74604e-12 6.47982e-13 6.19153e-11 7.78966e-11 0.946931 2.03582e-12 0.885354 0 0 0 0 0.060569 0.347988 0.173876 0.66677 1.7362e-09 0.520736 1.34394e-08 0.357516 0 0 0 0
518.846 2.39099 229.973 202.331 1.03068 1.09707 0.3 0.5 0.5 1.1 1.5 2.1 2.2 3 3.5 4.1 4.7 5.3 0.0350392 0.272132 0.0536538 0.110928 0.427552 2.35939e-06 1.72328e-08 0.131374 0 0 0 0 0.117851 0.192351 0.0126979 0.287699 0.230442 4.5662e-08 0.200403 0.0556257 0 0 0 0
540.086 2.48888 239.362 211.719 1.01833 1.10154 0.3 0.6 0.4 1 1.4 1.6 2.1 3 3.2 3.7 4.3 4.9 0.103042 0.114014 0.0430523 0.35744 0.000939394 0.22452 0.0718931 0.103428 0 0 0 0 0.132369 0.000613611 0.119577 0.329605 0.207803 0.00223391 0.242497 0.0668462 0 0 0 0
552.288 2.54511 244.59 216.947 1.01093 1.07678 0.0001 0.5 0.6 1.1 1.4 1.8 2 2.9 3.3 3.9 4.4 4.9 0.0569201 0.00408293 0.266793 0.352356 1.15061e-06 0.224016 3.61213e-07 0.106764 0 0 0 0 0.0679629 0.229364 4.90233e-09 0.380964 0.0650285 1.64201e-09 0.262225 0.0712364 0 0 0 0
538.181 2.4801 238.535 210.893 1.02751 1.07801 0.0001 0.5 0.7 1.2 1.5 1.7 2.1 3.1 3.4 4 4.5 5.1 0.0686515 0.0296141 0.30536 0.310192 7.19522e-06 0.0991855 0.126306 0.0881974 0 0 0 0 0.0552991 0.273362 1.14671e-05 0.428957 0.0142828 6.8761e-06 0.248712 0.0573824 0 0 0 0
519.226 2.39275 230.145 202.502 1.03763 1.08529 0.2 0.6 0.4 1.2 1.5 2.1 2 3.1 3.4 3.9 4.5 5.1 0.00674923 0.0548653 0.252209 0.350432 0.154648 6.98517e-05 0.108247 0.11041 0 0 0 0 0.0497188 0.0889579 0.182994 0.449538 7.74223e-11 0.254479 5.31242e-13 0.0596033 0 0 0 0
520.229 2.39737 230.597 202.954 1.03686 1.08717 0.2 0.5 0.9 1.2 1.5 2 2.1 3.1 3.4 4 4.6 5.2 0.0546851 0.275512 0.00606096 0.274463 0.240059 1.65195e-06 0.0766998 0.109381 0 0 0 0 0.0826504 0.239427 1.23965e-06 0.447955 0.000801345 1.54279e-06 0.255268 0.0610664 0 0 0 0
550.373 2.53628 243.777 216.134 1.01167 1.0793 0.3 0.5 0.6 1.1 1.4 1.8 2 2.9 3.2 3.8 4.3 4.9 0.110532 0.0270483 0.167823 0.380855 1.67882e-05 0.21608 5.18135e-08 0.109315 0 0 0 0 0.173181 0.101369 0.000185153 0.427905 0.0371153 1.04302e-06 0.268922 0.0706275 0 0 0 0
554.461 2.55512 245.509 217.866 1.00721 1.07644 0.3 0.4 0.6 1.2 1.5 1.9 2 2.8 3.2 3.7 4.2 4.8 0.0432353 0.0241577 0.342369 0.134044 0.317161 0.0155577 7.54346e-06 0.130679 0 0 0 0 0.0771247 0.156904 0.0977343 0.422937 0.00303798 3.34176e-06 0.239449 0.0792457 0 0 0 0
553.951 2.55277 245.293 217.651 1.01195 1.0923 0.0001 0.5 0.6 1.2 1.4 1.8 2 2.9 3.2 3.7 4.2 4.8 0.00599556 0.289878 0.0609571 0.306808 0.0747907 0.153915 0.00526334 0.114345 0 0 0 0 0.0735518 0.0842341 0.199724 0.391155 1.97242e-07 3.66106e-07 0.261024 0.0826078 0 0 0 0
530.683 2.44554 235.252 207.609 1.037 1.07254 0.2 0.5 1.1 1.1 1.6 2.1 2.2 3.2 3.3 3.8 4.3 4.9 0.0692845 0.194886 0.128411 0.325492 0.0552756 0.181681 5.94828e-08 0.0819645 0 0 0 0 0.0934208 0.2049 0.0708168 0.299446 0.159271 1.28461e-09 0.198485 0.0461995 0 0 0 0
538.066 2.47957 238.485 210.843 1.02757 1.07815 0.0001 0.5 0.7 1.2 1.5 1.7 2.1 3.1 3.4 4 4.6 5.1 0.0723605 0.00888977 0.328564 0.300622 2.27295e-08 0.104356 0.124361 0.0884122 0 0 0 0 0.0553076 0.273356 1.93913e-09 0.429017 0.0142483 1.22096e-07 0.248791 0.0574354 0 0 0 0
549.045 2.53016 243.211 215.569 1.01301 1.09453 0.3 0.6 1.1 1.4 1.5 1.8 2 2.9 3.2 3.7 4.3 4.8 0.0786443 0.291171 0.178018 0.207059 3.18056e-05 0.139524 9.88904e-06 0.118549 0 0 0 0 0.192608 0.0979297 0.400643 0.0506681 0.00331258 3.73184e-06 0.27022 0.0791486 0 0 0 0
514.829 2.37248 228.155 200.512 1.0346 1.11439 0.3 0.5 1.1 1.4 1.6 2.2 1.6 3.1 3.6 4.2 4.7 5.3 0.0556055 0.292235 0.0950949 0.338901 0.0795931 0.0413161 0.0165198 0.115339 0 0 0 0 0.105338 0.231862 0.204311 0.288053 2.92351e-10 0.222982 2.92325e-10 0.0618407 0 0 0 0
572.94 2.64028 253.18 225.538 1.0028 1.07299 0.3 0.5 0.6 1 1.4 1.8 1.7 2.7 3.2 3.8 4.4 5 0.100536 0.179284 1.77587e-05 0.200241 0.373947 1.96962e-10 5.34618e-11 0.148772 0 0 0 0 0.199183 0.0058729 0.0377712 0.404933 0.00874426 0.307092 3.16759e-05 0.10936 0 0 0 0
522.867 2.40952 231.78 204.137 1.03326 1.08621 0.2 0.6 0.7 1.3 1.5 2.1 2 3 3.4 4 4.6 5.1 0.0646378 0.347886 0.00814161 0.0362345 0.446338 2.41771e-05 3.47714e-06 0.129995 0 0 0 0 0.131332 3.03405e-06 0.29163 0.365094 1.57223e-11 0.235446 1.68311e-08 0.0627052 0 0 0 0
522.295 2.40689 231.524 203.881 1.03965 1.0726 0.3 0.5 0.5 1.2 1.5 2 2.1 3.1 3.5 4.1 4.7 5.2 0.0956752 0.204952 0.0235303 0.31052 0.204585 0.00536336 0.0870478 0.107982 0 0 0 0 0.135267 0.159288 0.0208636 0.456434 1.91207e-10 4.69324e-10 0.248042 0.05271 0 0 0 0
535.416 2.46735 237.33 209.687 1.02625 1.09493 0.0001 0.5 0.6 0.9 1.5 1.6 2.2 3.1 3.4 3.9 4.4 4.9 0.0775294 0.000947866 0.113602 0.405058 4.35538e-07 0.252574 0.0853921 0.0911496 0 0 0 0 0.0845426 0.144096 5.67421e-08 0.329429 0.28116 6.74334e-09 0.199326 0.0563729 0 0 0 0
576.526 2.6568 254.64 226.998 1.00791 1.0354 0.0001 0.4 0.6 1.1 1.3 1.7 1.9 2.8 3.2 3.8 4.4 5 9.48339e-09 0.227937 0.131656 5.9947e-06 0.378131 0.151184 4.94582e-09 0.118996 0 0 0 0 0.0922992 1.99808e-07 0.228392 0.370436 1.43959e-06 1.57079e-06 0.277279 0.0669863 0 0 0 0
532.533 2.45407 236.067 208.424 1.02069 1.09919 0.3 0.5 0.6 1 1.4 1.8 2.2 3 3.1 3.6 4.1 4.6 0.145821 0.0341968 0.0281792 0.460713 1.81688e-07 0.242197 3.36151e-07 0.109585 0 0 0 0 0.117575 0.201534 1.37554e-06 0.18077 0.331188 0.00611777 0.204931 0.0570692 0 0 0 0
576.038 2.65455 254.442 226.8 1.00385 1.06659 0.0001 0.5 0.7 1.2 1.4 1.8 1.7 2.7 3.2 3.8 4.4 5 0.023584 0.306866 0.00024058 0.229239 0.295198 8.72025e-07 2.0834e-07 0.14872 0 0 0 0 0.0957468 4.83957e-07 0.346952 0.227839 1.21481e-06 0.283336 3.10957e-08 0.112718 0 0 0 0
529.53 2.44023 234.743 207.101 1.03513 1.08015 0.3 0.5 1 0.8 1.5 1.6 2.2 3.2 3.3 3.8 4.3 4.8 0.168774 6.10802e-06 0.374487 0.0994401 1.25647e-06 0.181215 0.130947 0.0802626 0 0 0 0 0.179007 0.0771742 0.339319 8.37351e-07 0.229223 1.0696e-08 0.207627 0.0478035 0 0 0 0
534.784 2.46444 237.053 209.411 1.02693 1.0862 0.3 0.4 0.7 1.2 1.6 2.1 2 3.1 3.3 3.8 4.4 4.9 0.124226 0.0265704 0.209543 0.391248 5.48666e-07 0.022196 0.162808 0.090339 0 0 0 0 0.0836977 0.179009 0.0614627 0.447308 4.77827e-10 0.255794 1.78692e-09 0.0589306 0 0 0 0
543.03 2.50244 240.634 212.992 1.01317 1.08932 0.0001 0.4 0.7 1.2 1.5 1.8 2.1 2.9 3.4 3.9 4.4 4.9 0.0583585 0.0104358 0.383853 0.150271 0.163372 0.128875 7.59366e-08 0.118006 0 0 0 0 0.00043371 0.293693 0.0423541 0.384861 0.0788806 7.9511e-06 0.220556 0.0685389 0 0 0 0
512.83 2.36327 227.245 199.602 1.03369 1.12054 0.0001 0.4 0.6 1.3 1.5 2.1 2.2 3.1 3.6 4.2 4.8 5.4 0.0065577 0.187636 0.173146 0.272271 0.225989 0.043683 0.00780206 0.116605 0 0 0 0 0.0118654 0.215293 0.144814 0.442456 0.0123118 4.70161e-07 0.23238 0.0614237 0 0 0 0
548.962 2.52978 243.176 215.533 1.01329 1.0949 0.3 0.5 0.9 1.2 1.5 1.9 2 2.9 3.3 3.8 4.3 4.9 0.0669086 0.184074 0.278855 0.00337251 0.296042 0.0647811 1.17957e-07 0.119258 0 0 0 0 0.187988 0.0589279 0.172818 0.323826 1.50468e-05 2.21956e-07 0.272258 0.0790713 0 0 0 0
538.431 2.48125 238.644 211.001 1.01702 1.07889 0.2 0.5 0.6 1.2 1.5 1.9 2 2.9 3.3 3.8 4.3 4.9 0.0194845 0.339814 0.0164915 0.117065 0.40027 4.57471e-08 3.7845e-07 0.123895 0 0 0 0 0.096083 0.103159 0.148269 0.401291 1.4197e-05 3.29213e-11 0.253601 0.0764757 0 0 0 0
537.559 2.47723 238.264 210.622 1.02664 1.08159 0.3 0.6 0.8 1.2 1.5 1.6 2.1 3.1 3.4 3.9 4.4 4.9 0.153546 2.54747e-05 0.283421 0.252823 0.000140257 0.1137 0.135354 0.0876269 0 0 0 0 0.175249 0.155995 5.73339e-09 0.428788 0.0118808 4.10544e-08 0.251263 0.0584106 0 0 0 0
548.913 2.52955 243.155 215.513 1.01354 1.09805 0.3 0.5 0.6 1 1.3 1.6 2 2.9 3.3 3.9 4.5 5 0.0909776 0.0219219 0.202737 0.263024 1.42107e-05 0.301978 0.0112974 0.121594 0 0 0 0 0.189114 0.0618604 1.30749e-05 0.321314 0.174637 5.7819e-06 0.269592 0.0815168 0 0 0 0
18504 85.2719 1066.32 1038.68 1.74278 2.12707 0.0001 0.5 0.9 0.7 1.7 2.1 2 2.8 3.4 3.9 4.4 4.9 6.16612e-12 1.07397e-12 6.98941e-13 2.73231e-12 1.09128e-10 0.643492 0.174024 0.925265 0 0 0 0 0.136548 0.0368637 0.754324 4.15496e-06 0.515061 2.04831e-09 0.239555 0.444716 0 0 0 0
18503.1 85.2678 1066.31 1038.67 1.74263 2.12761 0.0001 0.4 0.9 0.7 1.7 2 2.1 2.8 3.4 3.9 4.4 4.9 5.55112e-17 2.77556e-15 2.51688e-13 1.08802e-14 7.20562e-12 0.17148 0.645963 0.925183 0 0 0 0 0.14164 9.91581e-11 0.72298 0.0605929 0.520999 0.235698 4.31102e-10 0.445704 0 0 0 0
18260.6 84.1504 1063.22 1035.58 1.84686 2.12984 0.2 0.8 0.9 0.9 1.6 2.1 2.5 3 3.6 4.1 4.6 5.1 1.62592e-13 8.43769e-14 4.03677e-13 4.94049e-15 4.96825e-14 0.825785 0.324779 0.696299 0 0 0 0 0.178033 0.226909 0.441708 7.0499e-06 0.590101 0.16048 0.288889 0.243711 0 0 0 0
19381.9 89.3177 1077.17 1049.53 1.66682 2.06543 0.0001 0.7 0.8 1.3 1.7 1.9 1.8 2.7 3.1 3.6 4.1 4.7 4.10222e-12 5.50854e-10 7.23926e-12 3.64145e-09 6.43449e-09 0.666816 3.73252e-07 1 0 0 0 0 0.133483 2.47399e-06 0.640439 0.255466 0.309202 0.312015 7.82163e-05 0.414741 0 0 0 0
550.248 2.5357 243.724 216.081 1.01231 1.08827 0.3 0.5 0.6 1 1.4 1.7 2 2.9 3.3 3.9 4.5 5.1 0.114719 0.0404101 0.108549 0.363915 0.00026705 0.269642 4.27904e-06 0.114807 0 0 0 0 0.208371 0.00157161 0.0287953 0.381049 0.130656 1.16561e-08 0.259684 0.0781393 0 0 0 0
511.841 2.35872 226.793 199.15 1.03581 1.11475 0.2 0.3 0.8 1.5 1.6 2.2 2.3 3.1 3.5 4 4.5 5 0.0191 0.146433 0.313121 0.356606 0.0555293 0.019013 0.00664593 0.119359 0 0 0 0 0.0531591 0.115794 0.346685 0.362137 1.01918e-06 2.17169e-06 0.184948 0.0520184 0 0 0 0
