Chi2   rChi2   BIC   AIC    Qichtot    Qimtot  R[0]  R[1]  R[2]  R[3]  R[4]  R[5]  R[6]  R[7]  R[8]  R[9]  R[10]  R[11]  Q0ch    Q1ch    Q2ch    Q3ch    Q4ch    Q5ch    Q6ch    Q7ch    Q8ch    Q9ch    Q10ch    Q11ch    Q0m    Q1m    Q2m    Q3m    Q4m    Q5m    Q6m    Q7m    Q8m    Q9m    Q10m    Q11m
565.455 2.60578 250.103 222.46 1.05766 0.974316 0.3 0.3 0.5 1 1.4 1.6 2.2 3.2 3.4 3.9 4.5 5 0.000210653 0.117783 0.184935 0.150342 0.392554 0.0300814 0.0879408 0.0938092 0 0 0 0 0.123696 0.032092 0.117691 0.251765 0.232933 0.0109766 0.177442 0.0277198 0 0 0 0
569.473 2.6243 251.76 224.117 1.05977 0.92092 0.4 0.4 1 1.4 1.3 2.1 2.2 3.2 3.2 3.8 4.4 5 0.00564483 0.298979 0.0208295 8.03991e-07 0.527454 6.37262e-08 0.120805 0.0860616 0 0 0 0 0.265566 0.0227877 0.195483 0.244382 0.032051 8.51142e-08 0.150351 0.0102993 0 0 0 0
574.217 2.64616 253.701 226.059 1.04717 0.952262 0.7 0.3 0.9 1.4 1.5 1.9 2.2 3 3.2 3.7 4.3 4.9 0.0430125 0.19682 0.232917 0.349367 0.0121613 0.101858 1.01307e-05 0.111029 0 0 0 0 0.184375 0.174504 0.0957034 0.322888 4.46045e-06 3.12479e-09 0.152469 0.0223175 0 0 0 0
559.128 2.57663 247.47 219.827 1.07418 0.890221 0.5 0.4 0.3 1.2 1.4 1.8 2.2 3.4 3.3 3.8 4.3 4.8 1.26855e-06 0.116451 0.147553 0.497463 0.0676704 5.58022e-09 0.166691 0.0783488 0 0 0 0 0.0889573 0.23251 3.84057e-09 0.289149 0.137663 3.586e-10 0.141942 8.16844e-11 0 0 0 0
554.508 2.55534 245.529 217.886 1.06605 0.977489 0.2 0.4 0.9 1.5 1.6 1.7 2.4 3.3 3.6 4.1 4.7 5.2 0.0899826 0.110687 0.329914 0.289553 0.000156809 0.0956172 0.0587086 0.0914344 0 0 0 0 0.115386 0.0706008 0.380385 9.91448e-07 0.228334 0.0431059 0.12374 0.0159369 0 0 0 0
535.477 2.46764 237.356 209.714 1.09886 0.927446 0.2 0.6 0.8 1.5 1.8 1.9 2.4 3.8 3.5 4.1 4.6 5.1 0.111956 0.00399807 0.425903 0.309082 5.29499e-05 0.0237139 0.150261 0.0738934 0 0 0 0 0.125422 0.0559672 0.31579 0.279249 0.0500096 0.00213952 0.0971649 0.00170367 0 0 0 0
542.299 2.49908 240.319 212.676 1.09294 0.893323 0.0001 0.5 0.7 0.7 1.3 1.5 2.2 3.7 3.1 3.6 4.1 4.7 0.0742106 0.00517591 0.230248 0.137747 0.332397 0.0197757 0.218362 0.075021 0 0 0 0 0.058747 0.165592 0.00343123 0.174974 0.24417 0.118465 0.127944 8.93246e-10 0 0 0 0
581.474 2.6796 256.64 228.997 1.04568 0.936883 0.3 0.3 0.4 1.1 1.4 1.9 2 3 3.1 3.7 4.2 4.8 0.179871 0.0432401 0.00503557 0.441048 0.115616 0.158307 2.28139e-05 0.102545 0 0 0 0 0.00577171 0.0894311 0.166282 0.414944 0.0115231 1.30145e-08 0.218208 0.0307228 0 0 0 0
559.251 2.57719 247.521 219.879 1.05981 0.98175 0.0001 0.6 0.8 1.4 1.5 1.6 2.3 3.2 3.4 3.9 4.5 5 0.0990426 0.024772 0.401189 0.0202803 0.0731038 0.304614 0.0353625 0.101444 0 0 0 0 0.0946405 0.112177 0.288482 0.0608589 0.250785 0.0011754 0.150071 0.0235606 0 0 0 0
545.642 2.51448 241.757 214.114 1.08389 0.947195 0.7 0.3 1 1.4 1.7 2.6 2.2 3.6 3.2 3.8 4.4 4.9 0.23662 0.170639 5.89067e-08 0.437451 0.0667687 0.103417 3.42679e-08 0.0689897 0 0 0 0 0.0359041 0.204181 0.374261 1.96009e-09 0.217305 0.0589934 0.0565509 1.05287e-09 0 0 0 0
559.813 2.57978 247.756 220.114 1.05927 0.970715 0.0001 0.5 0.8 1.4 1.5 1.6 2.3 3.2 3.4 4 4.5 5 0.105148 0.00963683 0.39413 0.14306 0.00198549 0.256121 0.0527014 0.0964851 0 0 0 0 0.0917261 0.0693649 0.343121 0.0418755 0.22784 0.0343559 0.142699 0.0197322 0 0 0 0
554.768 2.55654 245.638 217.996 1.06355 0.968886 0.0001 0.5 0.9 1.4 1.5 2 2.3 3.2 3.3 3.8 4.4 4.9 4.94167e-07 0.379987 0.0504614 0.100557 0.372665 0.0288911 0.0243906 0.106595 0 0 0 0 0.0490797 0.263204 0.131688 0.352477 5.03115e-07 3.91807e-10 0.157516 0.0149218 0 0 0 0
571.97 2.63581 252.784 225.141 1.04761 0.949807 0.3 0.3 0.5 1.1 1.4 1.7 2.1 3 3.3 3.9 4.4 4.9 0.0192742 0.0847062 0.208163 0.253927 0.156592 0.211245 0.000613446 0.11309 0 0 0 0 0.00264028 0.14661 0.138188 0.321371 0.12618 2.71845e-05 0.18739 0.0273999 0 0 0 0
565.819 2.60746 250.253 222.611 1.0534 0.96247 0.0001 0.4 0.8 1.4 1.5 1.7 2.2 3.1 3.4 4 4.5 5 0.0137059 0.224526 0.196812 0.367642 0.00449098 0.1029 0.0388346 0.104488 0 0 0 0 0.0628993 0.120656 0.284416 0.305548 2.33829e-06 1.47855e-07 0.164622 0.0243257 0 0 0 0
565.291 2.60503 250.035 222.393 1.05839 0.962338 0.2 0.4 0.9 1.4 1.6 2.1 2.2 3.2 3.3 3.9 4.5 5.1 0.0807051 0.137603 0.26556 0.299572 0.0956414 0.00421583 0.0820542 0.0930347 0 0 0 0 0.0663249 0.165397 0.258923 0.277301 4.00225e-07 5.40372e-06 0.170212 0.0241743 0 0 0 0
574.066 2.64547 253.64 225.997 1.05241 0.926053 0.1 0.4 0.8 1.3 1.4 1.5 2.1 3.1 3.2 3.8 4.4 4.9 0.0705829 0.141092 0.163712 0.441873 3.31993e-05 0.0200668 0.123622 0.0914312 0 0 0 0 0.0566238 0.148947 0.218599 0.305217 2.91807e-07 1.43079e-07 0.17792 0.0187448 0 0 0 0
559.724 2.57938 247.719 220.077 1.0662 0.9386 0.0001 0.8 0.5 1.4 1.5 1.6 2.3 3.3 3.5 4.1 4.6 5.1 0.060969 0.143726 0.20799 0.465913 2.21689e-06 6.22697e-07 0.103421 0.0841798 0 0 0 0 0.0915513 0.345754 0.0658475 4.81405e-07 0.294271 8.3232e-06 0.130725 0.010442 0 0 0 0
565.485 2.60592 250.115 222.473 1.058 0.969525 0.4 0.1 1 1.4 1.5 1.6 2.2 3.2 3.4 4 4.5 5.1 0.232529 0.0276662 0.254028 0.251714 0.000769671 0.114796 0.0827406 0.0937521 0 0 0 0 0.235741 0.0279064 0.274698 0.166077 0.0650518 2.55913e-06 0.17353 0.0265175 0 0 0 0
586.67 2.70355 258.722 231.079 1.03964 0.937501 0.0001 0.5 0.8 0.7 1.3 1.4 2 2.9 3.2 3.8 4.4 5 0.0996084 0.0721836 0.262143 0.00833316 0.000231453 0.422603 0.0618707 0.112667 0 0 0 0 0.08676 0.0990149 0.272735 4.038e-06 0.246946 5.63027e-06 0.198227 0.0338082 0 0 0 0
559.957 2.58045 247.817 220.174 1.05931 0.981597 0.2 0.5 0.9 1.4 1.5 1.6 2.3 3.2 3.4 4 4.5 5.1 0.134237 0.0407849 0.390156 0.000872435 0.00207142 0.352267 0.0389327 0.0999862 0 0 0 0 0.120064 0.0974669 0.321007 5.87529e-07 0.198163 0.0743589 0.14666 0.0238762 0 0 0 0
565.825 2.60749 250.256 222.613 1.05328 0.962094 0.0001 0.4 0.8 1.4 1.5 1.5 2.2 3.1 3.3 3.9 4.4 5 0.0444251 0.146938 0.281883 0.0380544 0.336995 0.0549894 0.0462222 0.103771 0 0 0 0 0.0634218 0.119288 0.285858 0.302917 0.000317938 0.0017241 0.164706 0.0238616 0 0 0 0
565.412 2.60559 250.085 222.443 1.05864 0.953549 0.0001 0.4 0.8 1.4 1.5 0.9 2.2 3.2 3.4 3.9 4.5 5.1 0.050379 0.167817 0.0361213 0.250266 0.146192 0.223196 0.0932834 0.0913832 0 0 0 0 0.0470032 0.170205 0.0981517 0.285911 1.43316e-07 0.165984 0.164992 0.0213029 0 0 0 0
559.417 2.57796 247.591 219.948 1.05958 0.980213 0.0001 0.4 0.8 1.4 1.5 1.6 2.3 3.2 3.5 4 4.5 5 0.0885244 0.0373502 0.386861 0.100959 0.000533787 0.305213 0.0398423 0.100299 0 0 0 0 0.0805446 0.0717191 0.351467 0.0332966 0.266018 0.00537441 0.148792 0.0230016 0 0 0 0
573.864 2.64454 253.557 225.915 1.04715 0.942961 0.0001 0.3 0.8 0.4 1.3 1.5 2.1 3 3.1 3.6 4.2 4.8 0.0727553 0.0061967 0.315607 0.0809379 0.0512909 0.368884 0.0429116 0.108562 0 0 0 0 0.00824478 0.173596 0.235313 0.0102712 0.306627 0.000674599 0.182949 0.0252848 0 0 0 0
565.021 2.60378 249.923 222.281 1.05365 0.974775 0.0001 0.4 0.8 1.3 1.4 1.7 2.2 3.1 3.1 3.7 4.3 4.9 0.0604893 0.108252 0.306025 0.104065 0.125329 0.232508 0.00737098 0.109612 0 0 0 0 0.0567438 0.138939 0.25913 0.0828442 0.231153 0.00664916 0.17108 0.0282355 0 0 0 0
561.589 2.58797 248.498 220.855 1.05865 0.995189 0.3 0.7 0.4 1.2 1.4 2 2.4 3.2 3.3 3.8 4.4 5 0.00963239 0.0823889 0.252388 0.216231 0.272141 0.123241 0.000213734 0.102411 0 0 0 0 0.179591 0.173795 0.0104155 0.290347 0.0889629 0.140056 0.0835536 0.0284679 0 0 0 0
544.087 2.50731 241.089 213.446 1.09268 0.898968 0.4 0.5 0.9 1.3 1.6 1.7 2.2 3.7 3.3 3.8 4.4 4.9 0.187129 0.0860009 0.182609 0.336005 0.00915831 3.329e-05 0.215246 0.0765034 0 0 0 0 0.284285 2.09065e-08 0.11795 0.32028 5.67171e-07 0.0436334 0.132818 8.61728e-09 0 0 0 0
16366.9 75.4233 1037.6 1009.96 1.4796 2.24043 0.2 2.77556e-17 0.7 0.8 1.5 1.9 2.6 2.7 3.3 3.8 4.3 4.8 2.06946e-13 5.00211e-13 1.67283e-12 4.04476e-12 5.20568e-09 0.748138 0.0836565 0.647803 0 0 0 0 0.000792188 0.137535 0.0552128 0.640043 0.563162 0.373541 0.35367 0.116473 0 0 0 0
544.89 2.51102 241.434 213.792 1.08606 0.886652 0.3 0.3 0.6 1.1 1.4 1.5 2.1 3.6 3 3.6 4.1 4.6 0.0584413 0.0969314 0.114619 0.480539 4.47882e-09 1.13327e-10 0.260094 0.0754345 0 0 0 0 0.0371417 0.136316 0.128011 0.285254 0.115322 0.0250434 0.159563 4.50906e-12 0 0 0 0
543.884 2.50638 241.002 213.359 1.09265 0.897441 0.7 0.4 0.7 1.2 1.5 1.6 2.2 3.7 3.2 3.7 4.2 4.7 0.135361 0.21981 0.0112838 0.359922 0.0756233 4.84896e-08 0.214332 0.0763141 0 0 0 0 0.0214608 0.278788 0.0290841 0.336998 1.05818e-07 0.100055 0.131055 1.1658e-08 0 0 0 0
559.082 2.57641 247.451 219.808 1.07413 0.889336 0.3 0.4 0.5 1.2 1.4 1.8 2.2 3.4 3.2 3.8 4.4 4.9 0.143052 0.120508 0.00209879 0.490276 0.0739673 4.34923e-08 0.165857 0.0783684 0 0 0 0 1.95926e-05 0.232431 0.0889662 0.288951 0.137514 5.48269e-10 0.141455 2.24137e-10 0 0 0 0
564.876 2.60311 249.863 222.221 1.05818 0.968413 0.0001 0.4 0.8 1.3 1.4 1.9 2.2 3.2 3.3 3.8 4.3 4.9 0.00224469 0.282558 0.059235 0.481914 1.10283e-06 0.0717227 0.0663226 0.094184 0 0 0 0 0.0465703 0.16574 0.222843 0.166047 0.165971 4.16135e-08 0.175425 0.0258165 0 0 0 0
550.349 2.53617 243.767 216.124 1.0749 0.923158 0.0001 0.6 0.9 1.4 1.5 2.2 2.3 3.4 3.3 3.8 4.4 5 0.105162 0.153824 0.203594 0.400649 0.00226269 0.000212227 0.127819 0.0813808 0 0 0 0 0.0684135 0.315828 0.0415559 0.361066 8.32022e-10 3.04585e-08 0.136295 7.60769e-12 0 0 0 0
568.354 2.61914 251.3 223.657 1.05842 0.951286 0.6 0.4 0.8 1.2 1.4 2.1 2.2 3.2 3.2 3.8 4.4 4.9 3.19197e-05 0.301971 7.53235e-07 0.293239 0.265121 1.75143e-07 0.108288 0.089772 0 0 0 0 0.0713403 0.263819 2.96681e-05 0.272593 0.154796 4.21825e-07 0.16959 0.0191164 0 0 0 0
560.857 2.58459 248.192 220.55 1.05904 0.98972 0.3 0.6 0.9 1.4 1.5 1.9 2.3 3.2 3.3 3.8 4.4 5 0.132429 0.214253 0.077805 0.420129 0.000263313 0.0840777 0.0285844 0.101496 0 0 0 0 0.202783 1.70634e-07 0.333886 0.000508617 0.260477 0.0169097 0.14856 0.0265956 0 0 0 0
560.941 2.58498 248.227 220.585 1.05895 0.984481 0.4 2.77556e-17 1 1.5 1.6 1.7 2.3 3.2 3.5 4 4.5 5.1 0.232884 0.0211823 0.312567 0.193799 0.0343947 0.124745 0.0395939 0.0997796 0 0 0 0 0.21237 0.03647 0.342324 0.0375996 0.173534 0.0122383 0.144334 0.0256106 0 0 0 0
544.125 2.50749 241.105 213.463 1.07844 1.00085 0.0001 0.5 1 1.5 1.7 2 2.5 3.4 3.6 4.2 4.8 5.3 5.57677e-08 0.382623 0.0688962 0.44044 0.0373118 5.15304e-07 0.0484241 0.10074 0 0 0 0 0.0597967 0.23334 0.272074 0.137004 0.156633 0.000134891 0.134027 0.00784101 0 0 0 0
560.531 2.58309 248.056 220.414 1.05915 0.986278 0.2 0.4 0.9 1.4 1.5 1.9 2.3 3.2 3.3 3.9 4.4 4.9 0.000187817 0.271833 0.17339 0.390668 0.00112511 0.0938362 0.0270673 0.101038 0 0 0 0 0.0901223 0.119905 0.324853 9.49288e-08 0.261971 0.0171828 0.146486 0.0257565 0 0 0 0
555.954 2.562 246.138 218.495 1.06522 0.975793 0.2 0.6 0.9 1.4 1.5 1.9 2.4 3.3 3.4 4 4.6 5.2 0.086068 0.302724 0.01422 0.437403 0.0333162 0.0360932 0.0666062 0.0887859 0 0 0 0 0.132121 0.105149 0.298431 9.45994e-05 0.241254 0.0670715 0.115213 0.0164597 0 0 0 0
564.885 2.60316 249.867 222.224 1.05817 0.968508 0.1 0.4 0.8 1.4 1.3 1.9 2.2 3.2 3.2 3.8 4.4 5 0.00163087 0.284215 0.0576214 0.000560229 0.482232 0.0712716 0.0664465 0.0941962 0 0 0 0 0.0534132 0.15694 0.225452 0.167068 0.164317 9.21624e-09 0.175467 0.0258513 0 0 0 0
544.178 2.50773 241.128 213.485 1.07845 1.00143 0.0001 0.5 1 1.5 1.7 1.8 2.5 3.4 3.5 4 4.6 5.2 1.57207e-08 0.382905 0.0669952 0.454836 0.00104284 0.024288 0.0474081 0.10097 0 0 0 0 0.0597329 0.233586 0.271685 0.138101 0.155249 0.00073085 0.134378 0.00797058 0 0 0 0
568.256 2.61869 251.259 223.617 1.05814 0.956402 0.4 0.5 0.8 1.2 1.4 1.9 2.2 3.2 3.3 3.8 4.4 4.9 0.301804 9.46782e-09 3.68986e-08 0.292878 0.266067 5.11216e-08 0.107185 0.0902036 0 0 0 0 0.223505 0.105398 5.61438e-07 0.289835 0.144313 8.49557e-10 0.172776 0.0205751 0 0 0 0
543.701 2.50554 240.923 213.28 1.07856 0.999498 0.0001 0.5 0.9 1.5 1.7 2.3 2.5 3.4 3.6 4.1 4.6 5.2 3.58385e-08 0.377549 0.0620079 0.466133 0.0230141 1.2302e-09 0.0491589 0.100702 0 0 0 0 0.069955 0.18219 0.279097 0.202965 0.123129 7.49131e-09 0.135034 0.00712868 0 0 0 0
554.495 2.55528 245.523 217.88 1.06334 0.968353 0.2 0.5 0.9 1.4 1.5 1.6 2.3 3.2 3.4 3.9 4.4 4.9 0.0016853 0.374235 0.0631236 0.0168399 0.456236 0.00793176 0.0377219 0.105562 0 0 0 0 0.0748592 0.227362 0.144447 0.349306 3.24128e-08 9.74082e-09 0.158175 0.0142037 0 0 0 0
565.483 2.60591 250.115 222.472 1.05743 0.978482 0.0001 0.4 0.5 1.1 1.4 1.8 2.2 3.2 3.3 3.9 4.4 4.9 0.025732 0.0623267 0.249233 0.107809 0.428163 0.00108516 0.0889311 0.0941501 0 0 0 0 0.051835 0.00870131 0.258047 0.238499 0.206024 0.0064972 0.180006 0.0288722 0 0 0 0
581.562 2.68001 256.675 229.033 1.04573 0.938149 0.3 0.3 0.4 1.1 1.4 1.9 2 3 3.2 3.8 4.4 4.9 0.0701235 0.136466 0.0268944 0.419124 0.141925 0.129476 0.0188351 0.10289 0 0 0 0 0.00925055 0.0866475 0.165439 0.416041 0.0104407 3.15473e-06 0.219094 0.0312329 0 0 0 0
565.294 2.60504 250.036 222.394 1.05854 0.960406 0.0001 0.4 0.9 1.4 2.1 1.7 2.2 3.2 3.3 3.9 4.4 4.9 0.0510846 0.168446 0.263804 0.327159 0.000124469 0.0736728 0.0811523 0.093098 0 0 0 0 0.03866 0.197397 0.252947 0.278694 4.11664e-06 2.41889e-10 0.169026 0.0236782 0 0 0 0
560.224 2.58168 247.928 220.286 1.05897 0.976076 0.0001 0.5 0.9 1.4 1.5 1.6 2.3 3.2 3.4 3.9 4.5 5.1 0.0237846 0.326892 0.0573797 0.39984 0.020047 0.0726434 0.0618348 0.0965471 0 0 0 0 0.076591 0.162546 0.288886 9.42281e-06 0.243846 0.0365379 0.1464 0.0212598 0 0 0 0
577.017 2.65907 254.84 227.197 1.0461 0.936146 0.6 0.3 0.9 1.4 1.6 1.6 2.1 3 3.3 3.9 4.4 4.9 0.000186873 0.210355 0.252974 0.399321 5.31604e-07 2.88368e-07 0.081505 0.101761 0 0 0 0 0.000285139 0.202253 0.312061 0.225802 3.46914e-07 3.46914e-07 0.172389 0.0233552 0 0 0 0
564.815 2.60284 249.838 222.196 1.0582 0.968937 0.5 0.1 0.8 1.3 1.4 1.9 2.2 3.2 3.3 3.9 4.5 5.1 0.291998 0.0458187 5.27308e-05 0.482557 0.00691142 0.0706081 0.0658786 0.0943776 0 0 0 0 0.173402 0.0750197 0.176732 0.197869 0.143889 2.68438e-09 0.176068 0.0259585 0 0 0 0
555.8 2.56129 246.073 218.43 1.06545 0.979022 0.0001 0.4 0.8 1.4 1.5 2.1 2.4 3.3 3.5 4 4.5 5.1 0.000280706 0.266736 0.137532 0.470859 3.85963e-06 0.0536569 0.0455014 0.0908791 0 0 0 0 0.0831731 0.0639207 0.361542 1.30955e-08 0.297526 0.0459611 0.108978 0.0179212 0 0 0 0
574.938 2.64948 253.995 226.352 1.05258 0.925758 0.3 2.77556e-17 0.7 1.3 1.4 1.8 2.1 3.1 3.2 3.8 4.4 4.9 0.00832235 0.104791 0.267858 0.436899 0.000945158 0.0304188 0.111306 0.0920344 0 0 0 0 0.0711604 0.0564721 0.28378 0.319002 3.12147e-09 4.30448e-10 0.176168 0.0191762 0 0 0 0
568.453 2.6196 251.34 223.698 1.05166 0.965981 0.0001 0.3 0.8 1.4 1.5 1.7 2.2 3.1 3.1 3.6 4.2 4.7 1.30722e-07 0.19365 0.231825 0.450088 3.66383e-07 0.000225394 0.0776286 0.0982386 0 0 0 0 0.0264671 0.144753 0.299483 0.30446 0.000129412 2.20514e-06 0.16871 0.0219765 0 0 0 0
567.321 2.61438 250.874 223.231 1.05816 0.950234 0.6 0.4 1 1.3 1.4 2.1 2.2 3.2 3.3 3.8 4.3 4.9 2.05449e-05 0.303876 0.0178652 0.533009 3.26123e-05 5.0496e-08 0.114719 0.0886332 0 0 0 0 0.0670567 0.264722 0.053607 0.365516 0.0104197 4.65089e-09 0.170988 0.0179243 0 0 0 0
539.635 2.4868 239.167 211.524 1.09365 0.915583 0.0001 0.6 0.8 1.4 1.6 2.2 2.3 3.7 3.4 3.9 4.5 5.1 0.0663201 0.183992 0.235421 0.349471 4.06906e-05 1.65589e-05 0.185239 0.0731505 0 0 0 0 0.0782311 0.212803 0.169374 0.22621 0.11551 5.91418e-06 0.113449 1.61566e-07 0 0 0 0
565.294 2.60504 250.036 222.394 1.05834 0.96044 0.4 0.1 0.9 1.4 1.5 1.5 2.2 3.2 3.4 4 4.5 5 0.186152 0.0455267 0.24251 0.256405 0.0376725 0.107216 0.0905525 0.0923078 0 0 0 0 0.190858 0.0441012 0.254443 0.278361 1.99999e-06 1.51759e-07 0.169231 0.0234436 0 0 0 0
565.059 2.60396 249.939 222.297 1.05846 0.956191 0.0001 0.4 0.8 1.3 1.4 1.8 2.2 3.2 3.3 3.8 4.3 4.9 0.00468776 0.278933 0.0603531 0.480226 7.3372e-05 0.0540518 0.0886043 0.0915306 0 0 0 0 0.0536442 0.145286 0.249708 0.0951686 0.222971 3.43525e-07 0.167571 0.0218416 0 0 0 0
544.382 2.50867 241.216 213.573 1.07937 1.0071 0.0001 0.6 0.9 1.5 1.7 1.8 2.5 3.4 3.5 4.1 4.6 5.2 0.0374991 0.407866 5.28954e-09 0.421137 0.0687384 6.27944e-09 0.0397707 0.104355 0 0 0 0 0.0833062 0.226243 0.208252 0.239016 0.100783 4.55179e-08 0.140262 0.0092426 0 0 0 0
573.38 2.6423 253.36 225.717 1.04746 0.942445 0.3 0.2 0.8 1.3 1.4 1.7 2.1 3 3.1 3.7 4.2 4.8 0.173342 0.00489712 0.2815 0.120968 0.139707 0.215718 1.59953e-07 0.111331 0 0 0 0 0.184191 0.00811167 0.233446 0.309269 2.37221e-07 1.04753e-08 0.180926 0.0265012 0 0 0 0
573.074 2.6409 253.235 225.592 1.0524 0.928568 0.0001 0.4 0.9 1.3 1.4 1.5 2.1 3.1 3.1 3.7 4.3 4.9 0.0350815 0.223681 0.115254 0.449444 0.000179775 0.0145949 0.122102 0.0920607 0 0 0 0 0.0332343 0.2122 0.19948 0.28342 5.55707e-07 2.99602e-08 0.181 0.0192335 0 0 0 0
581.483 2.67965 256.644 229.001 1.04572 0.937467 0.0001 0.3 0.4 1.1 1.4 1.9 2 3 3.1 3.6 4.1 4.6 0.0596586 2.34546e-05 0.179793 0.41682 0.131315 0.155261 1.59724e-07 0.102845 0 0 0 0 0.00206732 0.0874425 0.172395 0.4143 0.0118374 3.816e-08 0.218428 0.0309958 0 0 0 0
543.809 2.50603 240.969 213.327 1.08263 0.943373 0.0001 0.4 0.9 1.5 1.6 1.9 2.4 3.5 3.4 3.9 4.5 5 0.095346 0.0775252 0.360597 0.356745 2.12571e-08 1.10829e-08 0.109542 0.0828697 0 0 0 0 0.0325941 0.203622 0.279129 0.227264 0.0761524 2.9238e-08 0.124612 2.72444e-08 0 0 0 0
591.725 2.72684 260.729 233.087 1.03956 0.941113 0.0001 0.3 0.4 1 1.3 1.6 1.9 2.9 3 3.5 4 4.5 0.063164 0.00292762 0.15127 0.382956 6.07327e-07 0.323133 1.31558e-07 0.116108 0 0 0 0 0.00353097 0.203645 0.000323048 0.433968 0.00315497 1.38019e-08 0.252354 0.0441378 0 0 0 0
554.638 2.55593 245.583 217.941 1.06642 0.98454 0.0001 0.3 0.8 0.7 1.5 2 2.4 3.3 3.5 4 4.5 5.1 0.09288 0.0223959 0.384627 0.00900328 0.365562 0.0606433 0.0363365 0.0949713 0 0 0 0 0.100165 3.14879e-05 0.238556 0.166293 0.301114 0.0377641 0.121726 0.0188896 0 0 0 0
544.111 2.50743 241.1 213.457 1.09271 0.899023 0.4 0.5 0.9 1.3 1.6 1.7 2.2 3.7 3.3 3.9 4.5 5.1 0.192543 0.0779142 0.187352 0.332913 0.00986604 0.000389352 0.215222 0.0765057 0 0 0 0 0.284274 1.17835e-10 0.118013 0.320198 2.27926e-07 0.0437267 0.132812 7.14517e-10 0 0 0 0
544.016 2.50699 241.059 213.416 1.09255 0.898621 0.4 0.6 0.9 1.3 1.6 1.7 2.2 3.7 3.3 3.9 4.4 5 0.206481 0.0932652 0.144679 0.351341 0.0055019 4.6795e-07 0.214771 0.0765147 0 0 0 0 0.284332 8.80526e-09 0.117634 0.320671 4.27023e-08 0.0431953 0.132787 1.77078e-06 0 0 0 0
16402 75.5853 1038.1 1010.46 1.48402 2.21328 0.2 0.6 0.8 0.8 1.5 1.9 2.2 2.7 3.3 3.9 4.4 4.9 8.14185e-07 1.07163e-09 3.50447e-10 1.28513e-09 1.56777e-07 0.757314 0.00120525 0.725496 0 0 0 0 0.170118 0.0776325 0.484507 0.0477111 0.74807 0.000221602 0.372568 0.312457 0 0 0 0
16414.3 75.6421 1038.28 1010.64 1.48394 2.27438 0.2 0.7 0.9 1.5 1.9 1.8 2.7 2.9 3.5 4 4.5 5 4.44089e-16 3.77476e-15 2.72005e-15 3.16414e-15 0.760962 6.58418e-13 0.722977 1.07137e-14 0 0 0 0 0.200816 0.0516428 0.687749 0.338536 0.565652 4.48674e-09 0.429985 1.43774e-14 0 0 0 0
16367.4 75.4259 1037.61 1009.97 1.47974 2.23777 0.2 -0.1 0.8 0.8 1.5 1.9 2.6 2.7 3.2 3.8 4.4 5 1.27676e-15 9.95592e-13 1.22838e-11 7.33869e-12 3.01281e-11 0.748544 0.0804944 0.650703 0 0 0 0 3.80104e-09 0.150406 0.673222 0.0113571 0.561322 0.372121 0.361384 0.107959 0 0 0 0
16368.2 75.4296 1037.62 1009.98 1.47955 2.24243 0.2 0.6 0.9 1.3 1.9 1.8 2.7 2.6 3.5 4.1 4.7 5.3 1.07081e-13 3.32101e-12 2.65065e-11 3.47083e-12 0.748024 7.8029e-10 0.64702 0.0845095 0 0 0 0 0.17453 0.167887 0.474368 0.325213 1.4865e-09 0.624814 0.120181 0.35544 0 0 0 0
565.491 2.60595 250.118 222.475 1.05375 0.962182 0.0001 0.5 0.8 1.4 1.5 1.9 2.2 3.1 3.3 3.9 4.4 5 0.0598888 0.182498 0.201343 0.381716 8.16019e-07 0.121372 0.000354573 0.106576 0 0 0 0 0.0797392 0.126906 0.258754 0.308324 4.22919e-08 2.03072e-06 0.163682 0.0247744 0 0 0 0
565.34 2.60525 250.055 222.413 1.05873 0.946934 0.0001 0.4 0.8 1.3 1.4 2 2.2 3.2 3.3 3.8 4.4 5 1.58731e-09 0.292521 0.0454849 0.449192 0.0608869 0.0319512 0.0887792 0.0899103 0 0 0 0 0.0588864 0.130123 0.269577 0.0427958 0.264981 3.21143e-09 0.161656 0.0189156 0 0 0 0
553.812 2.55213 245.235 217.592 1.06381 0.974054 0.3 0.5 1.2 1.5 1.6 2.2 2.3 3.2 3.6 4.1 4.7 5.3 0.0118825 0.365104 0.208064 1.91634e-07 0.347021 0.000118609 0.0226855 0.108931 0 0 0 0 0.0978796 0.239828 0.297335 0.161293 1.74733e-07 2.93479e-07 0.162505 0.0152127 0 0 0 0
565.288 2.60502 250.034 222.392 1.05847 0.962568 0.2 0.4 0.9 1.4 1.7 2.1 2.2 3.2 3.2 3.8 4.4 5 0.0897862 0.121671 0.276828 0.316537 0.0809689 3.77668e-06 0.0792135 0.0934641 0 0 0 0 0.0662504 0.165518 0.258877 0.277301 6.26006e-06 6.54234e-08 0.170261 0.0243547 0 0 0 0
538.429 2.48124 238.643 211 1.09292 0.913587 0.2 0.6 0.9 1.4 1.7 1.8 2.3 3.7 3.5 4 4.5 5 0.054787 0.336155 0.0705634 0.380016 1.22725e-05 1.96223e-08 0.176806 0.0745845 0 0 0 0 0.106577 0.212252 0.147661 0.260346 0.0742677 1.47239e-05 0.112467 2.35909e-09 0 0 0 0
554.67 2.55608 245.597 217.954 1.0634 0.968284 0.1 0.5 0.9 1.4 1.5 2.2 2.3 3.2 3.4 4 4.6 5.2 2.11597e-07 0.379072 0.0560572 0.0388399 0.44253 0.0168719 0.0241721 0.105853 0 0 0 0 0.0545666 0.255202 0.134885 0.351559 4.90792e-09 2.2304e-09 0.157575 0.0144955 0 0 0 0
565.472 2.60586 250.11 222.467 1.05342 0.97221 0.0001 0.5 0.9 1.4 1.5 1.6 2.2 3.1 3.3 3.9 4.5 5 0.0421389 0.256366 0.170601 0.222656 0.000730417 0.223769 0.029622 0.107533 0 0 0 0 0.0676766 0.200194 0.213549 0.292888 1.002e-05 1.31765e-07 0.170629 0.0272637 0 0 0 0
560.23 2.5817 247.931 220.288 1.05895 0.975954 0.0001 0.5 0.9 1.4 1.5 1.6 2.3 3.2 3.4 3.9 4.4 4.9 0.0223326 0.331991 0.0500393 0.410979 0.0175371 0.067213 0.0624036 0.0964576 0 0 0 0 0.076513 0.162821 0.288484 9.78495e-05 0.244814 0.0356089 0.14643 0.0211853 0 0 0 0
538.679 2.48239 238.751 211.109 1.09317 0.912042 0.3 0.7 0.8 1.2 1.5 1.7 2.3 3.7 3.4 4 4.6 5.2 0.13896 0.143122 0.184404 0.149358 0.197506 0.0357598 0.168954 0.0751022 0 0 0 0 0.18282 0.00820587 0.26565 0.0765704 0.235092 0.0317724 0.11193 1.53689e-08 0 0 0 0
574.986 2.6497 254.014 226.372 1.05232 0.928334 0.0001 0.3 0.7 1.3 1.4 1.8 2.1 3.1 3.2 3.7 4.2 4.7 0.105941 0.00742562 0.265908 0.442452 7.13321e-07 0.0233842 0.115565 0.0916429 0 0 0 0 0.0558322 0.0723299 0.283355 0.319738 3.01754e-08 5.91155e-07 0.177286 0.019792 0 0 0 0
539.067 2.48418 238.92 211.277 1.09338 0.899878 0.0001 0.4 0.8 1.3 1.5 1.6 2.2 3.7 3.2 3.8 4.3 4.8 0.0992506 0.00252726 0.390692 0.298234 0.000180265 9.30064e-06 0.227796 0.0746879 0 0 0 0 0.0671812 0.105517 0.293095 0.11967 0.183258 0.000431326 0.130725 1.43163e-13 0 0 0 0
570.749 2.63018 252.284 224.641 1.05252 0.942702 0.2 0.5 0.7 1.2 1.4 1.6 2.1 3.1 3.2 3.8 4.3 4.8 0.0891994 0.18881 0.0509038 0.29769 0.163556 0.0694241 0.0962416 0.0966959 0 0 0 0 0.0780755 0.237614 0.000350729 0.403471 0.00571403 5.2219e-06 0.19378 0.0236916 0 0 0 0
549.955 2.53436 243.599 215.957 1.07591 0.925549 0.1 0.4 0.8 1.4 1.5 2.1 2.3 3.4 3.4 4 4.5 5.1 0.117319 0.023822 0.313708 0.408583 0.00023971 0.0131333 0.115321 0.0837873 0 0 0 0 0.0287019 0.205671 0.200578 0.350953 3.40305e-10 1.4048e-09 0.139645 4.90735e-10 0 0 0 0
543.794 2.50596 240.963 213.32 1.08629 0.907426 0.6 0.4 0.9 1.3 1.5 1.6 2.2 3.6 3.3 3.8 4.3 4.8 0.264044 0.131606 1.35174e-06 0.411403 0.00120071 1.74504e-06 0.202368 0.0756623 0 0 0 0 5.77219e-08 0.285662 0.116894 0.316186 7.69014e-05 0.0451004 0.143155 0.000352448 0 0 0 0
565.323 2.60518 250.048 222.406 1.05842 0.955139 0.2 0.5 0.9 0.8 1.4 1.5 2.2 3.2 3.4 3.9 4.4 5 0.090357 0.184659 0.158889 0.00268507 0.43007 0.0028174 0.0979209 0.0910238 0 0 0 0 0.104138 0.144061 0.226024 0.0104463 0.282591 4.85594e-05 0.166226 0.0216049 0 0 0 0
544.484 2.50914 241.26 213.617 1.08802 0.934203 0.1 0.5 0.9 1.4 1.5 2.4 2.2 3.6 3.4 3.9 4.5 5.1 0.087369 0.173756 0.174775 0.443229 2.894e-08 0.129162 1.80301e-08 0.0797294 0 0 0 0 0.0658274 0.205245 0.226868 2.10543e-12 0.3114 0.11827 0.00659252 3.47207e-10 0 0 0 0
559.464 2.57817 247.61 219.968 1.05954 0.978742 0.0001 0.5 0.8 1.4 1.5 1.6 2.3 3.2 3.5 4.1 4.6 5.2 0.0809507 0.0914872 0.317827 0.16562 0.00178428 0.257601 0.0447952 0.0994769 0 0 0 0 0.0899913 0.0777778 0.333349 0.0374806 0.267623 0.00191522 0.148318 0.0222877 0 0 0 0
559.878 2.58008 247.783 220.141 1.05925 0.980534 0.2 0.8 0.5 1.4 1.5 1.8 2.3 3.2 3.5 4.1 4.7 5.2 0.0670223 0.1502 0.208505 0.389136 0.0257076 0.0746484 0.0448531 0.0991819 0 0 0 0 0.137758 0.355448 0.00851985 0.0595774 0.240307 0.00728291 0.148714 0.0229264 0 0 0 0
566.013 2.60835 250.334 222.691 1.05329 0.958992 0.0001 0.5 0.8 1.4 1.5 1.5 2.2 3.1 3.3 3.9 4.5 5.1 0.0619073 0.168436 0.232661 0.0849924 0.35329 1.04344e-06 0.0490842 0.10292 0 0 0 0 0.0795998 0.12718 0.258305 0.30807 4.37095e-05 4.26259e-06 0.162784 0.0230045 0 0 0 0
574.111 2.64567 253.658 226.015 1.05237 0.925687 0.0001 0.4 0.8 1.3 1.4 1.3 2.1 3.1 3.3 3.9 4.4 5 0.0560949 0.16738 0.142349 0.014873 0.00346004 0.451351 0.125691 0.0911742 0 0 0 0 0.0495157 0.157866 0.21635 0.193838 1.81455e-08 0.111822 0.17772 0.0185752 0 0 0 0
574.715 2.64846 253.904 226.261 1.04704 0.937401 0.3 2.77556e-17 0.7 1.3 1.4 1.8 2.1 3 3.2 3.7 4.3 4.9 0.0262837 0.0855811 0.289818 0.365407 0.00768675 0.150056 0.0151382 0.107073 0 0 0 0 0.0741416 0.0561093 0.280141 0.325147 9.59616e-09 1.29568e-08 0.178116 0.0237464 0 0 0 0
