Chi2   rChi2   BIC   AIC    Qichtot    Qimtot  R[0]  R[1]  R[2]  R[3]  R[4]  R[5]  R[6]  R[7]  R[8]  R[9]  R[10]  R[11]  Q0ch    Q1ch    Q2ch    Q3ch    Q4ch    Q5ch    Q6ch    Q7ch    Q8ch    Q9ch    Q10ch    Q11ch    Q0m    Q1m    Q2m    Q3m    Q4m    Q5m    Q6m    Q7m    Q8m    Q9m    Q10m    Q11m
646.63 2.97986 281.492 253.85 1.06666 1.02943 0.3 0.5 0.8 1.3 1.5 2 2.4 3.2 3.3 3.9 4.5 5.1 0.194306 0.0108748 0.19614 0.374004 0.0345159 0.12691 0.0370828 0.0928272 0 0 0 0 0.18526 4.80317e-06 0.292502 0.0841075 0.258054 0.0595948 0.121612 0.0282986 0 0 0 0
639.895 2.94882 279.043 251.4 1.07321 1.05128 0.2 0.6 0.9 1.5 1.7 2.6 2.4 3.5 3.6 4.1 4.7 5.3 0.108869 0.20609 0.165231 0.419151 0.00363663 0.111405 4.78237e-06 0.058824 0 0 0 0 0.130963 0.0957892 0.344411 0.0538625 0.282418 0.114106 0.0118651 0.0178612 0 0 0 0
643.312 2.96457 280.289 252.646 1.07039 1.02854 0.3 0.8 0.9 1 1.6 1.7 2.5 3.3 3.6 4.2 4.8 5.4 0.205949 0.0374967 0.0612937 0.284847 0.299234 0.0186992 0.0846207 0.0782448 0 0 0 0 0.198041 0.00262354 0.345772 0.0257442 0.16083 0.155746 0.122691 0.0170923 0 0 0 0
656.758 3.02653 285.129 257.487 1.0714 0.981962 0.0001 0.5 0.6 0.7 1.4 1.8 2.3 3.4 3 3.5 4.1 4.7 0.071046 1.41509e-06 0.000263666 0.401271 0.359757 1.03806e-14 0.179516 0.0595454 0 0 0 0 0.066506 0.0958132 0.058685 0.210664 0.362087 0.029972 0.141591 0.0166436 0 0 0 0
653.171 3.01001 283.848 256.205 1.05858 1.00697 0.1 0.5 0.8 1.4 1.5 2.1 2.2 3 3.4 3.9 4.5 5 0.0407096 0.278418 0.087651 0.454748 1.77045e-05 0.0825382 0.000866011 0.113634 0 0 0 0 0.065548 0.193887 0.188167 0.354062 9.8342e-05 0.0048324 0.164575 0.0358011 0 0 0 0
663.146 3.05597 287.394 259.752 1.05492 1.00029 0.2 0.5 1.1 1.4 1.5 1.9 2 2.9 3.2 3.8 4.3 4.8 0.0013212 0.393043 0.0488205 0.034637 0.436912 0.00662344 0.000298065 0.133263 0 0 0 0 0.0961721 0.191381 0.364454 0.0676772 1.51205e-08 1.41855e-08 0.227594 0.0530143 0 0 0 0
651.834 3.00384 283.368 255.726 1.05956 1.01023 0.0001 0.5 0.8 1.4 1.5 1.8 2.2 3 3.3 3.9 4.4 4.9 0.0963795 0.0427711 0.364547 0.218311 0.0322115 0.185369 2.50573e-05 0.119945 0 0 0 0 0.0583372 0.20671 0.181457 0.356776 3.10902e-06 2.1741e-06 0.169727 0.0372145 0 0 0 0
649.759 2.99428 282.622 254.98 1.06221 1.01653 0.2 0.6 0.8 0.7 1.5 1.6 2.3 3.1 3.4 3.9 4.5 5 0.134017 0.017367 0.346755 1.99806e-08 0.361588 0.0307308 0.0732104 0.0985375 0 0 0 0 0.122774 0.0839326 0.290203 7.15623e-05 0.340558 4.77438e-09 0.147686 0.0313072 0 0 0 0
649.099 2.99124 282.385 254.742 1.06462 1.02684 0.3 0.5 0.9 1.4 1.5 1.7 2.3 3.2 3.4 4 4.5 5.1 0.12578 0.167492 0.132847 0.439646 1.2568e-06 0.000461243 0.113135 0.0852593 0 0 0 0 0.147912 0.112075 0.23994 0.0817129 0.25013 8.21767e-05 0.162121 0.0328644 0 0 0 0
647.148 2.98225 281.68 254.038 1.06631 1.03039 0.2 0.4 0.6 1.2 1.5 1.9 2.4 3.2 3.4 3.9 4.5 5.1 0.0378197 0.222799 0.0319818 0.472801 5.17513e-06 0.163778 0.045064 0.0920642 0 0 0 0 0.0983767 1.70182e-07 0.279828 0.249 0.154352 0.0985663 0.120797 0.0294654 0 0 0 0
646.956 2.98137 281.611 253.968 1.08288 0.979226 0.2 0.5 0.8 1.4 1.6 1.7 2.4 3.6 3.3 3.8 4.4 4.9 0.118245 0.000839316 0.405223 0.240414 0.000369945 0.0950321 0.165512 0.0572459 0 0 0 0 0.119145 0.051542 0.330356 0.107573 0.242463 1.68408e-07 0.118602 0.0095452 0 0 0 0
663.156 3.05602 287.398 259.755 1.05492 1.00181 0.2 0.5 0.8 1.1 1.4 1.5 2 2.9 3.3 3.8 4.3 4.9 0.00135987 0.384375 0.0322411 0.00140912 0.0675335 0.433403 0.000611707 0.133992 0 0 0 0 0.0958618 0.192176 4.32557e-10 0.363371 0.0687041 2.15456e-06 0.227767 0.0539299 0 0 0 0
669.604 3.08573 289.662 262.02 1.05628 0.983704 0.2 0.6 1.4 1.2 1.5 1.9 2 2.9 3.3 3.8 4.3 4.8 0.060132 0.379344 0.000126152 0.000311074 0.465145 0.0221161 2.18098e-06 0.129103 0 0 0 0 0.112806 0.231437 1.99182e-10 0.375395 2.9512e-08 3.02967e-09 0.216991 0.047076 0 0 0 0
670.126 3.08814 289.845 262.202 1.05633 0.983347 0.3 0.4 0.7 1.2 1.5 1.9 2 2.9 3.2 3.8 4.3 4.9 0.0079652 0.201405 0.236046 1.23514e-06 0.456528 0.0254499 3.06732e-05 0.128905 0 0 0 0 0.1878 0.00020006 0.163531 0.367551 6.32477e-07 7.0717e-08 0.217618 0.0466458 0 0 0 0
649.294 2.99214 282.455 254.812 1.06478 1.02881 0.3 0.5 0.9 1.4 1.5 1.7 2.3 3.2 3.4 4 4.5 5.1 0.161711 0.0908195 0.20921 0.344872 0.0282166 0.038378 0.104886 0.0866846 0 0 0 0 0.139507 0.132459 0.210198 0.235955 0.0711022 0.0445035 0.16126 0.0338249 0 0 0 0
645.735 2.97574 281.168 253.526 1.08005 1.00208 0.2 0.3 0.7 1.3 1.5 2.5 2 3.6 3.2 3.8 4.3 4.8 0.0995917 0.00246489 0.330754 0.354247 3.98274e-05 0.110753 0.126687 0.0555157 0 0 0 0 0.118049 3.56072e-05 0.326105 0.155813 0.199587 0.0921689 0.095081 0.0152432 0 0 0 0
658.021 3.03235 285.579 257.936 1.05494 0.998841 0.2 0.7 0.8 0.9 1.6 1.5 2.2 2.9 3.3 3.9 4.4 4.9 0.105504 0.359372 0.000448558 0.00507214 0.128219 0.322983 1.07001e-07 0.133344 0 0 0 0 0.127649 0.225264 0.00210582 0.155825 3.38505e-06 0.307907 0.139824 0.0402643 0 0 0 0
651.811 3.00374 283.36 255.717 1.06111 1.01885 0.0001 0.5 0.5 1.1 1.4 1.7 2.2 3.1 3.3 3.9 4.5 5.1 0.0459445 0.198478 0.0836401 0.182743 0.302022 0.0541626 0.0965106 0.0976048 0 0 0 0 0.039819 0.158998 0.145197 0.163577 0.289866 2.67301e-08 0.182399 0.0389935 0 0 0 0
645.402 2.9742 281.048 253.405 1.06688 1.0205 0.0001 0.5 0.7 0.8 1.5 1.6 2.4 3.2 3.5 4 4.5 5.1 0.0911664 0.0591693 0.0390395 0.306126 0.36036 0.0391691 0.0840837 0.087766 0 0 0 0 0.0912301 0.000587078 0.285123 0.122871 0.229322 0.131635 0.138259 0.0214717 0 0 0 0
645.578 2.97501 281.111 253.469 1.06674 1.02152 0.2 0.5 0.8 1.5 1.6 1.8 2.4 3.2 3.4 3.9 4.5 5 0.138374 0.000611491 0.359878 0.379278 6.04691e-05 0.0184446 0.0822221 0.0878682 0 0 0 0 0.125245 0.0335263 0.356551 0.167091 0.179738 8.44497e-07 0.137015 0.0223564 0 0 0 0
651.828 3.00382 283.366 255.724 1.0613 1.02665 0.3 0.5 0.8 1.3 1.5 1.8 2.2 3.1 3.4 4 4.5 5 0.171797 0.0493118 0.189019 0.320148 0.0725547 0.0822542 0.0748463 0.101367 0 0 0 0 0.10053 0.224039 0.0475033 0.407164 0.00264811 0.0169176 0.18731 0.0405413 0 0 0 0
651.807 3.00372 283.359 255.716 1.05956 1.00909 0.2 0.6 0.9 1.4 1.5 1.8 2.2 3 3.4 3.9 4.5 5 0.140227 0.0524883 0.366008 0.027836 0.174993 0.178447 9.95413e-08 0.119561 0 0 0 0 0.102483 0.245509 0.104246 0.343639 0.00707201 1.44505e-05 0.169503 0.0366231 0 0 0 0
649.031 2.99092 282.36 254.717 1.06479 1.0273 0.3 0.5 0.9 1.4 1.5 1.7 2.3 3.2 3.4 3.9 4.5 5.1 0.144897 0.12674 0.173345 0.39079 0.012926 0.021232 0.10883 0.0860307 0 0 0 0 0.147609 0.112822 0.238971 0.0846659 0.247755 2.81501e-06 0.162432 0.0330441 0 0 0 0
665.335 3.06606 288.165 260.523 1.05452 1.0005 0.3 0.4 0.5 1 1.4 1.6 2 2.9 3.3 3.9 4.4 5 7.19686e-05 3.07308e-05 0.396524 0.0123901 0.314433 0.198839 7.72041e-07 0.132229 0 0 0 0 0.161977 0.0711909 1.21464e-05 0.359284 0.132768 6.92602e-12 0.220565 0.0546987 0 0 0 0
658.036 3.03242 285.584 257.942 1.055 0.997364 0.0001 0.6 0.4 1.3 1.5 2 2.1 2.9 3.3 3.9 4.4 5 0.00336084 0.214451 0.178189 0.16509 0.332897 0.0287167 0.000535495 0.131761 0 0 0 0 0.0551828 0.275271 0.0542709 0.374388 0.00835133 3.11734e-06 0.187453 0.0424447 0 0 0 0
648.474 2.98836 282.159 254.516 1.0652 1.02736 0.0001 0.6 0.7 1.4 1.6 1.7 2.3 3.2 3.4 3.9 4.5 5.1 0.0888856 0.0630925 0.281604 0.385846 0.0461731 0.00767934 0.104641 0.0872783 0 0 0 0 0.0740578 0.202284 0.162507 0.338662 0.0527612 6.00512e-07 0.164496 0.0325879 0 0 0 0
651.261 3.0012 283.162 255.52 1.0615 1.02322 0.2 0.5 0.7 1.3 1.5 1.8 2.2 3.1 3.3 3.8 4.4 4.9 0.11876 0.0383633 0.237174 0.380219 0.00214769 0.114502 0.0692863 0.101045 0 0 0 0 0.0678431 0.226799 0.0857724 0.361715 0.0540813 4.06376e-05 0.187225 0.0397468 0 0 0 0
676.74 3.11862 292.143 264.5 1.05428 0.975061 0.0001 0.5 0.7 1.4 1.5 1.4 2.2 3.1 3.2 3.7 4.2 4.8 0.0689865 1.11968e-06 0.407559 0.217593 1.55872e-05 0.128873 0.161459 0.0697945 0 0 0 0 0.070711 0.100677 0.264624 0.15463 6.83811e-06 0.205456 0.155115 0.0238421 0 0 0 0
651.156 3.00072 283.125 255.482 1.0616 1.0233 0.0001 0.6 0.4 1.3 1.5 2 2.2 3.1 3.3 3.8 4.4 4.9 0.0587384 0.241435 0.0626152 0.445929 5.86282e-05 0.123668 0.027288 0.101871 0 0 0 0 0.0331431 0.214747 0.129902 0.366472 0.0519221 2.08984e-06 0.187273 0.0398397 0 0 0 0
652.336 3.00616 283.548 255.906 1.05914 1.00921 0.0001 0.5 0.8 0.8 1.4 1.6 2.2 3 3.3 3.9 4.4 5 0.0895164 0.061966 0.205851 0.151775 0.106217 0.293255 0.0335713 0.116989 0 0 0 0 0.0584215 0.206259 0.148882 0.0331134 0.355708 0.000766743 0.169364 0.0366932 0 0 0 0
653.159 3.00995 283.844 256.201 1.05852 1.00878 0.0001 0.6 0.7 1.4 1.5 1.6 2.2 3 3.3 3.9 4.5 5.1 0.0707899 0.198883 0.164883 0.320318 0.00353154 0.133654 0.0526474 0.113809 0 0 0 0 0.0764394 0.179699 0.181616 0.366489 4.90629e-08 4.22904e-06 0.167285 0.037245 0 0 0 0
645.488 2.9746 281.079 253.436 1.06692 1.02214 0.2 0.5 0.8 1.5 1.6 2.3 2.4 3.2 3.5 4.1 4.7 5.3 0.136852 0.00636402 0.352829 0.392274 2.49489e-06 0.0382533 0.0512338 0.0891101 0 0 0 0 0.125155 0.0338539 0.356228 0.168253 0.178745 1.31183e-07 0.137303 0.0225994 0 0 0 0
644.993 2.97232 280.9 253.257 1.07978 1.00447 0.3 0.6 0.8 1.3 1.5 2.5 1.9 3.6 3.2 3.8 4.4 4.9 0.16056 0.00331469 0.305438 0.29513 0.000189777 0.121364 0.1389 0.0548839 0 0 0 0 0.185474 1.98722e-06 0.282788 0.143093 0.161175 0.0993125 0.117819 0.014803 0 0 0 0
706.059 3.25373 302.067 274.424 1.04784 0.931036 0.3 0.5 0.7 1 1.3 1.4 1.8 2.8 2.9 3.5 4.1 4.6 0.108282 0.133068 0.172126 0.00986303 0.000562522 0.386471 0.118254 0.119216 0 0 0 0 0.199604 4.07151e-09 0.0409768 0.379335 1.32336e-11 3.73341e-10 0.257263 0.0538579 0 0 0 0
645.576 2.975 281.111 253.468 1.06671 1.02135 0.2 0.6 0.8 1.5 1.6 1.7 2.4 3.2 3.4 3.9 4.4 4.9 0.138402 0.000346456 0.360688 0.370746 6.63359e-05 0.0254269 0.0833939 0.0876418 0 0 0 0 0.128647 0.0427777 0.342845 0.170812 0.176956 6.61534e-05 0.136969 0.0222794 0 0 0 0
661.913 3.05029 286.959 259.316 1.05516 0.99844 0.3 0.5 1.1 1.4 1.5 1.9 2 2.9 3.3 3.8 4.4 5 0.00857654 0.381127 0.0618118 0.0251245 0.435684 0.00649805 0.00321354 0.133121 0 0 0 0 0.163944 0.110587 0.3909 0.0515678 8.60682e-05 1.91214e-07 0.230226 0.0511297 0 0 0 0
643.365 2.96482 280.308 252.666 1.0706 1.02935 0.2 0.7 1 1.6 1.8 1.9 2.5 3.3 3.7 4.2 4.8 5.3 0.142432 0.158712 0.283896 0.311548 0.00841927 0.00479757 0.0815537 0.0792403 0 0 0 0 0.128256 0.245207 0.190502 0.272761 0.0355529 0.0173468 0.122334 0.0173861 0 0 0 0
645.873 2.97637 281.218 253.576 1.0665 1.02291 0.3 0.7 0.9 1.5 1.6 1.8 2.4 3.2 3.4 4 4.6 5.1 0.200176 0.000325168 0.326292 0.321084 0.013429 0.037605 0.0797007 0.0878873 0 0 0 0 0.191445 0.0454689 0.309384 0.0539201 0.264079 6.69633e-06 0.135027 0.0235796 0 0 0 0
652.185 3.00546 283.494 255.852 1.05908 1.01018 0.0001 0.5 0.8 1.4 1.5 1.8 2.2 3 3.4 3.9 4.5 5 0.0954441 0.0460132 0.362422 0.187398 0.0775198 0.164691 0.0074205 0.118166 0 0 0 0 0.0610417 0.194588 0.197405 0.318118 0.0340286 4.55335e-07 0.166877 0.0381214 0 0 0 0
661.935 3.05039 286.967 259.324 1.07569 0.953815 0.3 0.6 0.8 0.9 1.5 1.3 2.2 3.4 3.2 3.7 4.2 4.7 0.179566 0.0141541 0.0130241 0.300945 0.00928687 0.270539 0.225334 0.0628414 0 0 0 0 0.140198 0.22631 0.0102686 3.31097e-05 0.0609639 0.345406 0.158422 0.0122133 0 0 0 0
698.094 3.21702 299.412 271.77 1.03792 0.981117 0.2 0.5 0.6 0.7 1.3 1.4 2 2.8 3 3.6 4.1 4.7 0.0834914 0.00240315 0.00858413 0.377728 0.000615713 0.340216 0.118501 0.106378 0 0 0 0 0.115448 0.0201849 0.0372112 0.240365 0.324567 6.52485e-06 0.189926 0.0534085 0 0 0 0
651.942 3.00434 283.407 255.764 1.0609 1.02406 0.2 0.4 0.6 1.2 1.5 1.8 2.2 3.1 3.4 4 4.6 5.1 0.0682604 0.0930741 0.185828 0.284929 0.215566 0.0223631 0.0918914 0.0989896 0 0 0 0 0.00376919 0.259384 0.0731447 0.326473 0.135509 2.69987e-08 0.185734 0.0400457 0 0 0 0
645.448 2.97441 281.064 253.422 1.06699 1.02187 0.0001 0.5 0.8 0.8 1.5 1.6 2.4 3.2 3.5 4 4.6 5.1 0.100362 0.0311974 0.3701 0.0107072 0.262429 0.123803 0.0795721 0.0888219 0 0 0 0 0.0799691 0.104958 0.289268 0.0362237 0.189105 0.162214 0.137849 0.0222807 0 0 0 0
645.345 2.97394 281.027 253.385 1.0676 1.02484 0.0001 0.6 0.9 1.5 1.6 2.1 2.4 3.2 3.5 4.1 4.6 5.1 0.0988887 0.142738 0.287684 0.323453 0.0133165 0.0643918 0.0440149 0.0931142 0 0 0 0 0.0815609 0.228817 0.211932 0.152885 0.18755 1.68888e-08 0.138484 0.0236088 0 0 0 0
647.941 2.9859 281.967 254.324 1.07727 0.989474 0.0001 0.6 0.8 1.2 1.6 1.7 2.4 3.5 3.2 3.7 4.2 4.7 0.0740331 0.160901 0.218949 0.223194 0.0733467 0.118039 0.150608 0.0582018 0 0 0 0 0.0776586 0.238511 0.120687 0.150016 0.253616 0.0141185 0.122745 0.0121228 0 0 0 0
651.984 3.00453 283.422 255.78 1.05921 1.0093 0.0001 0.6 0.8 1.4 1.5 1.8 2.2 3 3.4 3.9 4.5 5 0.103148 0.0338575 0.369996 0.235644 0.000324183 0.197637 1.45382e-08 0.118602 0 0 0 0 0.0732019 0.274727 0.0924006 0.363855 3.82894e-10 1.26382e-08 0.167496 0.0376223 0 0 0 0
666.054 3.06937 288.418 260.775 1.05271 0.986453 0.2 0.5 0.4 1.2 1.4 1.9 2 2.9 3.3 3.9 4.5 5.1 0.0106889 0.280803 0.0737033 0.102008 0.373376 0.0517451 0.0403616 0.120022 0 0 0 0 0.0692161 0.25694 6.4429e-07 0.396851 3.79167e-08 9.02784e-09 0.213009 0.0504361 0 0 0 0
688.302 3.1719 296.107 268.464 1.04324 0.983481 0.3 0.7 0.8 1.1 1.5 1.4 2.1 2.9 3.1 3.7 4.2 4.7 0.150424 0.000179938 0.338286 0.0796767 0.261336 3.06812e-10 0.121437 0.0919031 0 0 0 0 0.176279 0.204724 3.07032e-07 0.131258 3.93359e-09 0.258938 0.17191 0.0403726 0 0 0 0
652.023 3.00472 283.436 255.794 1.06083 1.02431 0.2 0.4 0.6 1.2 1.5 1.8 2.2 3.1 3.4 4 4.6 5.2 0.0531613 0.131321 0.158796 0.288112 0.221304 0.0150306 0.0943288 0.0987801 0 0 0 0 0.0020946 0.26397 0.0695202 0.328041 0.134584 1.1537e-08 0.186072 0.0400247 0 0 0 0
648.648 2.98916 282.222 254.579 1.06328 1.01942 0.2 0.5 0.9 1.4 1.5 1.7 2.3 3.1 3.3 3.8 4.3 4.8 0.14565 0.0229567 0.392754 0.118943 0.000858393 0.233314 0.0444008 0.104401 0 0 0 0 0.0891011 0.180079 0.231457 0.124254 0.166013 0.0473755 0.1497 0.0314395 0 0 0 0
667.891 3.07784 289.063 261.42 1.06998 0.94284 0.2 0.3 0.6 0.8 1.4 1.5 2.2 3.3 3.1 3.7 4.3 4.9 0.12022 2.13897e-08 3.61807e-10 0.399225 0.286165 7.92892e-11 0.200269 0.0641029 0 0 0 0 0.000693477 0.166881 0.0778647 0.197353 0.344578 1.54335e-10 0.144389 0.0110814 0 0 0 0
666.211 3.0701 288.473 260.831 1.04942 0.969144 0.3 0.5 0.8 1.4 1.5 2.1 1.9 2.8 3.3 3.8 4.4 5 0.0842814 0.216692 0.136407 0.0928117 0.379928 2.25827e-08 2.64216e-06 0.139299 0 0 0 0 0.184839 0.00158768 0.279413 0.309558 6.72007e-06 0.15126 0.00515059 0.037329 0 0 0 0
651.893 3.00412 283.39 255.747 1.05957 1.01043 0.0001 0.5 0.8 1.4 1.5 1.8 2.2 3 3.4 4 4.6 5.2 0.0966111 0.039933 0.371199 0.165401 0.0948258 0.169048 0.00271944 0.119835 0 0 0 0 0.058747 0.204879 0.183894 0.350975 0.00507729 2.88048e-09 0.169426 0.0374304 0 0 0 0
645.773 2.97591 281.182 253.54 1.06853 1.03278 0.0001 0.5 0.7 1.4 1.6 1.9 2.4 3.3 3.4 3.9 4.4 4.9 0.0621838 0.164198 0.18045 0.459449 0.00190865 0.0130248 0.111014 0.0763065 0 0 0 0 0.0825755 0.0274189 0.356318 0.230025 0.148498 0.0177694 0.143281 0.0268952 0 0 0 0
658.416 3.03418 285.719 258.077 1.05544 1.0011 0.2 0.5 0.8 0.7 1.5 2 2.2 2.9 3.4 4 4.5 5.1 0.0466206 0.246169 0.119563 0.0347244 0.469323 0.00135776 0.00252486 0.135159 0 0 0 0 0.12721 0.0310163 0.349295 0.000255043 0.311733 3.27898e-08 0.14058 0.0410102 0 0 0 0
647.388 2.98335 281.767 254.124 1.08177 0.986317 0.0001 0.5 0.7 1.4 1.5 1.9 2.4 3.6 3.2 3.8 4.3 4.8 0.0710272 0.00329263 0.397417 0.35754 8.6188e-05 0.0284913 0.167738 0.0561817 0 0 0 0 0.0864301 8.38062e-08 0.386069 0.0624178 0.288417 0.0294939 0.121405 0.0120843 0 0 0 0
684.526 3.1545 294.82 267.177 1.0479 0.973384 0.2 0.6 0.6 1.1 1.5 1.3 2.1 3 3.1 3.7 4.2 4.8 0.0846219 0.205445 0.0480924 0.311093 0.148309 8.86504e-07 0.173856 0.0764825 0 0 0 0 0.0971009 0.205605 0.078228 4.43879e-07 2.91543e-08 0.378971 0.180604 0.0328741 0 0 0 0
661.647 3.04907 286.865 259.222 1.05469 1.00774 0.0001 0.7 0.4 1.4 1.5 2 2.1 2.9 3.2 3.8 4.3 4.9 0.000766294 0.22386 0.213845 0.00819238 0.472952 1.60172e-06 5.3958e-06 0.135068 0 0 0 0 0.0903603 0.370472 8.41917e-07 0.320941 1.85998e-07 2.29004e-07 0.174109 0.051854 0 0 0 0
703.903 3.24379 301.351 273.709 1.03435 0.971284 0.2 0.4 0.6 0.7 1.4 1.5 2.1 2.7 3.2 3.7 4.3 4.9 0.0696514 0.0221772 0.00916833 0.380541 0.120227 0.264141 0.0423375 0.126107 0 0 0 0 0.118177 2.44703e-08 8.9955e-10 0.326016 0.340632 1.03852e-09 0.138669 0.0477906 0 0 0 0
661.535 3.04855 286.825 259.182 1.05471 1.00765 0.0001 0.6 0.7 0.4 1.4 1.5 2.1 2.9 3.4 4 4.5 5.1 0.00635686 0.255891 0.0144108 0.142995 0.102935 0.393557 0.00360358 0.134957 0 0 0 0 0.0903111 0.000840499 0.369572 4.08509e-06 0.320995 2.98712e-06 0.174019 0.0519021 0 0 0 0
645.204 2.97329 280.976 253.334 1.06784 1.02473 0.0001 0.6 0.8 1.5 1.6 2.2 2.4 3.2 3.3 3.9 4.5 5.1 0.108428 0.0115417 0.392445 0.353618 0.00787499 0.0749055 0.024986 0.0940371 0 0 0 0 0.0869488 0.144645 0.274109 0.211724 0.144397 2.13908e-07 0.139657 0.0232499 0 0 0 0
647.137 2.9822 281.676 254.033 1.08305 0.978084 0.2 0.6 0.8 1.3 1.6 1.7 2.4 3.6 3.3 3.8 4.3 4.8 0.108798 0.0753769 0.298042 0.248817 0.0046965 0.125718 0.16422 0.0573815 0 0 0 0 0.121722 0.0876059 0.276163 0.0997821 0.266114 3.97831e-09 0.117458 0.00923789 0 0 0 0
659.589 3.03958 286.136 258.493 1.05874 0.999572 0.2 0.6 0.7 0.9 1.5 1.4 2.1 3 3.3 3.9 4.4 4.9 0.110303 0.192057 0.00481901 0.17185 0.25039 0.138905 0.0790684 0.11135 0 0 0 0 0.130815 0.120495 4.82838e-05 0.258103 0.00182756 0.25498 0.192225 0.041077 0 0 0 0
667.687 3.0769 288.991 261.349 1.06987 0.943918 0.2 0.4 0.6 0.8 1.4 1.5 2.2 3.3 3.2 3.8 4.4 4.9 0.120197 9.28578e-08 1.82996e-10 0.399235 0.286195 1.95535e-07 0.200131 0.064114 0 0 0 0 0.0520695 0.169509 1.51509e-05 0.222694 0.343099 1.40551e-07 0.145124 0.0114072 0 0 0 0
652.981 3.00913 283.78 256.137 1.05851 1.00806 0.0001 0.6 0.7 1.4 1.5 2.1 2.2 3 3.3 3.9 4.4 5 0.0717108 0.202241 0.156969 0.29673 0.141483 0.0751221 0.000120199 0.114131 0 0 0 0 0.0762961 0.181336 0.179841 0.36679 3.05234e-06 1.27705e-06 0.16677 0.037023 0 0 0 0
694.476 3.20035 298.196 270.554 1.03947 0.970093 0.6 0.4 0.5 1.1 1.5 1.6 2.1 2.8 3.2 3.7 4.2 4.8 0.135423 0.192546 2.2703e-05 0.321187 2.06854e-05 0.199286 0.0866941 0.104292 0 0 0 0 7.33955e-10 0.294744 5.36832e-08 0.314082 0.166506 3.38963e-08 0.157604 0.0371563 0 0 0 0
645.776 2.97593 281.184 253.541 1.06852 1.0328 0.0001 0.5 0.7 1.4 1.6 1.9 2.4 3.3 3.5 4 4.6 5.1 0.0621636 0.164235 0.180469 0.459017 0.00260209 0.0126449 0.111101 0.07629 0 0 0 0 0.0825431 0.0276097 0.356102 0.230324 0.148143 0.017909 0.143264 0.0268996 0 0 0 0
662.956 3.0551 287.327 259.685 1.07395 0.959731 0.0001 0.4 0.7 0.6 1.3 1.5 2.2 3.4 3.2 3.8 4.4 5 0.0802357 3.82357e-08 0.359597 4.5427e-08 0.353318 4.0494e-11 0.218011 0.0627914 0 0 0 0 0.0229576 0.163999 0.00012172 0.180717 0.371464 0.0425319 0.161634 0.0163056 0 0 0 0
641.81 2.95765 279.742 252.099 1.07177 1.03727 0.0001 0.6 0.9 1.4 1.7 1.6 2.5 3.4 3.6 4.2 4.7 5.3 0.0661147 0.337522 0.00216021 0.419471 3.12616e-06 0.0649071 0.114465 0.0671286 0 0 0 0 0.0862406 0.197536 0.263542 1.9296e-06 0.0496552 0.289197 0.131251 0.019845 0 0 0 0
651.803 3.0037 283.357 255.715 1.05944 1.00862 0.0001 0.5 0.8 1.4 1.5 1.8 2.2 3 3.3 3.8 4.4 5 0.101275 0.0256267 0.381066 0.228112 0.00888915 0.195453 1.74812e-08 0.119021 0 0 0 0 0.0582891 0.206795 0.181188 0.356656 0.000139892 1.78733e-07 0.16892 0.036627 0 0 0 0
661.262 3.04729 286.729 259.086 1.05529 0.992727 0.3 0.5 1.2 1.1 1.4 1.8 2 2.9 3.2 3.8 4.3 4.9 0.0152693 0.374996 0.00025925 4.7789e-06 0.446287 0.0876833 4.55277e-11 0.130794 0 0 0 0 0.158147 0.12319 0.158804 0.272889 2.27156e-08 5.6839e-09 0.232738 0.0469595 0 0 0 0
647.108 2.98206 281.665 254.023 1.06657 1.03102 0.3 0.5 0.7 1.2 1.5 1.9 2.4 3.2 3.3 3.9 4.5 5 0.193322 0.0138839 0.111467 0.431821 0.0124465 0.169476 0.0409551 0.0931981 0 0 0 0 0.172984 1.60268e-05 0.225592 0.213559 0.173978 0.0932304 0.122165 0.0294972 0 0 0 0
649.696 2.99399 282.599 254.957 1.06184 1.01365 0.2 0.4 0.8 1.5 1.6 1.5 2.3 3.1 3.4 3.9 4.5 5.1 0.136767 0.00274408 0.358803 0.375005 1.8803e-07 0.0129419 0.0790297 0.0965511 0 0 0 0 0.0993819 0.0733289 0.325975 0.329066 1.22837e-06 0.00882935 0.147377 0.029693 0 0 0 0
664.225 3.06095 287.775 260.132 1.05473 0.998599 0.0001 0.5 0.6 1.2 1.4 1.6 2 2.9 3.2 3.8 4.3 4.9 0.00482123 0.36388 0.0308308 0.0228126 0.301168 0.195387 0.00381093 0.132017 0 0 0 0 0.0796233 0.0263784 0.246624 0.366338 8.72169e-07 4.37703e-08 0.227104 0.052531 0 0 0 0
648.999 2.99078 282.348 254.706 1.06487 1.02833 0.2 0.5 0.8 1.4 1.5 1.7 2.3 3.2 3.3 3.8 4.4 4.9 0.106414 0.114749 0.219971 0.355125 0.059391 0.0160788 0.106453 0.0866831 0 0 0 0 0.0893261 0.159557 0.204041 0.325753 0.0097575 0.0442413 0.162288 0.0333679 0 0 0 0
646.056 2.97722 281.285 253.642 1.06662 1.02262 0.2 0.4 0.7 1.2 1.6 1.7 2.4 3.2 3.5 4 4.5 5 0.12422 0.00804325 0.26426 0.23611 0.259174 0.00691124 0.0796651 0.0882325 0 0 0 0 0.120748 0.000589739 0.310936 0.169014 0.218773 0.0441436 0.135254 0.0231574 0 0 0 0
661.421 3.04802 286.785 259.142 1.05516 0.996137 0.3 0.4 0.5 1.1 1.4 1.7 2 2.9 3.3 3.9 4.4 5 7.38902e-06 0.0198029 0.373522 1.54535e-07 0.41732 0.108193 0.00406138 0.132252 0 0 0 0 0.0952159 0.170222 9.39562e-05 0.4085 0.041174 4.45619e-07 0.231711 0.0492193 0 0 0 0
642.634 2.96145 280.042 252.4 1.07226 1.04228 0.2 0.3 0.8 1.2 1.6 1.8 2.5 3.4 3.6 4.2 4.8 5.4 3.68953e-09 0.196682 0.212579 0.221041 0.269218 1.00475e-08 0.102291 0.0704481 0 0 0 0 0.135513 8.99762e-07 0.392109 0.0165231 0.327048 0.0154342 0.133833 0.0218211 0 0 0 0
646.202 2.97789 281.338 253.695 1.06619 1.02396 0.3 0.6 0.8 1.1 1.6 1.7 2.4 3.2 3.4 4 4.6 5.2 0.180747 0.0954104 0.0396954 0.306917 0.254468 0.0217823 0.0796625 0.0875069 0 0 0 0 0.181441 0.0476578 0.174794 0.186932 0.209545 0.066548 0.132365 0.0246787 0 0 0 0
645.599 2.97511 281.119 253.477 1.0667 1.02155 0.2 0.4 0.8 1.5 1.6 1.8 2.4 3.2 3.5 4 4.6 5.1 0.136561 0.00383085 0.357704 0.381482 1.64294e-05 0.0166602 0.0827135 0.0877278 0 0 0 0 0.118237 0.0343765 0.363696 0.1627 0.183271 1.38914e-06 0.136859 0.0224081 0 0 0 0
643.202 2.96406 280.249 252.606 1.07104 1.02796 0.3 -0.2 0.8 0.9 1.6 1.7 2.5 3.3 3.6 4.1 4.6 5.1 0.0514191 0.114714 2.33544e-11 0.403234 0.338216 0.00194995 0.0816205 0.0798896 0 0 0 0 0.0342406 0.113598 0.277384 0.123597 0.261428 0.0760922 0.125792 0.0158268 0 0 0 0
683.317 3.14893 294.406 266.763 1.048 0.975885 0.0001 0.5 0.6 1.2 1.4 1.6 2.1 3 3 3.5 4.1 4.7 0.0547007 0.000238255 0.320156 0.348847 0.000189732 0.0750505 0.171331 0.0774909 0 0 0 0 0.0412733 0.300668 5.95349e-07 0.286513 0.131321 7.36525e-09 0.182709 0.0333996 0 0 0 0
649.511 2.99314 282.533 254.89 1.06273 1.02275 0.3 0.4 0.6 1.2 1.5 1.9 2.3 3.1 3.3 3.9 4.4 5 0.14382 0.0566257 0.105257 0.451425 3.66512e-05 0.18398 0.0164204 0.105167 0 0 0 0 0.148823 0.000128538 0.210823 0.287043 0.135605 0.0717943 0.133646 0.0348872 0 0 0 0
656.176 3.02385 284.922 257.279 1.05787 1.01267 0.2 0.6 1 1.5 1.6 1.9 2.2 3 3.4 4 4.6 5.2 0.126903 0.140778 0.330847 0.0213776 0.226471 0.0951649 0.000200861 0.11613 0 0 0 0 0.110141 0.219713 0.208114 0.276373 2.86139e-09 6.59245e-12 0.155093 0.0432397 0 0 0 0
645.267 2.97358 280.999 253.356 1.06767 1.02404 0.0001 0.6 0.8 1.5 1.6 2 2.4 3.2 3.4 4 4.6 5.1 0.10962 0.000513158 0.406518 0.341626 0.00437628 0.0557013 0.0567805 0.0925302 0 0 0 0 0.0869583 0.144477 0.274298 0.210939 0.145021 1.35079e-09 0.13938 0.0229718 0 0 0 0
640.746 2.95275 279.354 251.711 1.07902 1.01852 0.2 0.7 0.9 1.5 1.8 1.9 2.5 3.6 3.4 4 4.5 5.1 0.134846 0.00306804 0.482242 0.140913 0.00304352 0.147558 0.11013 0.0572211 0 0 0 0 0.127716 0.216265 0.178059 0.248324 0.115047 1.57719e-08 0.114325 0.0187857 0 0 0 0
658.044 3.03246 285.587 257.944 1.05487 0.998694 0.2 0.7 0.8 0.9 1.6 1.5 2.2 2.9 3.4 3.9 4.4 5 0.106691 0.350013 0.000205357 0.0169168 0.139961 0.307982 3.95637e-06 0.133092 0 0 0 0 0.127709 0.222255 0.00847343 0.152199 5.15273e-08 0.308147 0.139647 0.0402644 0 0 0 0
651.8 3.00369 283.356 255.714 1.06106 1.0222 0.3 0.5 0.7 1.2 1.5 1.8 2.2 3.1 3.4 3.9 4.4 4.9 0.126067 0.165566 0.0376283 0.340331 0.151199 0.055243 0.0860718 0.0989592 0 0 0 0 0.0980231 0.236569 0.00460299 0.318859 0.140589 2.43822e-06 0.183649 0.0399037 0 0 0 0
645.236 2.97344 280.987 253.345 1.06773 1.02429 0.0001 0.6 0.8 1.5 1.6 2.1 2.4 3.2 3.5 4.1 4.6 5.2 0.108492 0.0100645 0.394672 0.355055 0.000912354 0.0588678 0.0465449 0.0931212 0 0 0 0 0.0869517 0.144558 0.274207 0.211232 0.144794 1.42499e-10 0.139477 0.0230738 0 0 0 0
641.513 2.95628 279.634 251.991 1.0791 1.01495 0.2 0.6 0.9 1.5 1.8 1.9 2.5 3.6 3.5 4.1 4.7 5.2 0.128686 0.0232173 0.464727 0.122698 0.132621 0.0311712 0.119959 0.0560258 0 0 0 0 0.119281 0.151094 0.260482 0.23165 0.12313 3.65864e-05 0.112115 0.017166 0 0 0 0
651.868 3.004 283.38 255.738 1.06106 1.02156 0.3 0.5 0.7 1.2 1.5 1.8 2.2 3.1 3.4 3.9 4.4 4.9 0.12721 0.157765 0.0501846 0.320123 0.17782 0.0393827 0.0899484 0.098627 0 0 0 0 0.0968261 0.240516 0.000586779 0.321868 0.137432 0.00149359 0.183103 0.0397293 0 0 0 0
662.874 3.05472 287.298 259.656 1.05449 0.987615 0.3 0.4 0.5 1.1 1.4 1.8 2 2.9 3.2 3.7 4.2 4.7 0.0100013 0.0413534 0.331397 5.67303e-07 0.48399 0.00150761 0.0605777 0.125664 0 0 0 0 0.09699 0.167472 1.15788e-06 0.409549 0.0398649 5.28341e-06 0.229594 0.0441401 0 0 0 0
663.709 3.05857 287.593 259.95 1.0537 1.00191 0.3 0.5 0.6 1.2 1.4 1.8 2 2.9 3.3 3.9 4.4 5 0.0179797 0.368251 0.000738558 0.01211 0.438803 0.0844996 0.00175923 0.129563 0 0 0 0 0.161787 6.33385e-07 0.174932 0.386436 1.83939e-08 3.34702e-09 0.222658 0.0560952 0 0 0 0
662.185 3.05154 287.055 259.412 1.05498 0.993676 0.3 0.5 0.5 1.1 1.4 1.8 2 2.9 3.2 3.8 4.4 5 0.0148802 0.325167 0.0502668 8.09033e-06 0.446682 0.0875505 1.30634e-11 0.130429 0 0 0 0 0.164669 0.0551287 0.0537781 0.392479 0.050075 1.26056e-08 0.229203 0.0483428 0 0 0 0
645.333 2.97388 281.023 253.38 1.06721 1.02202 0.0001 0.4 0.7 0.8 1.5 1.6 2.4 3.2 3.5 4 4.6 5.1 0.106399 0.00258494 0.0148633 0.396596 0.212151 0.168037 0.076956 0.0896251 0 0 0 0 0.0865033 0.0191889 0.23091 0.165721 0.221371 0.137465 0.138755 0.0221094 0 0 0 0
652.735 3.008 283.692 256.049 1.0589 1.00981 0.0001 0.5 0.7 1.4 1.5 1.8 2.2 3 3.4 3.9 4.5 5.1 0.0808907 0.0293571 0.342996 0.239077 0.141524 0.0747497 0.034184 0.116118 0 0 0 0 0.0705396 0.102151 0.26674 0.364756 1.34326e-07 3.80797e-10 0.168036 0.037584 0 0 0 0
649.509 2.99313 282.532 254.889 1.06273 1.02276 0.3 0.4 0.6 1.2 1.5 1.9 2.3 3.1 3.4 4 4.5 5.1 0.147481 0.0501981 0.108476 0.450769 9.46614e-05 0.184258 0.0162637 0.105189 0 0 0 0 0.148595 0.000554147 0.210578 0.287168 0.135503 0.0718332 0.133639 0.0348937 0 0 0 0
684.245 3.1532 294.723 267.081 1.04776 0.970962 0.3 0.6 0.8 1.3 1.5 1.4 2.1 3 3.2 3.7 4.3 4.9 0.137661 0.102915 0.200414 0.345558 0.000288636 2.28588e-06 0.18611 0.0748096 0 0 0 0 0.155524 0.167221 0.0645097 0.371703 6.78745e-10 4.27429e-08 0.18075 0.0312549 0 0 0 0
643.86 2.9671 280.488 252.846 1.06935 1.02932 0.3 0.3 0.8 1.2 1.6 1.8 2.5 3.3 3.5 4.1 4.6 5.1 0.0704895 0.122862 0.224175 0.205225 0.280178 0.000137566 0.0907807 0.0755024 0 0 0 0 0.147335 0.0420474 0.257105 0.183022 0.126505 0.13788 0.116267 0.0191575 0 0 0 0
649.362 2.99245 282.479 254.837 1.06415 1.02227 0.2 -0.1 0.8 1 1.6 1.9 2.4 3.1 3.4 3.9 4.5 5 0.119897 0.0326218 0.109129 0.381626 0.135891 0.175129 2.31187e-08 0.109854 0 0 0 0 0.137311 1.0939e-07 0.367086 0.0400202 0.326613 4.51814e-06 0.124165 0.0270651 0 0 0 0
