Chi2   rChi2   BIC   AIC    Qichtot    Qimtot  R[0]  R[1]  R[2]  R[3]  R[4]  R[5]  R[6]  R[7]  R[8]  R[9]  R[10]  R[11]  Q0ch    Q1ch    Q2ch    Q3ch    Q4ch    Q5ch    Q6ch    Q7ch    Q8ch    Q9ch    Q10ch    Q11ch    Q0m    Q1m    Q2m    Q3m    Q4m    Q5m    Q6m    Q7m    Q8m    Q9m    Q10m    Q11m
507.263 2.16779 240.782 198.1 1.0138 1.01135 0.0001 0.5 0.7 1.2 1.3 1.9 2.2 2.9 3.4 4.5 4.4 5.2 0.0745158 0.0589153 0.17154 0.0887261 0.289804 0.192779 0.0125969 0.0715821 0.0429904 1.19449e-12 2.59348e-13 0.0103541 0.0586398 0.0919475 0.213997 0.0164095 0.288576 0.147336 0.084618 0.0729386 0.027794 0.00326229 0.00445278 0.00137448
461.752 1.9733 216.436 173.754 1.00806 1.11298 0.1 0.3 0.8 1.4 1.5 2.1 2.2 2.8 3.3 4 4.4 5.2 1.11022e-16 0.108404 0.327789 0.122375 0.202765 1.08836e-08 0.151219 0.0499756 0.0319507 0.0089193 0.00465893 2.69396e-13 0.0300776 0.111388 0.272631 0.325273 6.5482e-09 0.00610984 0.176062 0.0701914 0.0322852 0.062995 1.67796e-09 0.0259671
506.142 2.163 240.209 197.527 1.01267 1.09699 0.0001 0.3 0.9 1.3 1.7 2.2 2.5 3.1 3.5 3.9 3.6 5.1 0.0250243 0.129343 0.249663 0.211594 0.208211 0.0677841 0.0167591 0.0780651 0.0166804 4.62141e-12 4.4223e-10 0.00954328 0.00451391 0.164896 0.289619 0.148022 0.196537 0.0436464 0.12238 0.0375361 0.000596688 0.0357621 0.02302 0.030462
433.38 1.85205 200.012 157.33 1.00831 1.04407 0.2 0.5 0.9 1.3 1.5 1.8 2.2 2.8 3.3 3.9 4.4 5 0.0444072 0.144598 0.273445 0.0329578 0.255872 0.0176625 0.141249 0.0534856 0.0301122 0.0085786 0.00594146 9.30004e-11 0.0930837 0.110696 0.224 0.174586 0.0941097 0.0685775 0.133001 0.0786708 0.0116269 0.0454835 4.09538e-10 0.0102329
434.843 1.8583 200.884 158.202 1.00833 1.03345 0.1 0.4 0.8 1.1 1.5 1.7 2.2 2.7 3.3 3.8 4.3 5.2 0.0157066 0.131164 0.219055 0.146722 0.189412 0.0770354 0.120974 0.0584926 0.0365198 0.00469659 0.00855257 2.33424e-13 0.0548188 0.113918 0.178209 0.176946 0.169114 0.0710713 0.121151 0.0797355 0.017724 0.0330962 0.0102362 0.00743284
432.793 1.84954 199.661 156.979 1.00847 1.05218 0.1 0.5 0.7 1.2 1.6 2 2.4 2.9 3.5 4.4 4.3 5.8 0.0378444 0.0891475 0.214115 0.252271 0.153522 0.0979305 0.0806764 0.0474262 0.0273809 0.00514429 0.00301188 6.02069e-10 0.0618411 0.107638 0.171881 0.257131 0.112653 0.152378 0.0436484 0.071302 0.0322658 0.0286715 9.23492e-09 0.0127681
433.207 1.85131 199.909 157.227 1.00829 1.04625 0.2 0.6 1 1.2 1.6 2 2.3 2.9 3.4 3.9 4.3 5 0.0541259 0.218157 0.168867 0.115876 0.218146 0.0305834 0.11685 0.048573 0.0255503 0.00288501 0.00867273 5.79118e-10 0.100677 0.167086 0.146052 0.168367 0.164948 0.0520047 0.115967 0.0697959 0.00377532 0.046927 7.67957e-10 0.0106482
434.382 1.85633 200.61 157.928 1.0085 1.00094 0.1 0.6 0.8 1.1 1.3 1.7 2.1 2.6 3.3 3.8 4.3 4.4 0.0400985 0.241181 0.0403148 0.14161 0.168119 0.144345 0.0979312 0.0824097 0.0403251 0.00288 0.00928242 4.44705e-11 0.0755179 0.216162 0.00726899 0.195432 0.127931 0.139443 0.0891905 0.100441 0.0200885 0.0247262 0.00473462 4.50695e-12
434.819 1.8582 200.87 158.188 1.0084 1.03178 0.1 0.5 0.8 1.3 1.7 2 2.4 2.9 3.5 4.4 3.6 4.3 0.0342498 0.137313 0.217617 0.262987 0.103628 0.0883758 0.0815416 0.0470674 0.0281942 0.00742226 5.75562e-12 2.78993e-10 0.0598957 0.14106 0.186583 0.265318 0.0547345 0.15627 0.039651 0.0724535 0.016421 0.0241089 0.0152815 4.32987e-15
432.552 1.84851 199.517 156.835 1.00832 1.03999 0.1 0.4 0.8 1.2 1.4 1.8 2.2 2.8 3.4 3.9 4.3 5 0.0218998 0.110538 0.280198 0.0316145 0.26028 0.0764189 0.125762 0.0613667 0.0294698 0.00184555 0.00893129 2.96586e-11 0.0528557 0.116725 0.199877 0.164248 0.144985 0.0909564 0.126426 0.0812306 0.0105812 0.0428173 1.09922e-10 0.00928477
436.701 1.86624 201.989 159.307 1.00809 0.996704 0.2 0.5 0.8 1.1 1.5 1.9 2.2 2.7 3.2 3.5 4.2 4.3 0.047227 0.12335 0.190192 0.144365 0.235154 0.0497692 0.109517 0.0579325 0.0247132 0.0169246 0.00895106 2.57695e-09 0.0809154 0.121302 0.13915 0.184147 0.167406 0.111017 0.0763574 0.0564862 0.0370551 0.00504519 0.0178223 8.04803e-10
439.957 1.88016 203.913 161.231 1.00838 0.993736 0.2 0.6 0.8 1.3 1.8 1.9 2.4 3 3.5 4.3 4.4 5.3 0.0579709 0.161963 0.159373 0.288079 0.0916482 0.0735415 0.100524 0.0448018 0.0220696 0.00675276 0.00165595 6.06071e-13 0.0935956 0.137681 0.15169 0.274864 6.83686e-12 0.178603 0.0716326 0.0571007 0.0129611 0.0156082 2.9548e-09 1.87905e-13
437.092 1.86791 202.22 159.539 1.00809 0.994328 0.2 0.5 0.7 1.1 1.5 1.7 2.2 2.6 3.1 3.5 4.2 4.4 0.0505967 0.0854634 0.177531 0.222107 0.137806 0.111919 0.106898 0.0545632 0.0334457 0.018893 0.00887078 1.00246e-10 0.081977 0.102448 0.11568 0.259835 0.0354707 0.184113 0.100792 0.040957 0.0487954 0.00678487 0.0174754 3.23835e-12
501.546 2.14336 237.847 195.165 1.01349 1.07293 0.1 0.4 0.9 1.3 1.7 1.9 2.4 2.7 3.3 4.6 4.4 5.2 0.0616369 0.10706 0.215822 0.262912 0.0855228 0.141914 0.00284343 0.0593514 0.0660647 5.30292e-12 1.66644e-13 0.0103679 0.0376332 0.151962 0.27429 0.124638 0.194641 0.0485671 0.0992736 0.0307822 0.0746591 4.40759e-13 0.0265925 0.0098885
514.241 2.19761 244.321 201.639 1.01369 1.00711 0.2 0.5 0.9 1.3 1.7 2.1 2.3 3.1 3.6 4.1 4.7 5.2 0.10991 0.0590486 0.224331 0.231526 0.189986 0.0442179 0.0457171 0.0855387 0.01263 1.42496e-11 6.09335e-11 0.0107867 0.0803122 0.133045 0.22837 0.161715 0.181009 0.0305326 0.10515 0.0771008 6.27688e-05 0.00768652 0.00212984 2.89305e-09
500.937 2.14076 237.532 194.85 1.01381 1.00778 0.2 0.6 1 1.2 1.3 1.8 2.2 2.7 3.3 3.2 4.5 5.2 0.112023 0.106862 0.196539 0.0111194 0.214281 0.219286 0.0178519 0.0588494 0.0654915 0.000956528 7.32747e-15 0.010554 0.089827 0.195203 0.159014 5.43129e-07 0.186784 0.177646 0.0803821 0.0574676 0.0253624 0.0279012 0.00819222 3.5096e-07
501.854 2.14467 238.005 195.323 1.01384 1.0331 0.2 0.5 0.7 1.1 1.5 1.9 2.1 2.7 3.3 4.1 4.5 5.2 0.111326 0.0342478 0.105647 0.28045 0.17946 0.165417 4.16699e-09 0.0605287 0.0659753 8.39495e-13 2.27818e-12 0.0107848 0.0861641 0.0809942 0.150849 0.215548 0.165088 0.0930685 0.0951361 0.0728352 0.055531 0.00400202 0.0113786 0.00250253
436.497 1.86537 201.868 159.186 1.00854 1.00569 0.3 0.7 0.8 1.2 1.5 1.7 2.2 2.6 3.1 3.6 4.2 4.4 0.10176 0.14013 0.13497 0.178473 0.118761 0.108483 0.112113 0.0496818 0.0392017 0.0172196 0.000596381 0.00715091 0.156106 4.5295e-10 0.227922 0.197969 0.00808811 0.191495 0.100857 0.0437287 0.0513889 0.00898062 0.0191538 9.11862e-08
432.563 1.84856 199.523 156.841 1.00833 1.03998 0.2 0.4 0.8 1.3 1.4 1.8 2.2 2.8 3.4 3.9 4.3 5 0.0352015 0.0926609 0.289524 0.0441579 0.242556 0.0768896 0.125711 0.0613715 0.0294875 0.00179587 0.00897291 2.74026e-11 0.0863734 0.0699216 0.231353 0.263956 0.021312 0.0979144 0.125054 0.0815117 0.0104933 0.0428403 1.13679e-08 0.00925157
502.681 2.14821 238.432 195.75 1.01358 1.02429 0.1 0.3 0.7 1.2 1.7 1.8 2.2 2.8 3.3 4.3 4.7 5.2 0.0577284 0.0627963 0.164646 0.33489 0.092284 0.132977 0.0432847 0.0532656 0.0608638 1.03806e-13 3.84914e-13 0.0108433 0.0276806 0.0962825 0.222839 0.258691 0.11995 0.0680361 0.108178 0.0592657 0.0481529 0.010301 0.00296913 0.00194651
435.667 1.86182 201.375 158.693 1.00833 1.02446 0.3 0.7 0.9 1.1 1.5 1.6 2.2 2.6 3.2 3.7 4.3 4.8 0.099196 0.22106 8.91091e-08 0.219094 0.0299051 0.210673 0.113426 0.0550066 0.0436774 0.00734039 0.00895033 7.58071e-12 0.159378 0.0352561 0.265884 0.0521826 2.05164e-12 0.26332 0.104436 0.0599248 0.0504199 0.0113543 0.0223021 9.64384e-12
437.505 1.86968 202.465 159.783 1.00853 1.01691 0.3 0.7 0.8 1.2 1.6 1.7 2.2 2.7 3.2 3.8 4.3 4.5 0.101713 0.143548 0.129018 0.193067 0.20788 3.37714e-09 0.128053 0.05018 0.0367319 0.0128451 2.77523e-09 0.00549753 0.156193 2.62646e-11 0.228396 0.196884 0.0273943 0.170889 0.110542 0.0510089 0.0472119 0.00960924 0.0187863 2.33878e-10
437.107 1.86798 202.23 159.548 1.00829 1.01781 0.3 0.7 0.8 1.1 1.5 1.9 2.2 2.8 3.3 3.8 4.4 4.8 0.102593 0.132026 0.13504 0.123921 0.25942 0.019829 0.137018 0.0543935 0.0284128 0.00973465 0.00590699 6.177e-12 0.156651 2.91828e-12 0.217025 0.137407 0.192472 0.0922958 0.0950152 0.0633419 0.0329555 0.0110405 0.0196074 6.35275e-12
433.391 1.8521 200.018 157.336 1.00874 0.997596 0.0001 0.4 0.7 1 1.3 1.8 2 2.5 3 3.5 3.9 4.4 0.0308518 0.0546998 0.280246 8.02243e-10 0.311599 0.0780673 0.10298 0.0808341 0.0363881 0.0239858 0.000783293 0.00830182 0.0553158 0.085079 0.171396 0.100172 0.241758 0.122505 0.0496849 0.111464 0.0233559 0.0143719 0.0224926 1.74983e-10
434.917 1.85862 200.928 158.247 1.00831 1.01189 0.2 0.4 0.7 1.2 1.5 1.9 2.2 2.8 3.4 4.3 3.5 5 0.0549347 0.0257287 0.278275 0.189932 0.180083 0.0614956 0.114752 0.0644817 0.0138158 0.00823039 0.0165822 4.30211e-14 0.0851564 0.0363923 0.230133 0.225879 0.100134 0.135053 0.0740293 0.0725143 0.0249675 0.0199155 0.00771324 0
440.546 1.88267 204.259 161.577 1.00863 1.04635 0.1 0.5 0.8 1.3 1.7 1.9 2.4 2.9 3.5 4 4.4 5.2 0.0336319 0.140386 0.212545 0.272676 0.0601342 0.115258 0.0936558 0.0435244 0.0288076 5.25726e-10 0.00800547 9.82603e-12 0.0675558 0.131486 0.171714 0.311678 5.55554e-10 0.135478 0.112114 0.0474591 0.0218008 0.0354731 2.81097e-10 0.011592
434.823 1.85822 200.873 158.191 1.00821 1.06538 0.1 0.5 0.9 1.3 1.7 1.8 2.3 2.9 3.5 3.9 4.3 5 0.0293074 0.175156 0.227347 0.187217 0.181096 7.81844e-10 0.122299 0.0513397 0.0260572 3.67823e-10 0.00839103 8.34388e-13 0.0648561 0.158024 0.183052 0.254781 0.00377046 0.128429 0.127051 0.0729039 0.0044258 0.05312 4.18126e-10 0.0149711
433.287 1.85165 199.956 157.274 1.00834 1.04451 0.1 0.5 0.9 1.3 1.5 2 2.4 2.9 3.4 3.9 4.3 5 0.0303297 0.169924 0.246251 0.088968 0.201221 0.109582 0.0800986 0.0437543 0.0270807 0.00196929 0.00916559 2.08639e-10 0.0653303 0.155289 0.192399 0.204471 0.0905829 0.132764 0.0769327 0.0661374 0.00434095 0.0461893 7.60569e-12 0.010072
434.292 1.85595 200.556 157.874 1.00838 1.02095 0.0001 0.6 0.7 1.2 1.5 1.9 2.4 2.7 3.3 3.7 4.3 5.2 0.0370599 0.210473 0.0828857 0.262967 0.0991029 0.151578 0.0666915 0.0473538 0.0364289 0.00496984 0.00886753 1.75526e-13 0.0689594 0.204929 0.0471881 0.287218 0.0695383 0.150272 0.0638346 0.0690364 0.0109303 0.0321869 0.0120746 0.00478022
438.766 1.87507 203.211 160.529 1.00867 0.998995 0.1 0.6 0.6 1 1.3 1.7 2.1 2.6 3.1 3.5 4.1 4.4 0.0397168 0.0783359 0.171873 0.134802 0.214871 0.131064 0.106014 0.0750295 0.0243534 0.0244173 2.52543e-07 0.00818915 0.0664865 0.239964 1.51473e-06 0.112321 0.214276 0.109297 0.135359 0.044083 0.0561373 2.67135e-09 0.0210682 6.38375e-09
434.325 1.85609 200.576 157.894 1.00847 0.998729 0.0001 0.6 0.7 1.1 1.4 1.9 2.1 2.6 3.3 3.8 4.3 4.7 0.0369627 0.222081 0.0600353 0.164462 0.213738 0.11563 0.0580231 0.085553 0.0395289 0.00349582 0.0089643 1.46216e-11 0.068278 0.233035 3.17095e-10 0.200699 0.181979 0.115347 0.0484054 0.10336 0.0184802 0.0252068 0.00393985 1.5366e-12
434.223 1.85565 200.515 157.833 1.00848 1.0018 0.0001 0.4 0.7 1.1 1.3 1.8 2.1 2.6 3.3 3.8 4.3 4.4 0.0281334 0.0655172 0.261047 0.0390148 0.272425 0.125291 0.0804525 0.0844627 0.0397475 0.00325173 0.00913811 2.50744e-12 0.0583286 0.0717594 0.204664 0.0914974 0.229595 0.121613 0.0718661 0.102879 0.0196276 0.0252989 0.00466714 2.68896e-13
438.349 1.87329 202.965 160.283 1.0081 1.0739 0.0001 0.4 0.7 1 1.5 1.9 2.3 2.9 3.5 4.4 4.5 5 0.0173173 0.113545 0.147004 0.21506 0.248858 0.0636212 0.117013 0.0508936 0.0273886 0.00740078 2.11186e-11 4.9922e-11 0.0434487 0.110406 0.137221 0.205702 0.214024 0.109449 0.0957655 0.0725324 0.0476924 0.0352474 0.00240948 4.121e-11
509.039 2.17538 241.687 199.005 1.01326 1.07676 0.1 0.3 0.9 1.3 1.7 2.1 2.5 3.1 3.6 3.9 5.1 5.2 0.0302337 0.12375 0.249343 0.215007 0.197576 0.062016 0.032144 0.0776663 0.0160695 0 7.48316e-10 0.00945064 0.0046805 0.165056 0.287688 0.151752 0.187 0.0408254 0.130337 0.0294194 0.0308992 0.0224708 0.0218975 0.00473027
435.532 1.86125 201.295 158.613 1.00837 1.02297 0.2 0.5 0.7 1.2 1.6 2 2.4 2.8 3.3 3.8 4.4 4.3 0.0556618 0.0511795 0.238588 0.244808 0.15856 0.0961482 0.0777309 0.0379432 0.0334134 0.00757613 0.0067655 5.81616e-11 0.0905192 0.0480676 0.208049 0.247269 0.116982 0.14971 0.035706 0.0611159 0.0334464 0.0125709 0.0195374 2.50454e-08
436.507 1.86542 201.874 159.192 1.00808 0.996393 0.2 0.5 0.7 1 1.3 1.8 2 2.5 3.1 3.5 4.2 4.3 0.0572703 0.0416013 0.250578 0.0342937 0.283899 0.110027 0.0747836 0.0934378 0.0342136 0.0192106 0.0087666 5.80651e-09 0.0857779 0.0800512 0.144417 0.117739 0.208896 0.129795 0.078709 0.0769564 0.0479941 0.00846745 0.0175895 2.37634e-09
435.321 1.86034 201.169 158.487 1.00836 1.00583 0.1 0.5 0.7 1.2 1.4 1.9 2.3 2.8 3.4 4.3 4.4 5 0.0405871 0.0675896 0.24857 0.15378 0.18642 0.130892 0.0822362 0.0571197 0.0317985 0.00936913 2.17834e-10 3.98237e-13 0.0617299 0.106828 0.173661 0.228086 0.0853175 0.181437 0.0506886 0.0676389 0.0314103 0.0190363 1.67724e-10 7.89646e-13
436.008 1.86328 201.577 158.895 1.00826 1.01019 0.2 0.5 0.7 1.1 1.5 2 2.4 2.7 3.2 3.7 4.3 5 0.053239 0.0692688 0.202584 0.191801 0.218814 0.114378 0.0657943 0.0364389 0.0375301 0.0109561 0.00745383 1.96509e-14 0.0864759 0.0751175 0.158389 0.208398 0.173765 0.160098 0.0210819 0.0591874 0.0386681 0.0111926 0.0178193 7.23865e-14
434.63 1.85739 200.758 158.076 1.00851 1.0018 0.0001 0.5 0.8 1.2 1.5 1.7 2.1 2.6 3.3 3.8 4.3 4.8 0.028661 0.156775 0.179688 0.209027 0.0896374 0.107329 0.103298 0.0813854 0.0406736 0.00260936 0.0094232 9.3936e-13 0.0611825 0.145474 0.140714 0.252913 0.0309688 0.129576 0.090461 0.10048 0.0203416 0.0248141 0.00488079 4.89864e-12
434.857 1.85836 200.893 158.211 1.00863 0.993953 0.1 0.4 0.9 1 1.5 1.8 2.3 2.7 3.2 3.8 4.4 5.2 0.00831771 0.15904 0.272912 0.0497855 0.235056 0.0757616 0.116255 0.0325372 0.042126 0.00993379 0.00690657 3.2585e-14 0.0475241 0.140539 0.163872 0.149739 0.207137 0.0749271 0.10982 0.054199 0.0175127 0.0272482 0.00143519 1.16356e-09
432.301 1.84744 199.366 156.684 1.00847 1.0172 0.0001 0.5 0.7 1.1 1.5 2 2.2 2.8 3.4 3.8 4.3 5 0.0330431 0.10621 0.186719 0.184153 0.236328 0.0482822 0.111256 0.0621637 0.0287553 0.00242857 0.00912596 8.68194e-14 0.0585841 0.151538 0.0776552 0.253313 0.179993 0.0727918 0.0968887 0.0822169 2.00636e-10 0.0392588 0.00113366 0.00383149
505.656 2.16092 239.96 197.278 1.01363 1.02733 0.2 0.5 0.9 1.3 1.6 1.8 2.3 2.6 3.2 3.5 4.2 5.2 0.108759 0.0638174 0.211494 0.264813 1.19647e-10 0.20928 0.0222929 0.042085 0.072876 0.00685456 2.39481e-12 0.0113545 0.0788401 0.138826 0.214118 0.197332 3.41496e-10 0.193456 0.0763061 0.0429046 0.0695224 3.51602e-12 0.0135005 0.00252464
434.436 1.85656 200.642 157.96 1.00828 1.04658 0.3 0.7 0.9 1.1 1.5 1.8 2.2 2.8 3.3 3.9 4.4 5 0.101552 0.182768 0.11143 0.0938052 0.263112 0.0151902 0.142867 0.0526309 0.0304325 0.00871871 0.0057693 4.5991e-13 0.172034 3.46858e-10 0.269133 0.0586581 0.237754 0.016703 0.147358 0.0747264 0.0143974 0.0451155 2.86976e-10 0.0106964
434.681 1.85761 200.788 158.106 1.00832 1.03923 0.3 0.7 0.9 1.1 1.5 1.9 2.2 2.8 3.3 3.9 4.4 5 0.101628 0.181125 0.116344 0.0884425 0.2688 0.0134626 0.140678 0.0529285 0.0305064 0.00849099 0.00591742 6.83337e-12 0.171909 2.06068e-12 0.270005 0.0567519 0.240958 0.0173316 0.142363 0.0742068 0.0133385 0.0429997 1.37449e-10 0.00936462
435.452 1.86091 201.247 158.565 1.00842 1.0155 0.2 0.5 0.9 1.4 1.6 2 2.3 2.9 3.5 4.3 4.4 5 0.0438711 0.146595 0.268554 0.178447 0.119871 0.0586083 0.104361 0.0539501 0.0262688 0.00255311 0.0053426 6.91669e-14 0.0808859 0.128381 0.245039 0.204334 0.0518992 0.132231 0.0563225 0.0698504 0.0257213 0.0155403 0.00529222 2.11386e-13
433.663 1.85326 200.181 157.499 1.00805 1.05478 0.2 0.4 0.9 1.4 1.5 1.9 2.3 2.9 3.4 3.9 4.2 5 0.0152115 0.147701 0.317083 1.11869e-08 0.267457 0.0553328 0.120795 0.0469898 0.0269257 4.79636e-10 0.0105514 4.30665e-11 0.0734546 0.106966 0.275005 0.216229 0.0370446 0.0873318 0.121596 0.0703288 0.00437373 0.0497146 3.36522e-09 0.0127377
434.376 1.85631 200.606 157.924 1.00827 1.03386 0.3 0.7 0.9 1.4 1.6 1.9 2.3 2.8 3.3 3.6 4.3 4.4 0.101847 0.171962 0.159868 0.272049 0.00747394 0.105144 0.0964693 0.0482535 0.027639 0.0085413 0.00901955 2.05391e-13 0.159982 0.0249657 0.301929 0.0683801 0.197822 0.0473039 0.10956 0.0469498 0.0425774 0.00811954 0.0262653 2.20546e-13
508.181 2.17171 241.25 198.568 1.01356 1.01055 0.2 0.5 0.8 1.2 1.6 2 2.3 3 3.4 4.3 4.5 5.2 0.113586 0.0349823 0.175072 0.251975 0.195684 0.0967056 0.0314338 0.0699026 0.0334132 3.31402e-14 4.10783e-15 0.0108089 0.0849536 0.103877 0.189696 0.192205 0.16741 0.092734 0.0830356 0.0672107 0.0198587 0.00650719 0.00209139 0.000973801
504.791 2.15723 239.517 196.835 1.01331 1.10066 0.1 0.4 0.8 1.1 1.6 2 2.4 2.9 3.4 3.9 4.7 5.1 0.0605505 0.109119 0.0883127 0.288541 0.231875 0.0959622 0.0215669 0.0604376 0.0478794 1.71529e-14 2.5428e-12 0.00906715 0.0522267 0.124037 0.153355 0.223496 0.219215 0.0484542 0.130645 0.0461253 0.0319008 0.0405534 3.67693e-10 0.0306535
505.087 2.15849 239.669 196.987 1.01394 1.01698 0.2 0.5 0.8 1.2 1.5 1.9 2.2 2.9 3.4 4.2 4.6 5.2 0.114067 0.0322642 0.181766 0.225041 0.165139 0.1387 0.0346033 0.0670294 0.0450683 1.50308e-12 1.35281e-13 0.0102575 0.0861635 0.0986968 0.201384 0.157523 0.158254 0.0991096 0.103829 0.0705594 0.0308503 0.00249344 0.00730032 0.000815348
506.15 2.16303 240.213 197.531 1.01329 1.02524 0.0001 0.5 0.6 1.2 1.6 1.9 2.2 2.8 3.3 3.8 4.4 5.2 0.0741805 3.87912e-13 0.195908 0.352649 0.0816821 0.172636 0.00699848 0.060354 0.0581985 1.07692e-14 1.66533e-16 0.0106887 0.0594584 1.74764e-11 0.266364 0.287302 0.0710518 0.138157 0.0734147 0.0661101 0.0431246 0.00332823 0.0125659 0.00436571
437.808 1.87097 202.644 159.962 1.00823 1.01148 0.3 0.7 0.8 1 1.4 1.8 2.1 2.7 3.3 3.9 4.3 4.4 0.104718 0.0611021 0.252382 1.49635e-10 0.304078 0.0235008 0.146047 0.0686544 0.034628 0.00617078 0.00694899 3.19162e-11 0.156644 7.8123e-10 0.204765 0.099498 0.20846 0.0908958 0.115916 0.0718461 0.0396172 0.00696239 0.0168769 4.05676e-10
434.935 1.8587 200.939 158.257 1.00838 1.03643 0.1 0.3 0.7 1.2 1.3 1.8 2.2 2.7 3.3 3.9 4.4 5 0.0237803 0.0504909 0.294666 3.07981e-09 0.302694 0.124797 0.0999522 0.0632301 0.0352044 0.00711165 0.0064545 5.14261e-12 0.0401644 0.0848842 0.209387 0.201854 0.117208 0.130851 0.0977821 0.0836643 0.0209907 0.0402799 3.35471e-10 0.00936849
433.887 1.85422 200.314 157.632 1.00838 1.04042 0.3 0.7 0.9 1.4 1.5 2 2.3 2.9 3.5 4.3 4.4 5.8 0.102563 0.163991 0.1748 0.180188 0.117365 0.0870337 0.0925034 0.0568107 0.0243273 0.00842979 0.000367832 8.06121e-09 0.156598 0.0571154 0.252079 0.10103 0.147421 0.128211 0.0602756 0.0709057 0.0285663 1.24463e-09 0.0254501 0.012765
437.67 1.87038 202.563 159.881 1.00813 1.02361 0.3 0.7 0.9 1.3 1.5 1.6 2.2 2.7 3.3 4.1 4.3 4.5 0.101842 0.174586 0.148676 0.164739 2.22385e-09 0.182959 0.131051 0.0528828 0.0400541 0.00951638 4.09868e-09 0.00182344 0.160078 0.0246874 0.30099 0.0329851 0.0127623 0.240617 0.118099 0.0578302 0.0504196 2.68968e-10 0.0251376 4.40386e-10
502.684 2.14822 238.434 195.752 1.01368 1.00708 0.2 0.5 0.8 1.2 1.7 2.1 2.2 2.8 3.3 3.4 4.6 5.2 0.111015 0.0467197 0.15173 0.294463 0.210682 0.0708702 0.00160967 0.0568716 0.046415 0.0130316 3.53606e-14 0.0102736 0.0828336 0.114001 0.169665 0.227447 0.185241 0.0267218 0.0922026 0.0577247 0.0436383 1.04179e-10 0.00760168 4.39648e-13
435.647 1.86174 201.363 158.681 1.00816 1.01119 0.3 0.7 0.9 1.3 1.6 1.9 2.3 2.8 3.3 4.2 4.3 5.2 0.101223 0.182753 0.13283 0.192182 0.135743 0.0644809 0.109259 0.0415762 0.0369141 0.0112032 3.50276e-11 1.95954e-14 0.159748 0.0268837 0.295905 0.0456216 0.232038 0.0337939 0.111576 0.0395116 0.0439229 5.02631e-12 0.0221847 1.82797e-11
511.001 2.18377 242.684 200.002 1.01394 1.02732 0.1 0.4 0.9 1.4 1.9 2 2.6 2.9 3.4 4 4.5 5.2 0.0652193 0.0968773 0.249721 0.309118 0.0544852 0.1138 0.000734555 0.0697158 0.043724 3.89688e-14 7.43849e-14 0.010542 0.0398109 0.14665 0.284208 0.191668 0.198086 0.0054502 0.0734 0.0319382 0.0422064 2.77214e-10 0.0113724 0.00252629
436.255 1.86434 201.725 159.043 1.00834 1.00075 0.2 0.6 0.9 1.2 1.5 1.9 2.4 3 3.5 4.3 4.4 5.3 0.0554431 0.202656 0.132025 0.158147 0.165271 0.118125 0.102434 0.0432529 0.022669 0.00730978 0.00101334 4.71623e-13 0.0902868 0.183317 0.104339 0.191468 0.102139 0.161979 0.0767664 0.0561534 0.0163692 0.0179273 7.78266e-14 4.25104e-13
437.242 1.86856 202.31 159.628 1.00836 1.0488 0.3 0.7 0.9 1.3 1.5 1.8 2.2 2.7 3.2 3.9 4.5 5 0.102162 0.169178 0.162466 0.102158 0.200343 0.0377416 0.131405 0.0463005 0.040023 0.0119038 0.00468058 3.40825e-11 0.171668 3.06977e-12 0.285134 0.0987068 0.154244 0.0588537 0.123617 0.0738827 0.0279389 0.0445715 9.62411e-10 0.0101798
505.129 2.15867 239.69 197.008 1.0139 1.00915 0.2 0.5 0.8 1.2 1.5 1.9 2.2 2.9 3.4 3.8 4.6 5.2 0.11406 0.0322832 0.181745 0.225095 0.16509 0.138702 0.0346445 0.0670428 0.0450962 5.21805e-15 6.21725e-15 0.0101411 0.0861284 0.0987598 0.201089 0.157721 0.157513 0.0995313 0.102535 0.069364 0.0292091 7.61362e-10 0.00730037 1.17957e-08
503.659 2.15239 238.935 196.254 1.01323 1.02849 0.2 0.5 0.8 1.1 1.5 1.7 2.2 2.5 3.2 3.4 4.2 5.1 0.104124 0.0832946 0.0474589 0.335692 4.36492e-10 0.274132 0.0191208 0.0570653 0.07322 0.00824422 7.04936e-13 0.0108818 0.0770464 0.143832 0.0862482 0.262908 8.74405e-09 0.230357 0.0712003 0.0663144 0.0723164 3.23348e-11 0.0140082 0.00426032
514.307 2.19789 244.354 201.672 1.01369 1.00083 0.2 0.5 0.9 1.3 1.7 2.1 2.3 3.1 3.6 4.2 4.7 5.2 0.109892 0.0590944 0.224256 0.23167 0.189771 0.0444837 0.0456034 0.0855287 0.0126871 1.62537e-12 7.73962e-11 0.0106991 0.0802335 0.13319 0.227895 0.162186 0.179481 0.0327718 0.102457 0.0757009 3.02848e-05 0.006455 0.000430291 1.04701e-07
503.163 2.15027 238.68 195.998 1.01252 1.13477 0.2 0.5 1 1.2 1.6 1.8 2.3 2.9 3.3 3.9 3.8 5.1 0.10427 0.0864174 0.252838 0.113682 0.17181 0.115031 0.0564562 0.0453682 0.0569277 4.16334e-15 8.47822e-13 0.00971624 0.0882741 0.136787 0.270115 0.0647192 0.207943 0.0214075 0.154798 0.0699359 0.0185311 0.049063 0.0152022 0.0379978
437.714 1.87057 202.589 159.907 1.00831 0.994791 0.3 0.7 0.9 1.4 1.7 2 2.4 3 3.5 4.3 4.7 5.3 0.102171 0.169061 0.164637 0.262473 0.0464834 0.0970625 0.0900374 0.0468252 0.0209366 0.00862385 1.69309e-13 8.32667e-16 0.156177 0.0612703 0.241341 0.197334 0.070853 0.113418 0.0668334 0.0566525 0.0142638 0.0166485 7.92921e-13 2.38642e-12
435.647 1.86174 201.363 158.681 1.00844 1.0103 0.3 0.7 0.9 1.4 1.6 2 2.3 2.9 3.5 4.3 4.4 5.2 0.102331 0.166559 0.169596 0.239025 0.0667287 0.0797339 0.0948302 0.0561704 0.0252072 0.00427511 0.00398534 9.21485e-15 0.15636 0.0590401 0.246714 0.171621 0.0873279 0.112477 0.0665094 0.0665274 0.0247643 0.0189551 2.88362e-11 3.82266e-12
501.553 2.14339 237.85 195.168 1.01344 1.07417 0.0001 0.5 0.9 1.1 1.6 1.9 2.5 2.8 3.3 3.4 4.4 5.2 0.0642233 0.153744 0.00810098 0.336808 0.180479 0.126029 0.032093 0.0371975 0.0643582 3.29885e-09 4.43534e-13 0.0104036 0.0497384 0.189644 0.116061 0.195434 0.171206 0.126289 0.107658 0.00519329 0.0757608 2.53778e-10 0.0271353 0.0100512
504.912 2.15774 239.579 196.897 1.01394 1.00989 0.2 0.5 0.7 1.1 1.5 1.9 2.2 2.9 3.4 4 4.6 5.2 0.114871 0.0138902 0.134488 0.2548 0.209371 0.124996 0.0397916 0.0660633 0.0455417 3.83027e-15 8.83182e-14 0.0101239 0.0891353 0.0643519 0.173542 0.196389 0.181925 0.0938536 0.10425 0.0692248 0.0295753 4.5215e-09 0.00764708 1.00474e-08
503.944 2.15361 239.082 196.4 1.01336 0.994441 0.2 0.5 0.9 1 1.5 1.8 2.1 2.7 3.2 3.4 4.6 5.2 0.105752 0.0800572 1.11651e-09 0.305971 0.234863 0.0849969 0.0745132 0.0420167 0.0586833 0.0161669 3.44169e-15 0.0103435 0.0795892 0.137235 0.153978 0.11879 0.234104 0.0150747 0.149183 0.0477295 0.0532819 3.26306e-10 0.00547727 9.76996e-15
505.087 2.15849 239.669 196.987 1.01394 1.01698 0.2 0.5 0.8 1.2 1.5 1.9 2.2 2.9 3.4 4.2 4.6 5.2 0.114067 0.0322642 0.181766 0.225041 0.165139 0.1387 0.0346033 0.0670294 0.0450683 1.50258e-12 1.3517e-13 0.0102575 0.0861635 0.0986968 0.201384 0.157523 0.158254 0.0991096 0.103829 0.0705594 0.0308503 0.00249344 0.00730032 0.000815349
505.023 2.15822 239.636 196.954 1.01394 1.01935 0.2 0.5 0.8 1.2 1.6 2 2.2 2.9 3.4 4.2 4.6 5.2 0.113168 0.0367526 0.171317 0.257639 0.187875 0.10379 0.0208825 0.067189 0.0450468 3.4156e-13 9.49241e-15 0.0102785 0.0850867 0.104017 0.18944 0.192212 0.171416 0.064373 0.0991817 0.0705046 0.0315541 0.00301871 0.00742443 0.00111801
505.907 2.162 240.089 197.407 1.01384 1.01331 0.2 0.5 0.8 1.3 1.8 2.1 2.2 2.9 3.4 3.9 4.5 5.2 0.116069 0.0216816 0.210224 0.321171 0.152742 0.0687466 8.20694e-09 0.0688837 0.044157 3.11973e-14 2.98095e-13 0.0101658 0.0867668 0.0946439 0.214701 0.250166 0.147447 5.88967e-10 0.109007 0.0693528 0.0306551 9.8237e-11 0.00915108 0.00142072
514.935 2.20058 244.67 201.988 1.01379 0.998487 0.1 0.5 0.8 1.3 1.4 1.9 2.2 3 3.5 3.8 4.5 5.2 0.0811624 0.0803637 0.180389 0.28746 0.0673749 0.164568 0.0338255 0.0814121 0.0270173 2.04337e-13 8.9373e-15 0.0102222 0.0621021 0.130042 0.20928 0.12777 0.159019 0.107953 0.109874 0.0773111 0.00960941 0.00152923 0.00399808 4.44416e-08
437.782 1.87086 202.629 159.947 1.00805 0.998415 0.3 0.7 0.9 0.8 1.4 1.5 2 2.6 3.2 3.5 4.2 4.4 0.101649 0.17451 0.154578 0.000272289 0.285081 1.60246e-10 0.154371 0.0857268 0.0248442 0.0186975 0.00832076 8.62908e-10 0.157428 3.89372e-08 0.145434 0.145829 0.200653 0.0471392 0.1663 0.0686817 0.0477125 5.16472e-11 0.019236 1.39694e-12
435.581 1.86146 201.324 158.642 1.00802 1.05117 0.2 0.5 0.9 1.4 1.6 1.7 2.2 2.8 3.4 4.2 4.4 4.3 0.0440247 0.146054 0.269996 0.168393 0.1347 0.00705063 0.138941 0.0576232 0.0321879 0.00589406 0.00315195 3.73551e-12 0.0851744 0.115318 0.268975 0.150757 0.0222133 0.135835 0.121742 0.0675209 0.0503829 5.15643e-13 0.03325 6.06681e-13
436.86 1.86692 202.083 159.401 1.00833 0.996681 0.2 0.5 0.8 1.2 1.6 2 2.4 3 3.5 4.3 4.4 3.7 0.0471495 0.12232 0.203921 0.201338 0.185429 0.0750998 0.0985806 0.0436082 0.0226535 0.00739223 0.000844453 7.35007e-12 0.0835885 0.107473 0.181747 0.203133 0.146058 0.12068 0.0643386 0.0581539 0.0141872 0.0173232 4.59314e-08 2.04128e-10
435.144 1.85959 201.064 158.382 1.0086 0.992083 0.1 0.4 0.8 1 1.5 2 2.3 2.7 3.2 3.8 4.4 4.5 0.014701 0.13569 0.180135 0.154587 0.265288 0.0733371 0.0865778 0.0413872 0.039406 0.0109812 0.00651267 7.8881e-11 0.0524358 0.122937 0.119392 0.199408 0.240401 0.0705787 0.0812452 0.0627546 0.0142019 0.0280876 0.000640451 6.20136e-09
437.476 1.86955 202.448 159.766 1.00837 0.993236 0.1 0.5 0.9 1.3 1.7 2.1 2.4 3 3.5 4.3 4.4 5.2 0.0292965 0.175324 0.226764 0.189045 0.174829 0.0396977 0.0995985 0.042333 0.0234981 0.00617865 0.00180209 2.2754e-13 0.0558516 0.171775 0.197952 0.191686 0.138196 0.10125 0.047062 0.0607783 0.0118564 0.0168293 2.70517e-12 1.55431e-15
433.4 1.85214 200.024 157.342 1.00831 1.04331 0.2 0.4 0.8 1.2 1.5 1.8 2.2 2.8 3.3 3.9 4.4 5 0.0327255 0.0992113 0.272879 0.10746 0.229496 0.0296081 0.138316 0.0542534 0.0297403 0.00873364 0.00588348 8.5113e-11 0.0824703 0.0800597 0.206721 0.199178 0.13212 0.0641882 0.133099 0.0786258 0.0115016 0.045263 1.19469e-10 0.0100859
503.638 2.1523 238.924 196.243 1.01256 1.12743 0.2 0.3 0.9 1.3 1.5 1.9 2.2 2.8 3.3 3.9 3.8 5.1 0.0619061 0.0895126 0.259547 0.155239 0.151177 0.145834 0.0239434 0.0554145 0.0604054 8.49321e-14 2.44527e-13 0.00957759 0.00620213 0.163915 0.297516 0.0506238 0.232964 0.0115524 0.159047 0.0834598 0.0247608 0.0447035 0.0160164 0.036669
828.551 3.54082 367.86 325.178 1.01488 1.12286 0.1 0.3 0.7 1.1 1.4 1.7 2.3 2.9 3 3.8 4.4 5.2 0.0163011 0.115712 0.178876 0.127298 0.183754 0.234664 0.0153979 0.112896 7.0741e-09 0.0168789 2.10942e-15 0.0131032 0.0458586 0.076173 0.212307 0.139831 0.224103 0.076056 0.17526 0.0534633 0.0122333 0.070591 7.19326e-10 0.0369871
437.998 1.87179 202.757 160.075 1.00829 1.01792 0.3 0.4 0.8 1.1 1.4 1.8 2.2 2.7 3.2 3.8 4.4 5 0.0896418 0.0295095 0.30304 0.00506869 0.2806 0.0736998 0.121677 0.0499483 0.0376619 0.0118668 0.0055727 1.98637e-11 0.156431 1.01591e-12 0.221335 0.113659 0.15756 0.145317 0.0908808 0.0569937 0.0436737 0.0138905 0.0181834 2.12113e-11
436.447 1.86516 201.838 159.156 1.00834 1.01848 0.3 0.7 0.9 1.4 1.5 2 2.3 2.8 3.3 3.9 4.4 4.5 0.102404 0.165518 0.172015 0.194784 0.100959 0.0966551 0.0806848 0.0498202 0.0313793 0.00843191 0.00568922 3.22145e-11 0.156484 0.0577519 0.249849 0.115582 0.130468 0.135557 0.0481993 0.0624413 0.0331572 0.0136385 0.0153545 2.71939e-11
509.733 2.17835 242.04 199.358 1.0134 0.97897 0.0001 0.5 0.9 1.1 1.6 1.7 2.2 2.5 3.1 3.4 4.5 5.2 0.064236 0.154432 6.54548e-09 0.353506 0.0242305 0.23938 0.0430258 0.0341193 0.0647395 0.0254358 3.86104e-11 0.0102965 0.0510153 0.184767 0.110223 0.215758 3.37308e-09 0.235267 0.0744911 0.0439004 0.0628689 1.09245e-09 0.000679152 1.98793e-09
500.93 2.14073 237.528 194.846 1.01375 1.00607 0.2 0.5 0.9 1.2 1.5 1.9 2.1 2.7 3.3 3.2 4.5 5.2 0.107702 0.0683693 0.18738 0.185161 0.160393 0.167946 1.08894e-09 0.0595399 0.0623983 0.00430962 4.44089e-16 0.0105502 0.0798773 0.135019 0.219536 0.087577 0.185661 0.0651501 0.112459 0.0606578 0.0234345 0.0288008 0.00789691 3.08233e-11
502.203 2.14617 238.186 195.504 1.01387 1.02931 0.1 0.4 0.6 1.1 1.5 1.9 2.1 2.7 3.3 4.2 4.5 5.2 0.0735872 0.0400189 0.123692 0.300119 0.171357 0.168221 6.891e-09 0.0598807 0.0662331 7.71605e-14 1.25011e-13 0.0107603 0.0588256 0.032875 0.208384 0.241447 0.15218 0.102064 0.0901831 0.0724322 0.0550876 0.00324006 0.0106715 0.0019176
509.833 2.17877 242.091 199.409 1.0136 0.988762 0.2 0.3 0.7 0.9 1.3 1.6 2.1 2.6 3.1 3.5 4.2 5.2 0.0648926 0.0851311 1.454e-12 0.265167 0.161331 0.211106 0.104428 0.0175483 0.076374 0.017056 1.66533e-16 0.0105621 0.0741474 0.0398199 0.219252 0.0685006 0.211632 0.117967 0.158502 0.027781 0.0676043 1.96161e-09 0.00355651 4.7945e-12
436.512 1.86544 201.877 159.195 1.00822 1.00432 0.3 0.4 0.8 0.9 1.4 1.6 2.1 2.6 3.1 3.6 4.3 4.4 0.0786695 0.0489194 0.241064 0.0671697 0.241297 0.0711407 0.136195 0.0625752 0.0358099 0.0183128 0.00707134 1.4469e-07 0.13686 0.0373349 0.0189591 0.280838 0.124183 0.141819 0.135708 0.0490543 0.050402 0.0109723 0.0181941 1.88576e-07
509.277 2.1764 241.808 199.126 1.01434 1.0251 0.2 0.3 0.7 1.2 1.3 1.8 2.1 2.8 3.4 3.9 4.6 5.2 0.115989 9.9903e-09 0.1708 0.297618 0.0537968 0.212383 0.0305806 0.0699278 0.0531972 5.62121e-11 1.04805e-13 0.0100519 0.0753902 0.036352 0.250872 0.096077 0.190665 0.124759 0.11913 0.0801213 0.0402438 1.52163e-08 0.0105864 0.000905907
437.135 1.8681 202.246 159.564 1.00841 0.99994 0.3 0.7 0.8 1.1 1.5 2 2.1 2.6 3.2 3.6 4.2 4.4 0.101197 0.165124 0.0870569 0.15071 0.24117 0.0299008 0.103672 0.0735744 0.0350468 0.0126166 0.00356845 0.00477633 0.156473 6.38112e-09 0.217385 0.135552 0.200044 0.12819 0.0262173 0.0680786 0.0481889 9.21584e-07 0.0198104 2.58716e-11
721.861 3.08487 332.158 289.476 1.01151 1.13359 0.1 0.4 1 1.1 1.6 2.1 2.6 3.2 3.3 4 4.8 4.9 0.0437233 0.125 0.263268 0.140263 0.214629 0.0436939 0.147478 4.44089e-15 1.11022e-16 0.0334588 1.66533e-16 5.82867e-15 0.0338687 0.178432 0.319824 2.51127e-12 0.257155 0.0741979 0.132317 3.39062e-11 0.0544948 0.0537875 0.0295096 3.747e-14
436.487 1.86533 201.862 159.18 1.00826 1.01018 0.1 0.5 0.7 1.2 1.3 1.8 2.2 2.7 3.3 3.9 4.3 4.4 0.040887 0.064548 0.254929 0.0407844 0.266905 0.130712 0.0970917 0.0638478 0.0356616 0.00574909 0.00714719 8.86447e-09 0.0594601 0.123688 0.14771 0.289251 6.10213e-07 0.185106 0.0731523 0.0692815 0.039268 0.00693823 0.0163237 7.09927e-12
433.986 1.85464 200.373 157.692 1.00827 1.04201 0.2 0.4 0.8 1.1 1.5 1.8 2.2 2.8 3.4 3.9 4.3 5 0.029032 0.108793 0.246373 0.108701 0.254842 0.0232837 0.13784 0.0583311 0.0308333 0.00145308 0.0087866 5.29653e-10 0.077485 0.0931507 0.167178 0.187597 0.196305 0.0361486 0.141152 0.0773994 0.0121016 0.0431622 7.70083e-10 0.0103275
436.86 1.86692 202.083 159.401 1.00834 0.996683 0.2 0.5 0.8 1.2 1.6 2 2.4 3 3.5 4.3 4.4 3.7 0.0471498 0.122319 0.203922 0.201336 0.18543 0.075099 0.0985809 0.0436086 0.0226524 0.00738528 0.000854037 1.43161e-10 0.0835882 0.107473 0.181746 0.203132 0.146058 0.120679 0.0643376 0.0581546 0.0141905 0.0173231 1.2374e-09 2.93564e-09
501.254 2.14211 237.696 195.014 1.01375 1.01613 0.0001 0.4 0.7 1.2 1.3 1.8 2 2.7 3.3 4.5 4.5 5.2 0.062386 0.0742297 0.144585 0.317698 0.0389187 0.207992 0.0298585 0.0618901 0.0656139 2.22045e-15 2.22045e-15 0.0105738 0.0478021 0.0840113 0.22576 0.0926441 0.206404 0.0657937 0.157027 0.0758743 0.049764 0.00900685 0.00138955 0.000650467
435.015 1.85904 200.987 158.305 1.0085 1.01662 0.0001 0.5 0.7 1.2 1.7 1.9 2.3 2.9 3.5 4.3 4.4 5.3 0.0325133 0.106299 0.1963 0.274444 0.188063 0.00467719 0.11948 0.0519016 0.02691 0.00140679 0.00650162 1.54177e-12 0.0533646 0.13321 0.14635 0.281391 0.0993788 0.106656 0.0819614 0.0668902 0.0268016 0.0193425 0.0012724 2.23455e-12
435.008 1.85901 200.983 158.301 1.00821 1.06865 0.1 0.4 0.9 1.3 1.6 1.7 2.3 2.9 3.3 3.9 4.3 5.2 0.00888102 0.157108 0.304028 0.0806493 0.231383 0.00832349 0.13703 0.0372845 0.0292278 0.00694059 0.00735048 1.08247e-14 0.0447722 0.14527 0.242998 0.197881 1.7369e-08 0.149116 0.145271 0.0670977 0.00286684 0.0571514 2.638e-10 0.0162288
432.538 1.84845 199.508 156.826 1.00836 1.04029 0.0001 0.5 0.9 1.3 1.5 1.8 2.2 2.8 3.4 3.9 4.3 5 0.0271687 0.174712 0.244253 0.0894861 0.194731 0.0461396 0.130877 0.0603828 0.0300368 0.00128747 0.00928513 1.46072e-12 0.0576004 0.170413 0.17313 0.256857 0.0138836 0.0999574 0.123897 0.0819838 0.0104079 0.0429624 2.67626e-10 0.00919642
437.307 1.86883 202.348 159.666 1.00847 1.024 0.0001 0.5 0.7 1.2 1.6 1.8 2.3 2.8 3.3 3.9 4.4 4.8 0.0326749 0.104848 0.198778 0.26818 0.0929899 0.111997 0.106614 0.0456372 0.0328092 0.00732192 0.00661458 8.91898e-13 0.0527938 0.13762 0.140068 0.290048 5.68157e-13 0.194325 0.0870556 0.0566309 0.0353217 0.0159214 0.0142105 2.81219e-12
435.149 1.85961 201.067 158.385 1.00844 1.01331 0.0001 0.5 0.8 1.1 1.5 1.3 2.1 2.7 3.4 3.7 4.3 4.4 0.0289633 0.15642 0.168417 0.146996 0.235768 0.00921455 0.143763 0.0743226 0.0352297 9.55638e-09 0.00935045 4.09615e-08 0.0618481 0.143348 0.132464 0.166321 0.201872 0.0248441 0.142125 0.09238 0.00634704 0.0334431 0.00832194 9.08928e-08
