Chi2   rChi2   BIC   AIC    Qichtot    Qimtot  R[0]  R[1]  R[2]  R[3]  R[4]  R[5]  R[6]  R[7]  R[8]  R[9]  R[10]  R[11]  Q0ch    Q1ch    Q2ch    Q3ch    Q4ch    Q5ch    Q6ch    Q7ch    Q8ch    Q9ch    Q10ch    Q11ch    Q0m    Q1m    Q2m    Q3m    Q4m    Q5m    Q6m    Q7m    Q8m    Q9m    Q10m    Q11m
878.416 4.048 353.178 325.535 1.12102 1.08561 0.3 0.4 0.4 1.1 1.4 2 2.5 3.4 3.3 3.8 4.3 4.8 0.0258935 0.220813 0.0142862 0.453061 0.0344934 0.271651 1.41182e-08 0.100821 0 0 0 0 1.098e-08 0.0545654 0.251096 0.279397 0.202534 0.136001 0.11715 0.0448627 0 0 0 0
882.39 4.06631 354.234 326.591 1.1191 1.06181 0.1 0.4 0.6 1.2 1.5 2 2.3 3.4 3.5 4.1 4.7 5.2 0.0528662 1.06099e-07 0.328379 0.363376 1.05757e-05 0.267298 0.0159709 0.0911961 0 0 0 0 0.00125196 0.268465 0.0724153 0.312543 0.170229 2.11417e-05 0.188626 0.0482544 0 0 0 0
869.918 4.00884 350.903 323.26 1.12039 1.16684 0.6 0.4 0.5 1.2 1.5 2.1 2.5 3.6 3.5 4 4.6 5.2 0.136422 0.19637 0.00399039 0.436832 5.27018e-05 0.259751 0.00247122 0.0844973 0 0 0 0 0.0710499 0.180895 0.126538 0.190497 0.313447 0.0166328 0.196446 0.0713355 0 0 0 0
901.999 4.15668 359.377 331.735 1.10473 1.0362 0.3 0.4 1.3 1.1 1.2 1.4 2 3 3 3.5 4 4.5 0.000747191 0.303145 2.20748e-07 0.144238 0.000115697 0.442907 0.0733965 0.140185 0 0 0 0 0.0988 0.168354 4.83731e-09 0.443486 4.23559e-07 7.54152e-10 0.258879 0.0666785 0 0 0 0
892.97 4.11507 357.023 329.38 1.1128 1.04483 0.3 0.5 0.8 1.3 1.5 2 2.2 3.2 3.4 4 4.5 5.1 0.192052 0.000868353 0.213229 0.398538 2.40596e-07 0.196408 2.62729e-06 0.111702 0 0 0 0 0.148707 0.1249 0.121577 0.394144 4.83835e-08 3.69234e-10 0.205985 0.049522 0 0 0 0
901.347 4.15367 359.208 331.565 1.10599 1.02517 0.3 0.5 1 1.3 1.4 2 1.4 3 3.3 3.8 4.4 4.9 0.121007 0.195882 0.0861435 0.0232545 0.466059 0.0729212 0.000883098 0.139837 0 0 0 0 0.21815 7.97454e-06 0.399392 0.0916353 7.55943e-06 0.254348 4.81126e-05 0.0615845 0 0 0 0
899.288 4.14419 358.673 331.03 1.10766 1.0293 0.3 0.4 0.5 1.2 1.3 1.2 2.1 3.1 3.2 3.7 4.3 4.8 0.131041 0.115243 0.0308026 0.04614 0.286572 0.235837 0.148048 0.113976 0 0 0 0 0.126002 0.00313658 0.189718 0.411226 0.000330423 0.0217406 0.225429 0.0517158 0 0 0 0
906.103 4.17559 360.439 332.797 1.10617 1.00703 0.3 0.4 0.7 1.3 1.4 2 2.1 3 3.2 3.8 4.4 4.9 0.016349 0.232235 0.138572 0.0155642 0.480698 0.088976 6.55068e-06 0.133774 0 0 0 0 0.175832 7.68686e-08 0.22807 0.361727 7.69218e-13 6.88599e-12 0.191773 0.0496247 0 0 0 0
898.112 4.13876 358.366 330.724 1.10768 1.04656 0.3 0.4 0.4 1.1 1.3 1.5 2.1 3.1 3.2 3.7 4.2 4.7 0.119052 0.122834 0.0297083 0.147209 0.398676 0.045948 0.123788 0.120462 0 0 0 0 0.0698323 0.023584 0.186059 0.373527 0.0517738 0.052069 0.230302 0.059412 0 0 0 0
888.478 4.09437 355.843 328.2 1.11582 1.04629 0.3 0.4 1.1 1.4 1.3 2 2.3 3.3 3.3 3.8 4.3 4.9 6.29194e-06 0.271178 0.414898 0.0669561 0.00639996 0.257544 4.17925e-07 0.0988351 0 0 0 0 1.71586e-06 0.304485 0.266667 0.220961 5.02495e-06 0.0590581 0.150098 0.045017 0 0 0 0
870.635 4.01214 351.096 323.453 1.12114 1.1547 0.3 0.5 0.9 1.5 1.6 2.3 2.5 3.6 3.6 4.1 4.6 5.2 0.113683 0.10729 0.357062 0.0275886 0.283804 0.150092 1.25412e-10 0.0816233 0 0 0 0 0.109921 0.197596 0.185403 0.399588 0.000108118 8.7258e-08 0.197015 0.0650643 0 0 0 0
888.471 4.09434 355.841 328.198 1.11582 1.04645 0.3 0.4 1.1 1.4 1.3 2 2.3 3.3 3.3 3.9 4.5 5 0.00145488 0.269429 0.416742 0.0722979 6.0934e-05 0.256916 4.86883e-08 0.0989249 0 0 0 0 1.39004e-07 0.304497 0.26661 0.221064 1.19567e-06 0.0588621 0.150292 0.045124 0 0 0 0
897.918 4.13787 358.316 330.673 1.10884 1.06296 0.0001 0.4 0.9 1.4 1.8 2 2.1 3.1 3.4 4 4.6 5.2 0.0378691 0.209941 0.183335 0.44322 0.0295187 0.0232746 0.0506272 0.131053 0 0 0 0 0.0737598 0.122674 0.359022 0.207614 3.38387e-06 1.12785e-07 0.231122 0.0687672 0 0 0 0
891.446 4.10805 356.623 328.981 1.11292 1.05558 0.3 0.4 1.2 0.5 1.3 1.8 2.2 3.2 3 3.5 4.1 4.7 0.104112 0.10988 0.441336 0.0723368 0.0482651 0.147413 0.076186 0.113396 0 0 0 0 0.00369512 0.26232 0.258707 0.0595669 0.202252 4.14116e-09 0.217052 0.0519812 0 0 0 0
892.824 4.11439 356.984 329.342 1.11248 1.05701 0.3 0.5 0.8 1.3 1.5 2 2.2 3.2 3.5 4.1 4.7 5.2 0.208924 0.000224873 0.156294 0.470642 0.00142263 0.106193 0.0565317 0.112251 0 0 0 0 0.148965 0.123076 0.126925 0.391159 2.98529e-10 1.6245e-08 0.213095 0.0537895 0 0 0 0
895.872 4.12844 357.782 330.139 1.10988 1.06071 0.2 0.4 1.1 1.4 1.2 1.9 2.1 3.1 3.3 3.8 4.3 4.8 9.13559e-05 0.301665 0.0291722 0.267657 0.2464 0.117607 0.0133015 0.133982 0 0 0 0 0.028389 0.259795 0.189778 0.000166215 0.271494 8.40923e-08 0.24613 0.0649631 0 0 0 0
881.288 4.06124 353.942 326.299 1.11915 1.06692 0.1 0.4 0.6 1 1.4 1.9 2.3 3.4 3.3 3.9 4.5 5.1 0.08186 1.82778e-06 0.176023 0.426108 2.86006e-08 0.306022 0.0367613 0.092372 0 0 0 0 0.0021879 0.283994 0.0239475 0.17309 0.34113 3.38748e-08 0.193174 0.0493993 0 0 0 0
898.111 4.13876 358.366 330.724 1.10858 1.04524 0.3 0.4 0.5 1.2 1.3 1.4 2.1 3.1 3.1 3.7 4.2 4.8 0.104487 0.0955565 0.105027 0.106339 0.327634 0.132081 0.114735 0.122717 0 0 0 0 0.123424 0.000847975 0.19762 0.43132 3.23909e-07 5.39777e-07 0.232297 0.0597293 0 0 0 0
906.24 4.17622 360.475 332.832 1.10593 1.00526 0.3 0.4 0.7 1.3 1.4 2 2.1 3 3.3 3.8 4.4 5 0.13688 0.0491764 0.216691 2.37853e-06 0.475176 0.0940728 0.00178832 0.132139 0 0 0 0 0.175797 1.92957e-06 0.227898 0.361723 3.56347e-09 2.70459e-11 0.191301 0.0485396 0 0 0 0
917.773 4.22937 363.434 335.791 1.09749 0.988642 0.2 0.4 0.7 1.3 1.4 2 2 2.8 3.3 3.9 4.4 5 1.57073e-08 0.261905 0.108066 0.000261352 0.557797 5.48556e-09 1.80158e-10 0.169456 0 0 0 0 0.125678 3.86114e-11 0.30305 0.310844 5.17009e-09 0.169364 0.022582 0.0571238 0 0 0 0
882.287 4.06584 354.207 326.564 1.11893 1.06283 0.3 0.4 1 1.4 1.5 1.9 2.3 3.4 3.3 3.9 4.4 4.9 0.083065 0.131272 0.475715 5.68012e-10 3.9391e-09 0.293837 0.0441847 0.0908587 0 0 0 0 2.72474e-09 0.298129 0.201639 0.272767 0.0524081 4.00719e-08 0.189241 0.0486445 0 0 0 0
902.475 4.15887 359.5 331.858 1.10445 1.0305 0.3 0.4 1.4 1.1 1.2 1.9 2 3 3.3 3.8 4.3 4.8 0.0686719 0.214434 0.378902 0.214106 2.04981e-05 1.14281e-09 0.0916798 0.136641 0 0 0 0 0.101846 0.16426 3.84475e-05 0.444086 1.41547e-07 2.20161e-07 0.256556 0.0637163 0 0 0 0
897.87 4.13765 358.303 330.661 1.10894 1.06357 0.0001 0.4 0.9 1.4 1.5 1.9 2.1 3.1 3.3 3.8 4.4 5 0.0495911 0.183283 0.213728 0.416263 0.00015929 0.0809052 0.0330872 0.131921 0 0 0 0 0.0735101 0.123207 0.358634 0.207825 2.10147e-05 1.68823e-07 0.231257 0.0691116 0 0 0 0
901.96 4.1565 359.367 331.724 1.10501 1.02882 0.2 0.4 0.8 1.4 1.5 2 2.1 3 3.5 4.1 4.7 5.2 0.10897 0.0877719 0.215605 0.477139 0.0108713 3.26325e-08 0.0674982 0.137157 0 0 0 0 0.141162 0.0035587 0.360958 0.267598 4.74645e-09 3.1868e-07 0.199354 0.0561893 0 0 0 0
918.179 4.23124 363.537 335.895 1.09741 0.989119 0.3 0.4 0.5 1.2 1.4 2 1.9 2.8 3.3 3.9 4.5 5.1 0.0236794 0.0705354 0.264539 0.0137038 0.555607 2.12314e-08 3.38757e-07 0.169349 0 0 0 0 0.114502 3.41945e-05 0.211927 0.404218 8.2676e-09 0.202474 7.35293e-09 0.055964 0 0 0 0
898.113 4.13877 358.367 330.724 1.10861 1.04633 0.3 0.4 0.5 1.2 1.3 1.4 2.1 3.1 3.1 3.6 4.2 4.7 0.0291402 0.268755 0.00234838 0.129367 0.294177 0.148718 0.112842 0.12326 0 0 0 0 0.123553 6.67366e-06 0.198558 0.431158 1.5258e-07 4.04745e-08 0.232799 0.0602501 0 0 0 0
902.98 4.1612 359.631 331.989 1.10434 1.02504 0.3 0.4 0.4 1.1 1.3 1.4 2 3 3.2 3.7 4.3 4.9 0.0764785 0.191851 0.0152125 0.142801 0.273415 0.161704 0.10908 0.1338 0 0 0 0 0.103111 0.161572 0.000904747 0.443049 0.0011744 3.53358e-09 0.254064 0.0611655 0 0 0 0
896.248 4.13017 357.88 330.238 1.10931 1.0581 0.3 0.4 0.5 1.1 1.3 1.4 2.1 3.1 3.2 3.8 4.3 4.9 0.00714742 0.23672 0.08028 0.0317869 0.208282 0.328985 0.0859442 0.130163 0 0 0 0 0.0802961 0.198154 0.000241755 0.351541 0.1155 0.00516279 0.243462 0.0637406 0 0 0 0
884.18 4.07456 354.708 327.066 1.11879 1.05597 0.3 0.5 0.8 1.4 1.5 2.1 2.3 3.4 3.5 4 4.6 5.1 0.14106 0.00695319 0.371306 0.28005 1.28518e-05 0.231303 4.76328e-05 0.0880541 0 0 0 0 0.158572 0.0786097 0.212589 0.375782 9.59345e-08 8.09592e-08 0.185092 0.0453235 0 0 0 0
918.16 4.23115 363.533 335.89 1.09742 0.98947 0.3 0.4 0.5 1.2 1.4 2 2 2.8 3.2 3.8 4.3 4.9 1.56408e-06 0.127534 0.228799 0.0201231 0.551465 5.55951e-10 5.06405e-11 0.169499 0 0 0 0 0.114527 2.9609e-08 0.211963 0.404257 1.16527e-10 0.194143 0.00842296 0.0561573 0 0 0 0
912.018 4.20285 361.962 334.319 1.1019 0.989261 0.3 0.4 0.9 1.4 1.5 2 0.5 2.9 3.3 3.9 4.5 5 0.00140869 0.232084 0.151003 0.00594387 0.49599 1.64231e-06 0.0655438 0.149928 0 0 0 0 0.202969 7.35096e-10 0.335564 0.198378 3.2565e-09 0.195093 2.79125e-11 0.0572565 0 0 0 0
893.274 4.11647 357.102 329.46 1.11142 1.05183 0.2 0.4 0.9 1.4 1.5 1.9 2.2 3.1 3.4 3.9 4.4 5 0.0104947 0.26055 0.168068 0.359469 0.0606282 0.115809 1.24991e-06 0.136396 0 0 0 0 0.0694251 0.167476 0.26884 0.293426 0.000508684 3.46386e-08 0.199562 0.0525965 0 0 0 0
896.34 4.1306 357.904 330.262 1.10953 1.06127 0.2 0.4 0.8 1.1 1.4 1.8 2.1 3.1 3.3 3.9 4.4 4.9 0.0162754 0.272062 0.00828092 0.197712 0.357364 0.0736952 0.0514643 0.132672 0 0 0 0 0.0424427 0.233477 4.13903e-06 0.395755 0.0814042 2.74763e-08 0.242432 0.0657599 0 0 0 0
869.772 4.00817 350.863 323.221 1.1202 1.16772 0.3 0.5 0.9 1.4 1.5 2.1 2.5 3.6 3.5 4.1 4.6 5.1 0.169344 1.74879e-06 0.413465 0.193965 0.0010033 0.257675 0.000286295 0.0844596 0 0 0 0 0.0610713 0.307535 0.0549748 0.36843 0.0821977 0.0284248 0.192746 0.0723396 0 0 0 0
881.614 4.06274 354.028 326.385 1.11944 1.06397 0.3 0.5 0.7 1.3 1.5 2.1 2.3 3.4 3.5 4 4.6 5.2 0.124353 0.00946563 0.303998 0.301941 0.0662321 0.222061 7.42224e-06 0.0913839 0 0 0 0 0.0822869 0.278099 2.93718e-06 0.416328 0.0437575 5.2797e-08 0.19681 0.0466881 0 0 0 0
900.318 4.14893 358.94 331.298 1.10801 1.0164 0.3 0.4 0.5 1.3 1.4 2.1 2.2 3 3.3 3.8 4.4 5 0.00244898 0.132176 0.226708 1.61881e-06 0.551496 0.0526492 2.85555e-09 0.142532 0 0 0 0 0.0783626 0.000133995 0.282583 0.432907 2.01194e-09 3.14535e-09 0.184831 0.0375792 0 0 0 0
898.004 4.13827 358.338 330.696 1.10889 1.04554 0.3 0.4 0.5 1.2 1.3 1.6 2.1 3.1 3.2 3.7 4.3 4.9 0.0950793 0.175229 0.00890266 0.427421 0.0367811 0.144692 0.0965497 0.124232 0 0 0 0 0.123456 0.000988819 0.197413 0.431407 4.91036e-09 4.96385e-09 0.232245 0.060033 0 0 0 0
897.811 4.13738 358.288 330.646 1.10816 1.04883 0.3 0.4 1.3 1.1 1.4 1.9 2.1 3.1 3.3 3.9 4.5 5.1 0.169964 0.0814661 0.0571775 0.307976 0.227117 0.0613827 0.0798402 0.123241 0 0 0 0 0.0760449 0.201606 0.063974 0.373413 0.0267674 0.0291998 0.216136 0.0616884 0 0 0 0
873.108 4.02354 351.759 324.117 1.11974 1.13047 0.4 0.5 1.4 1.1 1.5 2.1 2.4 3.6 3.6 4.2 4.8 5.4 0.257391 0.000101586 6.64559e-05 0.497404 5.40636e-07 0.278382 0.0106189 0.0757705 0 0 0 0 0.176569 0.181197 0.399656 0.0967505 2.23736e-06 2.31403e-08 0.207075 0.0692218 0 0 0 0
901.558 4.15465 359.263 331.62 1.1053 1.04743 0.3 0.4 1 1.4 1.6 1.9 2 3 3.3 3.8 4.3 4.9 0.0151315 0.271614 0.186657 0.233351 0.24961 0.000986481 6.27123e-06 0.147946 0 0 0 0 0.185388 0.0416745 0.404735 0.086734 7.646e-07 2.30464e-08 0.255524 0.0733741 0 0 0 0
867.786 3.99902 350.329 322.686 1.11922 1.19485 0.3 0.5 0.9 1.4 1.5 2.1 2.7 3.7 3.4 4 4.5 5.1 0.167958 1.65425e-06 0.417611 0.193567 3.32727e-08 0.246362 0.020704 0.0730195 0 0 0 0 0.181673 0.0501597 0.310722 1.04584e-05 0.308566 0.131327 0.136767 0.0756259 0 0 0 0
900.734 4.15085 359.049 331.406 1.10672 1.0235 0.2 0.5 0.7 1.3 1.5 2 2.1 3 3.4 4 4.5 5.1 4.57698e-06 0.37111 0.0468271 1.06626e-05 0.535251 0.00898814 1.15114e-05 0.144513 0 0 0 0 0.130452 5.0235e-11 0.290262 0.34365 5.01567e-09 8.3421e-09 0.204547 0.0545922 0 0 0 0
899.132 4.14347 358.632 330.99 1.10709 1.04263 0.2 0.4 0.7 1.3 1.5 2 2.1 3 3.5 4.1 4.6 5.2 0.0149285 0.223134 0.157171 0.101525 0.458583 6.73458e-06 6.62857e-07 0.151736 0 0 0 0 0.125205 0.00291822 0.303456 0.311453 0.0267261 4.5892e-05 0.209903 0.0629194 0 0 0 0
897.643 4.1366 358.244 330.602 1.10906 1.03186 0.3 0.4 0.6 1.3 1.4 2.1 2.2 3.1 3.2 3.7 4.2 4.7 0.0433598 0.25114 0.00375553 0.578453 0.00197989 2.77623e-05 0.112696 0.117651 0 0 0 0 0.146569 0.00279056 0.226583 0.415728 1.21871e-06 4.67282e-07 0.198936 0.0412485 0 0 0 0
899.418 4.14478 358.707 331.064 1.10688 1.0434 0.3 0.5 0.9 1.4 1.5 2 2.1 3 3.5 4.1 4.7 5.3 0.121996 0.168778 0.155858 0.0189312 0.489802 0.000410371 5.19492e-05 0.151048 0 0 0 0 0.197851 0.0154771 0.323993 0.196503 0.0414312 0.000102633 0.20395 0.0640873 0 0 0 0
898.04 4.13843 358.348 330.705 1.10939 1.057 0.4 0.5 1.1 1.2 1.5 2 2.1 3.1 3.4 4 4.6 5.1 0.303155 5.56562e-09 1.99776e-09 0.32698 0.271769 7.12496e-06 0.0773818 0.130098 0 0 0 0 0.30586 1.14944e-08 0.0693804 0.377783 6.41957e-10 2.21629e-10 0.238703 0.065272 0 0 0 0
15015.6 69.1963 1017.44 989.797 1.48068 2.04027 0.4 0.6 0.5 1.3 1.8 1.9 2.6 2.7 3.5 4.1 4.7 5.2 6.67055e-12 1.45811e-12 1.18128e-13 8.4261e-10 5.58525e-08 0.735487 0.277827 0.467362 0 0 0 0 0.0753036 0.000306766 0.443402 0.665134 0.369024 5.95489e-06 0.478318 0.00878019 0 0 0 0
893.22 4.11622 357.088 329.446 1.11153 1.05375 0.2 0.4 0.9 1.4 1.5 1.9 2.2 3.1 3.4 4 4.6 5.1 0.0159523 0.246057 0.201007 0.173446 0.244475 0.0928956 5.46074e-05 0.13764 0 0 0 0 0.0695776 0.167333 0.269026 0.293806 0.000168638 1.21399e-08 0.200224 0.0536176 0 0 0 0
873.369 4.02474 351.829 324.187 1.11981 1.13719 0.3 0.5 0.9 1.4 1.9 2 2.4 3.5 3.3 3.9 4.4 5 0.164367 2.23088e-08 0.440089 0.13238 4.14462e-06 0.289377 1.35909e-08 0.0935898 0 0 0 0 0.0877742 0.257171 0.0825304 0.432091 4.87991e-09 7.92405e-09 0.211063 0.066561 0 0 0 0
861.138 3.96838 348.529 320.886 1.12152 1.27603 0.2 0.5 0.8 1.5 1.4 2.2 3.9 3.1 3.6 4.2 4.7 5.3 0.106922 2.30984e-05 0.434792 8.40106e-08 0.259234 0.246235 0.0688315 0.00548666 0 0 0 0 0.127184 0.0589456 0.303835 0.00488764 0.342132 0.243246 0.0712584 0.124539 0 0 0 0
882.35 4.06613 354.223 326.581 1.11896 1.06278 0.3 0.4 0.7 1.2 1.5 2 2.3 3.4 3.4 4 4.5 5 0.131061 0.00485206 0.266107 0.338897 2.05731e-06 0.274431 0.0123698 0.0912359 0 0 0 0 1.0793e-06 0.286501 0.0631149 0.300319 0.175468 4.24411e-09 0.188619 0.0487523 0 0 0 0
896.216 4.13003 357.872 330.229 1.10964 1.06268 0.3 0.5 0.9 1.2 1.5 2 2.1 3.1 3.4 4 4.6 5.2 0.170093 0.0843837 0.15781 0.142646 0.357129 0.0144123 0.0495731 0.13359 0 0 0 0 0.169825 0.102994 0.101561 0.372098 0.00494528 0.000166663 0.24496 0.066131 0 0 0 0
898.081 4.13862 358.358 330.716 1.10866 1.04553 0.3 0.5 0.5 1.2 1.3 1.4 2.1 3.1 3.1 3.7 4.2 4.8 0.15013 0.148652 0.00379782 0.264524 0.0175982 0.289864 0.110848 0.12325 0 0 0 0 0.123759 0.186834 0.0113586 0.431276 2.33152e-08 6.30398e-09 0.232395 0.0599091 0 0 0 0
899.481 4.14508 358.723 331.08 1.10685 1.03215 0.4 0.6 0.5 1.2 1.4 2 2.1 3 3.2 3.7 4.2 4.7 0.243248 0.093241 0.0184233 0.0216881 0.533116 0.0498767 0.00144528 0.145815 0 0 0 0 0.281549 0.0174251 0.0222944 0.407786 0.0302309 4.83447e-05 0.21744 0.0553801 0 0 0 0
898.031 4.13839 358.345 330.703 1.10889 1.04567 0.3 0.4 0.5 1.2 1.3 2 2.1 3.1 3.1 3.6 4.1 4.6 0.0519194 0.238562 0.00268693 0.12962 0.425078 0.0992504 0.0372555 0.124522 0 0 0 0 0.118047 0.0131411 0.19043 0.431695 2.43635e-06 1.36067e-08 0.232221 0.0601364 0 0 0 0
930.304 4.28712 366.607 338.965 1.09282 0.991813 0.3 0.4 0.4 1.1 1.2 1.3 1.9 2.8 3 3.6 4.1 4.7 0.000114714 0.174171 0.109458 0.125098 0.0440304 0.393824 0.0932439 0.152882 0 0 0 0 0.0672911 0.190045 0.0191257 0.40813 7.4205e-10 3.3242e-10 0.233458 0.0737631 0 0 0 0
897.922 4.13789 358.317 330.674 1.10908 1.04578 0.3 0.4 0.5 1.2 1.3 1.8 2.1 3.1 3.1 3.7 4.3 4.8 0.129939 0.105638 0.0420195 0.390489 0.127851 0.120718 0.0669896 0.125431 0 0 0 0 0.123747 0.000537851 0.197544 0.431469 1.83928e-07 4.37854e-10 0.232207 0.0602733 0 0 0 0
891.886 4.11007 356.739 329.096 1.11261 1.05816 0.3 0.4 0.5 1.2 1.4 2 2.2 3.2 3.2 3.7 4.3 4.9 0.0783588 0.121803 0.106781 0.278672 0.279921 0.0457984 0.0889034 0.112378 0 0 0 0 0.0103845 0.257167 0.0536473 0.373114 0.0934833 5.09101e-07 0.217283 0.0530822 0 0 0 0
901.498 4.15437 359.247 331.604 1.10535 1.03224 0.2 0.4 0.9 1.4 1.5 1.8 2 3 3.3 3.8 4.4 4.9 0.106505 0.10319 0.264494 0.339105 0.0105709 0.139794 7.48013e-05 0.141612 0 0 0 0 0.158564 1.21911e-07 0.431097 0.130155 1.63995e-05 1.34339e-09 0.24633 0.0660742 0 0 0 0
899.547 4.14538 358.74 331.097 1.10675 1.04461 0.2 0.4 0.8 1.4 1.5 2 2.1 3 3.4 3.9 4.5 5 0.00733602 0.256859 0.153233 0.115492 0.422039 0.000362037 7.82865e-06 0.151421 0 0 0 0 0.131849 0.0205704 0.352776 0.269356 0.0018358 0.00015572 0.202892 0.0651785 0 0 0 0
896.141 4.12968 357.852 330.21 1.11042 1.04383 0.1 0.4 0.5 1.3 1.4 2.1 2.2 3.1 3.3 3.8 4.4 5 0.0264517 0.00254905 0.338233 0.0314586 0.500465 0.0622102 0.0207548 0.128297 0 0 0 0 0.0368888 8.13945e-05 0.32972 0.430183 5.0632e-09 1.72327e-11 0.197837 0.0491218 0 0 0 0
898.098 4.1387 358.363 330.72 1.10863 1.04605 0.3 0.4 0.5 1.2 1.3 1.4 2.1 3.1 3.2 3.7 4.2 4.7 0.0408317 0.253835 0.000934816 0.243217 0.0919495 0.242913 0.111656 0.123298 0 0 0 0 0.123599 7.13155e-05 0.198385 0.431205 4.04453e-08 1.59094e-11 0.232654 0.0601352 0 0 0 0
896.65 4.13203 357.985 330.343 1.1087 1.05377 0.3 0.4 0.4 1.1 1.4 2 2.1 3.1 3.3 3.9 4.4 4.9 0.0646508 0.0672203 0.151911 0.205849 0.394031 5.96724e-07 0.0983983 0.126641 0 0 0 0 0.0848459 0.000421054 0.190363 0.391521 0.0861672 0.000505002 0.237777 0.0621673 0 0 0 0
901.464 4.15421 359.238 331.596 1.10543 1.03245 0.2 0.4 0.9 1.4 1.5 1.9 2 3 3.3 3.8 4.3 4.9 0.128445 0.0596637 0.325749 0.000479798 0.386926 0.0613876 0.000805123 0.141971 0 0 0 0 0.15856 2.12311e-05 0.431128 0.130062 8.22624e-06 1.28435e-07 0.246386 0.0662843 0 0 0 0
866.516 3.99316 349.986 322.343 1.12017 1.21061 0.3 0.4 1 1.4 1.5 1.9 3.8 2.8 3.3 3.8 4.4 5 0.115042 0.0927349 0.480081 0.00278273 0.000721216 0.302206 0.0609055 0.0656967 0 0 0 0 0.189031 0.0393382 0.420609 0.0117462 0.0645429 0.267784 0.0685545 0.149002 0 0 0 0
892.502 4.11291 356.9 329.258 1.11224 1.05798 0.3 0.4 0.9 1.3 1.4 1.4 2.2 3.2 3.1 3.7 4.2 4.7 0.0457746 0.23859 0.0682993 0.328057 0.0392203 0.160153 0.121796 0.110346 0 0 0 0 0.0411146 0.242466 0.130842 0.374739 1.94421e-08 2.36787e-06 0.215589 0.0532273 0 0 0 0
906.161 4.17585 360.454 332.812 1.10602 1.00589 0.3 0.4 0.7 1.3 1.4 2 2.1 3 3.3 3.9 4.5 5 0.100387 0.104346 0.193767 0.000266174 0.481132 0.0930741 0.00026271 0.132788 0 0 0 0 0.175804 6.73466e-10 0.227974 0.361708 2.72493e-12 7.55451e-13 0.191475 0.0489332 0 0 0 0
912.182 4.2036 362.004 334.361 1.10192 0.988545 0.3 0.4 0.9 1.4 1.5 2 1.7 2.9 3.4 3.9 4.5 5.1 0.000530792 0.278048 0.18224 0.000233018 0.478701 6.83371e-06 0.0125076 0.149652 0 0 0 0 0.202965 5.0583e-09 0.335453 0.198259 4.685e-11 0.194852 1.32816e-12 0.0570156 0 0 0 0
896.228 4.13008 357.875 330.232 1.10947 1.05882 0.3 0.4 0.7 1.2 1.5 2 2.1 3.1 3.4 3.9 4.4 5 0.106141 0.135822 0.0838818 0.295218 0.274815 0.0351591 0.046934 0.131501 0 0 0 0 0.182147 0.0220958 0.143785 0.403322 9.59105e-07 1.22089e-06 0.243025 0.0644392 0 0 0 0
900.2 4.14839 358.91 331.267 1.1062 1.03739 0.2 0.4 0.8 1.4 1.5 2 2.1 3 3.3 3.8 4.3 4.9 0.0154652 0.252673 0.12587 0.386942 0.140245 0.0353733 0.0036839 0.14595 0 0 0 0 0.130807 0.0225006 0.350243 0.270803 0.000921485 0.00186323 0.198099 0.0621543 0 0 0 0
896.88 4.13309 358.045 330.403 1.10882 1.05557 0.3 0.4 0.9 1.3 1.4 2 2.1 3.1 3.3 3.9 4.5 5.1 0.108052 0.155979 0.0921703 0.42221 0.073204 0.127763 0.00103041 0.128407 0 0 0 0 0.190407 0.0296348 0.269325 0.266562 2.04755e-07 3.0693e-09 0.235723 0.0639176 0 0 0 0
898.096 4.13869 358.362 330.72 1.10863 1.04556 0.3 0.4 0.5 1.2 1.3 1.4 2.1 3.1 3.2 3.8 4.4 5 0.0448313 0.249109 0.0003079 0.259045 0.0722453 0.247542 0.112467 0.123078 0 0 0 0 0.123666 0.000129324 0.198176 0.431254 2.30253e-09 2.47786e-09 0.23244 0.0598941 0 0 0 0
897.328 4.13515 358.162 330.519 1.10897 1.06088 0.2 0.5 0.8 1.3 1.5 2.1 1.5 3.1 3.4 4 4.6 5.2 0.0700209 0.262304 0.00221611 0.400589 0.0967422 0.0811634 0.0657112 0.130221 0 0 0 0 0.140151 0.0290978 0.296778 0.291441 1.17664e-05 0.236673 6.17586e-08 0.0667247 0 0 0 0
901.738 4.15547 359.309 331.667 1.10476 1.03957 0.2 0.4 0.4 1.1 1.4 2 1.9 3 3.2 3.7 4.3 4.8 0.00679747 0.191315 0.100614 0.170431 0.404326 0.00929423 0.0798099 0.142177 0 0 0 0 0.0453797 0.02064 0.203555 0.440618 0.000698862 0.260596 5.7745e-07 0.0680863 0 0 0 0
899.541 4.14535 358.739 331.096 1.10675 1.04474 0.2 0.4 0.8 1.4 1.5 2 2.1 3 3.4 3.9 4.4 4.9 0.00788034 0.255982 0.153429 0.116723 0.421038 0.000162843 1.44666e-05 0.151527 0 0 0 0 0.131686 0.0209211 0.352451 0.27027 0.0010311 5.72201e-06 0.203142 0.06523 0 0 0 0
870.524 4.01163 351.066 323.423 1.12138 1.15955 0.3 0.4 0.5 1.2 1.3 3.6 2 2.6 3.1 3.7 4.3 4.9 0.00112266 0.0527932 0.290469 0.409624 1.08916e-08 0.0833732 0.251752 0.0322432 0 0 0 0 0.000588798 0.170556 0.192416 6.16162e-06 0.442847 0.0640012 0.142374 0.146757 0 0 0 0
917.446 4.22786 363.35 335.708 1.09803 0.987949 0.3 0.4 0.8 1.3 1.4 2 1.7 2.8 3.3 3.9 4.4 4.9 0.00231911 0.276449 0.0989506 1.29965e-07 0.548939 5.7034e-09 0.000719363 0.170655 0 0 0 0 0.193699 7.36655e-06 0.253385 0.289507 1.00181e-07 0.196003 3.92602e-09 0.0553477 0 0 0 0
897.993 4.13822 358.335 330.693 1.10852 1.0497 0.0001 0.4 1.3 0.7 1.4 2 2.1 3.1 3.3 3.8 4.4 4.9 0.0645004 0.135514 0.504062 0.140408 8.33056e-07 0.126284 0.012429 0.125323 0 0 0 0 0.0984298 7.85396e-06 0.31936 0.341695 2.87032e-07 3.57468e-09 0.227302 0.0629038 0 0 0 0
1302.2 6.00093 445.301 417.659 1.0743 1.0652 0.0001 0.8 0.9 1.6 1.7 2.1 2.2 3.1 3.6 4.1 4.7 5.2 0.108281 0.134373 0.440203 3.33866e-09 2.20205e-08 0.332273 0.0591709 1.87584e-10 0 0 0 0 0.0906347 0.178378 0.322765 0.291397 0.0331588 2.09492e-05 3.8175e-05 0.148806 0 0 0 0
895.636 4.12735 357.72 330.078 1.11002 1.05915 0.0001 0.4 0.7 1.4 1.5 2.1 2.2 3.1 3.5 4 4.6 5.1 0.0721986 0.0778514 0.253307 0.419371 0.084337 0.0644655 0.00540618 0.133085 0 0 0 0 0.0870498 0.0151338 0.363596 0.340777 8.41935e-05 6.82181e-08 0.193834 0.058675 0 0 0 0
917.807 4.22953 363.442 335.8 1.09747 0.989278 0.2 0.4 1.3 0.7 1.4 1.9 2 2.8 3.3 3.8 4.4 4.9 0.00368053 0.253704 0.000122407 0.113718 0.556603 3.40351e-05 3.67285e-08 0.169606 0 0 0 0 0.125709 9.98375e-06 0.31093 0.303052 1.47146e-09 5.25534e-09 0.192066 0.0575118 0 0 0 0
898.093 4.13868 358.361 330.719 1.10863 1.04578 0.3 0.4 0.5 1.2 1.3 1.4 2.1 3.1 3.1 3.6 4.2 4.8 0.0551491 0.224443 0.0153705 0.271269 0.0417616 0.265745 0.111685 0.123209 0 0 0 0 0.12367 4.80237e-05 0.198286 0.431239 7.02831e-09 7.59265e-12 0.232527 0.0600051 0 0 0 0
892.976 4.1151 357.024 329.382 1.11279 1.04515 0.3 0.5 0.8 1.3 1.5 2 2.2 3.2 3.5 4 4.6 5.2 0.191023 0.00419072 0.209149 0.401196 0.000246842 0.193615 0.00163495 0.111735 0 0 0 0 0.148858 0.124541 0.121937 0.393998 1.64534e-07 4.98259e-09 0.206168 0.0496457 0 0 0 0
