Chi2   rChi2   BIC   AIC    Qichtot    Qimtot  R[0]  R[1]  R[2]  R[3]  R[4]  R[5]  R[6]  R[7]  R[8]  R[9]  R[10]  R[11]  Q0ch    Q1ch    Q2ch    Q3ch    Q4ch    Q5ch    Q6ch    Q7ch    Q8ch    Q9ch    Q10ch    Q11ch    Q0m    Q1m    Q2m    Q3m    Q4m    Q5m    Q6m    Q7m    Q8m    Q9m    Q10m    Q11m
552.475 2.54597 244.669 217.026 1.08736 1.05122 0.2 0.6 0.8 1.5 1.6 1.9 2.5 3.5 3.4 3.9 4.5 5.1 0.132077 0.0395567 0.316189 0.400729 2.82758e-06 6.56482e-07 0.123546 0.0752553 0 0 0 0 0.136212 3.86795e-07 0.405735 0.0102608 0.354822 1.34245e-06 0.138657 0.00552694 0 0 0 0
576.813 2.65813 254.757 227.114 1.04979 1.08151 0.2 0.4 0.5 0.7 1.4 1.5 2.2 3 3.3 3.9 4.5 5 0.109131 1.65165e-06 0.000526939 0.346273 0.0222131 0.416888 0.0380367 0.11672 0 0 0 0 0.113732 0.00372341 0.0227217 0.312581 0.382556 1.28119e-06 0.194745 0.0514505 0 0 0 0
567.909 2.61709 251.116 223.474 1.06216 1.08308 0.3 0.5 0.8 1.4 1.5 1.8 2.3 3.2 3.4 4 4.5 5 0.187126 0.0021599 0.255116 0.382157 1.05828e-05 0.051455 0.0911775 0.0929602 0 0 0 0 0.121806 0.16408 0.152042 0.414143 0.00124777 2.75286e-07 0.196819 0.0329383 0 0 0 0
562.79 2.5935 248.998 221.355 1.06899 1.07913 0.2 0.5 0.8 1.3 1.4 1.7 2.4 3.3 3.2 3.8 4.4 5 0.0547928 0.286062 0.0111505 0.410869 0.0201235 0.0980703 0.104634 0.0832913 0 0 0 0 0.0907339 0.158831 0.221012 4.44975e-07 0.307408 0.112216 0.166281 0.0226448 0 0 0 0
573.943 2.6449 253.589 225.947 1.0524 1.06959 0.0001 0.5 0.7 1.3 1.4 1.5 2.2 3 3.3 3.9 4.4 4.9 0.0723163 0.0578356 0.326793 0.00452719 0.000374391 0.4347 0.0367977 0.119053 0 0 0 0 0.034551 0.324875 0.0158329 0.385324 0.0390672 0.0229809 0.205067 0.0418915 0 0 0 0
576.447 2.65644 254.608 226.966 1.04983 1.07934 0.0001 0.6 0.5 0.8 1.4 1.5 2.2 3 3.2 3.7 4.3 4.8 0.0537703 0.119514 0.136957 0.133425 0.107069 0.340085 0.0432838 0.115722 0 0 0 0 0.0599192 0.00541442 0.206319 0.186115 0.376313 3.38203e-05 0.195035 0.0501905 0 0 0 0
548.206 2.5263 242.854 215.211 1.10032 1.03553 0.0001 0.2 0.5 1.2 1.5 1.9 2.6 3.7 3.3 3.8 4.4 5 3.27499e-05 0.0399603 0.320293 0.188005 0.3445 2.69708e-10 0.142372 0.065159 0 0 0 0 0.0422739 1.80465e-09 0.303378 0.366998 0.0310153 0.19791 0.093956 8.43169e-11 0 0 0 0
562.527 2.59229 248.888 221.246 1.06917 1.08244 0.3 0.5 0.9 1.4 1.5 1.7 2.4 3.3 3.4 4 4.6 5.2 0.174211 0.0586851 0.248418 0.293617 0.00584058 0.105673 0.0976259 0.0850943 0 0 0 0 0.15102 0.110044 0.264188 5.70512e-08 0.317364 0.0469985 0.169333 0.0234909 0 0 0 0
562.211 2.59084 248.757 221.114 1.06925 1.08102 0.2 0.5 0.9 1.4 1.5 1.6 2.4 3.3 3.4 4 4.6 5.1 0.100956 0.148103 0.23563 0.23368 0.00751644 0.157637 0.101068 0.0846573 0 0 0 0 0.0875631 0.188446 0.247635 1.02737e-07 0.27474 0.0900409 0.169821 0.0227787 0 0 0 0
567.789 2.61654 251.067 223.424 1.06239 1.08761 0.0001 0.5 1 1.3 1.4 1.6 2.3 3.2 3.1 3.7 4.3 4.9 0.0774857 0.172827 0.341008 0.00105498 0.00538107 0.288665 0.0805027 0.0954698 0 0 0 0 0.0353801 0.323089 0.0955524 0.0040391 0.388027 0.00813316 0.19912 0.0342707 0 0 0 0
553.813 2.55213 245.235 217.592 1.07785 1.07837 0.2 0.7 0.9 1.2 1.6 1.7 2.5 3.4 3.6 4.1 4.7 5.2 0.129417 0.25179 0.0300974 0.210367 0.25035 0.0261279 0.0991808 0.0805199 0 0 0 0 0.131674 0.198804 0.225075 5.0734e-09 0.33715 0.0247366 0.149167 0.0117641 0 0 0 0
577.209 2.65995 254.917 227.275 1.04964 1.08187 0.0001 0.5 0.7 1.4 1.5 1.5 2.2 3 3.3 3.9 4.5 5 0.056899 0.13622 0.245441 0.10977 0.146718 0.197212 0.0411561 0.116224 0 0 0 0 0.0726253 0.100628 0.277766 0.384684 7.67452e-09 5.36208e-09 0.194391 0.0517776 0 0 0 0
576.314 2.65583 254.554 226.912 1.04992 1.07981 0.0001 0.5 0.7 0.8 1.4 1.5 2.2 3 3.2 3.8 4.4 4.9 0.065517 0.117131 0.166523 0.11344 0.00323175 0.428809 0.0388287 0.116434 0 0 0 0 0.0595727 0.210624 8.8627e-08 0.187659 0.376385 1.55697e-07 0.195145 0.0504218 0 0 0 0
561.655 2.58827 248.525 220.883 1.06944 1.07988 0.0001 0.5 0.8 1.4 1.5 1.6 2.4 3.3 3.4 4 4.5 5.1 0.0719609 0.150418 0.230397 0.287648 0.027783 0.113852 0.102795 0.0845878 0 0 0 0 0.0675541 0.164139 0.267075 3.66172e-08 0.363138 0.0250289 0.170996 0.021945 0 0 0 0
580.258 2.674 256.15 228.508 1.04621 1.06465 0.4 0.5 1.1 1.4 1.5 1.8 2.1 2.9 3.2 3.7 4.2 4.8 0.0431854 0.341403 0.0274651 0.212084 0.26688 0.0214453 2.99606e-05 0.133719 0 0 0 0 0.29072 0.0175376 0.282403 0.203274 1.28125e-06 2.15924e-08 0.213541 0.0571757 0 0 0 0
12800 58.9862 980.083 952.44 1.48467 2.35507 0.0001 0.8 0.9 1.1 1.8 1.9 2.6 2.8 3.4 3.9 4.5 5.1 1.89819e-10 1.44419e-09 2.92087e-09 1.15003e-09 7.69965e-06 0.679086 0.628753 0.176827 0 0 0 0 0.145214 0.564175 2.72132e-07 0.342129 0.75719 7.44587e-05 0.193572 0.352711 0 0 0 0
12845.1 59.194 980.905 953.263 1.49485 2.27432 0.0001 0.7 0.9 1.5 1.8 1.9 2.7 2 3.6 4.2 4.7 5.3 8.99281e-14 8.96505e-14 9.8932e-13 7.99361e-15 3.44169e-14 0.781544 0.713307 8.72369e-12 0 0 0 0 0.148584 0.118644 0.697596 0.110188 0.711837 1.29767e-07 0.487472 2.79886e-10 0 0 0 0
576.069 2.65469 254.455 226.812 1.05 1.07883 0.2 0.5 0.8 1.4 1.5 1.4 2.2 3 3.3 3.9 4.4 4.9 0.0874068 0.141149 0.23839 0.00422699 0.421764 0.000599171 0.0402676 0.116194 0 0 0 0 0.0919905 0.161634 0.206316 0.333952 7.77601e-08 0.0397326 0.195425 0.0497767 0 0 0 0
576.503 2.6567 254.631 226.988 1.05011 1.0839 0.2 0.5 0.7 1.4 1.5 1.8 2.2 3 3.4 4 4.6 5.2 0.104532 0.034686 0.29656 0.352125 0.00700489 0.125439 0.0101299 0.119634 0 0 0 0 0.114536 0.0265037 0.311932 0.382998 1.02616e-08 5.47555e-08 0.195547 0.0523829 0 0 0 0
550.411 2.53646 243.793 216.151 1.09644 1.02825 0.2 0.5 0.8 1.4 1.6 2.5 1.7 3.6 3.4 4 4.6 5.2 0.0458753 0.300183 0.0399786 0.491659 1.60568e-06 0.146574 3.64454e-09 0.0721727 0 0 0 0 0.135904 1.4573e-05 0.402511 0.0171143 0.322833 0.128119 0.0217528 1.90762e-09 0 0 0 0
543.532 2.50475 240.85 213.207 1.10193 1.05149 0.3 0.8 0.9 1.5 1.7 2.6 2 3.7 3.6 4.2 4.8 5.4 0.182537 0.293759 1.69233e-07 0.420036 0.000200517 0.135129 6.74789e-10 0.0702643 0 0 0 0 0.200211 8.53733e-08 0.374421 0.123193 0.191283 0.111475 0.0509074 2.14985e-09 0 0 0 0
580.577 2.67547 256.279 228.636 1.04585 1.06608 0.2 0.5 0.6 1.3 1.4 1.5 2.1 2.9 3.2 3.8 4.4 4.9 0.00877721 0.377567 0.00565889 0.0648083 0.110236 0.339427 0.00623002 0.133144 0 0 0 0 0.0983194 0.00321231 0.290216 0.401922 7.07401e-06 1.16386e-05 0.214238 0.0581576 0 0 0 0
576.522 2.65678 254.639 226.996 1.05001 1.08296 0.2 0.5 0.7 1.4 1.5 1.8 2.2 3 3.4 4 4.6 5.1 0.103622 0.038456 0.293039 0.348556 0.0155827 0.118525 0.013297 0.118931 0 0 0 0 0.114325 0.0272234 0.311219 0.383011 7.36572e-06 6.60551e-07 0.195117 0.052057 0 0 0 0
574.051 2.6454 253.634 225.991 1.05254 1.06939 0.2 0.4 0.7 1.1 1.5 1.3 2.2 3 3.3 3.8 4.3 4.8 0.108402 0.00329271 0.34297 0.00258078 0.432154 0.00709572 0.0367659 0.119275 0 0 0 0 0.00332121 0.269262 0.107024 0.000203293 0.0434245 0.399382 0.20513 0.0416391 0 0 0 0
552.395 2.5456 244.635 216.993 1.09591 1.02244 0.3 0.5 0.9 1.4 1.5 1.7 2.5 3.6 3.3 3.9 4.5 5 0.0775833 0.266481 0.0488951 0.483744 3.74544e-07 1.56615e-07 0.148843 0.0703604 0 0 0 0 0.186994 0.0265046 0.346914 6.70481e-09 0.138829 0.202534 0.120667 4.2543e-10 0 0 0 0
552.491 2.54604 244.676 217.033 1.09642 1.02282 0.0001 0.5 0.7 1.4 1.7 1.8 2.5 3.6 3.6 4.2 4.7 5.2 0.032668 0.302123 0.0500419 0.493056 6.27621e-08 4.45867e-09 0.1472 0.071329 0 0 0 0 0.0882526 7.70706e-09 0.389315 0.259752 0.0814914 0.0829898 0.121014 6.77914e-09 0 0 0 0
560.816 2.58441 248.175 220.533 1.06965 1.0936 0.2 0.4 0.5 1.2 1.4 1.9 2.5 3.3 3.2 3.8 4.3 4.9 0.0823251 0.0204193 0.197767 0.45018 0.0057144 0.172579 0.0508313 0.0898325 0 0 0 0 0.0570827 2.62523e-07 0.29596 0.310055 0.11362 0.166187 0.128363 0.0223297 0 0 0 0
552.176 2.54459 244.542 216.9 1.09657 1.02427 0.2 0.6 0.8 1.2 1.5 1.7 2.5 3.6 3.5 4.1 4.7 5.3 0.0979094 0.276969 8.90774e-10 0.192993 0.313315 5.49382e-06 0.143299 0.0720811 0 0 0 0 0.133338 0.0187251 0.377513 1.0548e-06 0.206308 0.164901 0.12348 1.8035e-10 0 0 0 0
582.19 2.6829 256.928 229.285 1.04381 1.05245 0.2 0.5 0.9 1.3 1.4 1.9 2.1 2.9 3.2 3.7 4.2 4.7 0.0214285 0.35704 1.4943e-07 9.78668e-07 0.49235 3.8626e-05 0.0521744 0.120778 0 0 0 0 0.0670068 0.262935 0.0723533 0.387335 5.51863e-06 2.66944e-10 0.210168 0.0526496 0 0 0 0
552.275 2.54505 244.584 216.942 1.08765 1.04974 0.0001 0.5 0.8 1.5 1.6 1.9 2.5 3.5 3.4 3.9 4.5 5 0.0842116 0.0969839 0.305426 0.402097 7.81684e-08 3.65335e-09 0.123517 0.0754125 0 0 0 0 0.087644 0.0747406 0.375353 0.0254494 0.343384 2.2911e-11 0.138228 0.00494489 0 0 0 0
548.356 2.52699 242.918 215.275 1.10611 1.02145 0.2 0.5 0.9 1.4 1.5 2.1 2.6 3.8 3.4 4 4.6 5.1 0.0250367 0.354644 3.86679e-06 0.466641 0.0405968 9.75514e-11 0.156967 0.0622197 0 0 0 0 0.0945262 0.165905 0.264451 3.28911e-07 0.312558 0.106808 0.0772064 5.36987e-12 0 0 0 0
567.933 2.6172 251.126 223.484 1.06211 1.07995 0.0001 0.4 0.7 1.4 1.5 1.7 2.3 3.2 3.4 4 4.5 5.1 0.0891285 0.00862279 0.341605 0.371587 1.07237e-05 0.0637234 0.0956177 0.0918116 0 0 0 0 0.0310762 0.172544 0.227946 0.421607 5.04134e-06 6.78458e-09 0.194288 0.03248 0 0 0 0
568.045 2.61772 251.173 223.53 1.06204 1.07791 0.0001 0.5 0.7 1.4 1.5 1.6 2.3 3.2 3.4 4 4.6 5.2 0.0915158 0.00129261 0.350148 0.336678 0.00164527 0.0902457 0.0996106 0.0908996 0 0 0 0 0.0525268 0.203356 0.173301 0.423811 1.86132e-06 7.6694e-07 0.192847 0.0320661 0 0 0 0
567.953 2.61729 251.134 223.492 1.06223 1.08608 0.3 0.5 0.9 1.4 1.5 1.6 2.3 3.2 3.4 3.9 4.5 5.1 0.193227 0.0148119 0.300263 0.188254 0.000277429 0.182467 0.0887547 0.0941795 0 0 0 0 0.103967 0.219849 0.123759 0.399644 0.00357022 0.00296989 0.198704 0.0336177 0 0 0 0
595.459 2.74405 262.201 234.559 1.0412 1.01763 0.2 0.5 0.7 0.8 1.4 1.3 2 2.8 3.2 3.7 4.2 4.7 0.0189333 0.361767 1.37668e-06 6.62538e-10 0.489357 1.09853e-07 0.038474 0.132666 0 0 0 0 0.145163 0.00105833 3.62713e-07 0.340592 0.0883259 0.173711 0.217916 0.0508631 0 0 0 0
576.065 2.65468 254.453 226.81 1.05004 1.07917 0.2 0.5 0.8 1.4 1.5 1.5 2.2 3 3.4 4 4.6 5.2 0.0869922 0.142153 0.237853 0.00169567 0.235129 0.190161 0.0396182 0.116442 0 0 0 0 0.0920226 0.161556 0.206426 0.3737 1.87768e-08 5.34729e-08 0.195571 0.0498904 0 0 0 0
577.037 2.65916 254.847 227.205 1.0497 1.08145 0.0001 0.4 0.5 0.7 1.4 1.5 2.2 3 3.3 3.9 4.4 4.9 0.0502863 0.0620946 0.0573508 0.270902 0.102603 0.349038 0.0412113 0.116209 0 0 0 0 0.0626725 0.0797287 0.00675633 0.302844 0.383419 3.82016e-06 0.194528 0.0514982 0 0 0 0
575.335 2.65131 254.156 226.514 1.05056 1.08082 0.3 0.5 0.8 1.4 1.5 1.8 2.2 3 3.3 3.9 4.5 5 0.161374 0.0444701 0.248199 0.31499 0.019187 0.133874 0.00871414 0.119756 0 0 0 0 0.162996 0.0663796 0.233733 0.369926 0.000711516 2.21917e-08 0.196767 0.0503093 0 0 0 0
553.316 2.54984 245.025 217.382 1.08749 1.04757 0.2 0.6 0.8 0.3 1.5 1.7 2.5 3.5 3.5 4.1 4.7 5.3 0.131804 0.037817 0.317863 0.000753329 0.400271 2.27864e-06 0.124215 0.0747598 0 0 0 0 0.13082 0.0298417 0.366603 0.00146605 0.221048 0.157594 0.134959 0.00523425 0 0 0 0
568.875 2.62155 251.514 223.872 1.05744 1.07888 0.3 0.4 0.5 1 1.5 1.6 2.3 3.1 3.3 3.9 4.5 5 0.16024 4.43443e-05 0.09407 0.319101 0.0408098 0.283605 0.0538528 0.105715 0 0 0 0 0.0130752 0.275847 0.00271675 0.259604 0.311935 0.000139406 0.181563 0.0340029 0 0 0 0
543.72 2.50562 240.931 213.288 1.10696 1.0358 0.2 0.5 0.8 1.4 1.5 2 2.6 3.8 3.4 4 4.5 5.1 0.0253985 0.354361 2.66741e-09 0.457627 0.0496986 3.47654e-10 0.154745 0.0651273 0 0 0 0 0.126638 0.035176 0.357483 2.707e-08 0.310834 0.110063 0.0956073 1.02918e-13 0 0 0 0
552.461 2.5459 244.663 217.021 1.08741 1.05092 0.2 0.5 0.8 1.5 1.6 1.8 2.5 3.5 3.5 4.1 4.6 5.2 0.1281 0.0335503 0.326445 0.400478 1.82279e-06 9.6044e-10 0.123555 0.075277 0 0 0 0 0.136204 1.30884e-06 0.405707 0.0103659 0.354642 5.5591e-09 0.138557 0.0054389 0 0 0 0
581.176 2.67823 256.52 228.877 1.04488 1.05014 0.2 0.4 0.5 1.2 1.4 1.8 2.1 2.9 3.3 3.8 4.3 4.9 0.021225 0.0739737 0.25506 0.195218 0.242008 0.131875 0.0014821 0.124043 0 0 0 0 0.0440339 0.0676455 0.230382 0.319359 0.127009 0.000995204 0.208963 0.0517562 0 0 0 0
554.685 2.55615 245.603 217.96 1.09619 1.01619 0.0001 0.6 0.8 1.4 1.5 2 2.5 3.6 3.2 3.8 4.3 4.8 0.0649099 0.340351 3.39502e-10 0.398354 0.0752404 1.26335e-08 0.147234 0.0701053 0 0 0 0 0.0836103 0.177434 0.238465 2.1864e-08 0.345232 0.0610588 0.110391 6.32737e-11 0 0 0 0
553.265 2.54961 245.003 217.361 1.08743 1.04823 0.2 0.6 0.8 0.7 1.5 1.7 2.5 3.5 3.5 4 4.6 5.1 0.132196 0.0387878 0.317134 1.70752e-07 0.400423 4.19786e-08 0.124079 0.0748077 0 0 0 0 0.133033 0.000225752 0.334729 0.059551 0.224162 0.155748 0.135394 0.00538571 0 0 0 0
567.778 2.61649 251.062 223.42 1.06229 1.085 0.3 0.5 0.8 1.3 1.4 1.7 2.3 3.2 3.1 3.7 4.2 4.7 0.192445 1.68971e-06 0.228065 0.315502 3.53225e-05 0.147602 0.0844457 0.0941975 0 0 0 0 0.119729 0.169601 0.146322 0.00929478 0.408608 1.54683e-07 0.197962 0.0334849 0 0 0 0
552.785 2.5474 244.8 217.158 1.08734 1.04996 0.0001 0.6 0.9 0.7 1.5 1.7 2.5 3.5 3.5 4 4.5 5 0.0836709 0.223284 0.184857 6.88109e-05 0.396455 5.89583e-07 0.124023 0.0749777 0 0 0 0 0.0921624 3.42977e-05 0.0944025 0.335522 0.239301 0.146084 0.136922 0.00552958 0 0 0 0
580.317 2.67427 256.174 228.531 1.04637 1.06692 0.3 0.5 0.7 1.3 1.4 1.5 2.1 2.9 3.2 3.8 4.4 4.9 0.0235961 0.340648 0.0383407 0.000626067 0.162058 0.345974 7.27081e-06 0.135115 0 0 0 0 0.156729 0.0596674 0.181783 0.394728 3.14391e-06 1.42228e-07 0.216025 0.0579883 0 0 0 0
576.278 2.65566 254.54 226.897 1.04985 1.07888 0.2 0.5 0.8 0.7 1.4 1.5 2.2 3 3.4 4 4.6 5.2 0.0875522 0.137811 0.223871 0.0155734 0.017121 0.41088 0.0412261 0.115814 0 0 0 0 0.0980772 0.124869 0.149736 0.0851666 0.37608 1.42689e-06 0.194956 0.0499899 0 0 0 0
579.214 2.66919 255.729 228.086 1.0486 1.08093 0.0001 0.5 0.7 0.5 1.4 1.5 2.2 3 3.2 3.7 4.3 4.9 0.0586578 0.0617903 0.248049 0.0687311 0.139888 0.311392 0.0465824 0.11351 0 0 0 0 0.0798915 0.0335456 0.321101 0.0269577 0.319023 0.0576483 0.189628 0.0531382 0 0 0 0
580.198 2.67373 256.126 228.483 1.04627 1.06506 0.3 0.5 0.8 1.3 1.4 1.6 2.1 2.9 3.2 3.7 4.3 4.9 0.0152769 0.373618 0.00130844 0.0116003 0.354526 0.15578 5.88959e-05 0.134097 0 0 0 0 0.134462 0.149377 0.119387 0.388566 0.000280173 1.87358e-07 0.215857 0.05713 0 0 0 0
586.801 2.70415 258.774 231.131 1.04073 1.02888 0.3 0.5 0.8 0.7 1.4 1.5 2.1 2.8 3.2 3.7 4.2 4.8 0.0172987 0.372069 0.000552723 3.29447e-07 0.29657 0.215411 3.49441e-09 0.138833 0 0 0 0 0.187892 0.00184978 0.283713 0.00260964 0.322405 0.0039439 0.17477 0.0516964 0 0 0 0
568.114 2.61804 251.201 223.558 1.06194 1.07723 0.0001 0.5 0.7 1.4 1.5 1.6 2.3 3.2 3.5 4 4.6 5.2 0.0804677 0.0583249 0.29159 0.373382 0.00796672 0.0570109 0.102895 0.0903036 0 0 0 0 0.0524602 0.203618 0.173023 0.423732 1.81008e-06 2.26897e-07 0.192615 0.0317806 0 0 0 0
561.81 2.58899 248.59 220.947 1.06965 1.0833 0.0001 0.5 0.8 1.4 1.5 1.6 2.4 3.3 3.4 4 4.5 5 0.104104 0.0198529 0.38217 0.147939 1.33087e-06 0.235852 0.0930734 0.0866617 0 0 0 0 0.0670514 0.166973 0.262815 0.0278142 0.320102 0.0431421 0.172052 0.0233498 0 0 0 0
552.289 2.54511 244.59 216.948 1.08732 1.05235 0.0001 0.6 0.8 1.5 1.6 1.9 2.5 3.5 3.5 4.1 4.7 5.3 0.0938833 0.109303 0.285891 0.385504 0.0144304 2.2879e-06 0.122858 0.075445 0 0 0 0 0.0926621 0.102533 0.339567 0.0378148 0.334603 3.60478e-09 0.139484 0.00568839 0 0 0 0
552.41 2.54567 244.642 216.999 1.09738 1.02565 0.0001 0.6 0.8 1.5 1.6 1.8 2.5 3.6 3.5 4.1 4.7 5.3 0.0954253 0.0994537 0.29761 0.393188 5.41484e-07 4.86044e-08 0.137671 0.0740349 0 0 0 0 0.0938981 0.0898948 0.351857 0.0156328 0.347634 2.3912e-06 0.126735 1.43512e-09 0 0 0 0
568.844 2.6214 251.501 223.859 1.06204 1.08898 0.4 0.5 1.1 1.4 1.5 1.9 2.3 3.2 3.2 3.7 4.3 4.9 0.240708 0.0752555 0.172064 0.34783 2.06593e-06 0.0457355 0.0859791 0.0944631 0 0 0 0 0.204428 0.141975 0.151861 0.343044 0.0026605 0.0129759 0.19781 0.034222 0 0 0 0
545.276 2.51279 241.6 213.957 1.10171 1.04282 0.3 0.6 0.9 1.5 1.6 2.1 2.6 3.7 3.5 4 4.6 5.2 0.161489 0.130447 0.18987 0.414702 1.33043e-07 6.71526e-11 0.136553 0.0686471 0 0 0 0 0.19631 0.0122051 0.361837 9.04573e-09 0.307845 0.0644997 0.10012 3.22567e-09 0 0 0 0
546.63 2.51903 242.18 214.537 1.10646 1.02558 0.2 0.5 0.8 1.4 1.5 2.1 2.6 3.8 3.3 3.8 4.3 4.8 0.026531 0.350243 0.00467907 0.454393 0.0514175 2.62496e-10 0.155945 0.0632506 0 0 0 0 0.118607 0.0604083 0.330489 6.99883e-07 0.334555 0.0995944 0.0819238 1.30566e-10 0 0 0 0
552.616 2.54662 244.729 217.086 1.09632 1.02228 0.0001 0.5 0.7 1.4 1.6 1.8 2.5 3.6 3.5 4 4.6 5.2 0.0336719 0.297132 0.0548693 0.491815 0.000192472 1.97874e-06 0.147551 0.0710818 0 0 0 0 0.0882153 1.29088e-10 0.389563 0.249667 0.057847 0.116927 0.120065 3.95054e-09 0 0 0 0
579.896 2.67233 256.004 228.361 1.0463 1.05827 0.0001 0.4 0.5 1.2 1.4 1.8 2.1 2.9 3.1 3.7 4.2 4.7 5.35408e-05 0.0573074 0.324603 0.000481239 0.460104 0.0724769 9.16614e-07 0.131276 0 0 0 0 0.000641112 0.245168 0.0840751 0.358922 0.0991459 9.93769e-07 0.216919 0.0533945 0 0 0 0
561.918 2.58948 248.635 220.992 1.06907 1.07747 0.2 0.5 0.8 1.4 1.5 1.6 2.4 3.3 3.3 3.8 4.4 4.9 0.0724888 0.213115 0.127774 0.387038 0.0628013 0.012285 0.110903 0.0826688 0 0 0 0 0.105482 0.104925 0.291571 0.0112742 0.325374 0.048235 0.169493 0.0211131 0 0 0 0
579.819 2.67198 255.973 228.33 1.0465 1.06015 0.2 0.4 0.5 1.2 1.4 1.7 2.1 2.9 3.2 3.8 4.3 4.8 0.0137299 0.00238279 0.36863 0.0142107 0.410769 0.104061 5.2078e-05 0.132662 0 0 0 0 4.83105e-07 0.251065 0.0777756 0.366506 0.0894947 0.00440337 0.216682 0.0542199 0 0 0 0
580.44 2.67484 256.223 228.581 1.04632 1.06757 0.2 0.5 0.7 1.3 1.4 1.5 2.1 2.9 3.1 3.7 4.3 4.8 0.00557069 0.387113 0.00225657 0.0356001 0.128763 0.351734 8.7575e-05 0.135197 0 0 0 0 0.0858228 0.167662 0.143053 0.39434 0.00257135 2.03425e-06 0.21571 0.0584103 0 0 0 0
576.073 2.65471 254.456 226.814 1.05006 1.07939 0.2 0.5 0.8 1.4 1.5 1.5 2.2 3 3.3 3.8 4.3 4.9 0.0854502 0.146953 0.232976 0.00794824 0.366155 0.0545157 0.0395115 0.11655 0 0 0 0 0.0920524 0.161479 0.206524 0.373701 4.79395e-07 4.79397e-07 0.195674 0.0499627 0 0 0 0
561.798 2.58893 248.585 220.942 1.06916 1.07691 0.0001 0.5 0.8 1.4 1.5 1.6 2.4 3.3 3.2 3.8 4.3 4.8 0.0395358 0.282215 0.0766873 0.444965 0.0252027 0.00574453 0.112299 0.082507 0 0 0 0 0.0676436 0.163589 0.267553 0.000908277 0.35886 0.0277436 0.169867 0.0207416 0 0 0 0
580.058 2.67308 256.069 228.427 1.04577 1.05531 0.0001 0.4 0.5 1.2 1.4 1.8 2.1 2.9 3.1 3.6 4.1 4.7 0.00115983 0.0884466 0.279113 0.0766959 0.376222 0.0953511 6.73847e-08 0.128785 0 0 0 0 0.00215502 0.234619 0.0941854 0.353602 0.103219 7.45836e-06 0.214937 0.052586 0 0 0 0
607.364 2.79891 266.833 239.191 1.03474 1.02722 0.2 0.4 0.5 1.2 1.5 1.8 2 2.8 3 3.5 4.1 4.7 0.000171979 0.000182955 0.36894 0.275453 0.118326 0.152061 1.12367e-07 0.119605 0 0 0 0 0.0693082 0.00657993 0.255383 0.405858 0.00897013 1.18933e-05 0.223705 0.0574062 0 0 0 0
553.877 2.55243 245.262 217.619 1.08686 1.05014 0.3 0.8 0.9 1.5 1.6 1.8 2.5 3.5 3.5 4 4.6 5.2 0.191819 0.149985 0.154868 0.390949 0.000108203 5.73882e-07 0.124896 0.0742329 0 0 0 0 0.195851 0.0708284 0.297045 5.77601e-09 0.313676 0.0309558 0.135441 0.00634512 0 0 0 0
575.635 2.6527 254.278 226.636 1.05047 1.07995 0.3 0.5 0.8 1.4 1.5 1.8 2.2 3 3.3 3.8 4.4 5 0.114471 0.154943 0.155887 0.387362 0.000199769 0.096546 0.022749 0.118312 0 0 0 0 0.163139 0.0660477 0.233868 0.370334 1.56857e-05 6.26695e-08 0.196715 0.04983 0 0 0 0
561.814 2.589 248.591 220.949 1.06951 1.08182 0.2 0.5 0.8 1.4 1.5 1.6 2.4 3.3 3.4 4 4.6 5.2 0.139303 0.00206969 0.345048 0.208499 0.00139376 0.190139 0.0974043 0.0856481 0 0 0 0 0.105629 0.104585 0.292476 4.04197e-07 0.348011 0.0369857 0.171313 0.0228219 0 0 0 0
574.588 2.64787 253.852 226.21 1.05161 1.07138 0.3 0.5 0.8 1.1 1.4 1.5 2.2 3 3.3 3.8 4.4 4.9 0.0966588 0.197568 0.111834 0.0552856 0.102465 0.325621 0.045107 0.117073 0 0 0 0 0.0989029 0.242018 0.00136872 0.181975 0.301557 0.000345436 0.201496 0.0437222 0 0 0 0
577.236 2.66008 254.928 227.286 1.04963 1.08179 0.0001 0.5 0.7 1.4 1.5 1.5 2.2 3 3.3 3.9 4.5 5 0.0527034 0.158388 0.222135 0.138617 0.226172 0.0932465 0.0422956 0.116074 0 0 0 0 0.0726511 0.100496 0.277888 0.384631 1.86664e-06 4.59175e-07 0.194392 0.0517264 0 0 0 0
568.366 2.6192 251.305 223.662 1.06204 1.08615 0.0001 0.4 0.6 0.9 1.4 1.5 2.3 3.2 3.1 3.6 4.2 4.7 0.058683 0.0438322 0.25962 0.0616113 0.34379 0.102167 0.0992414 0.0931001 0 0 0 0 0.00350123 0.261743 0.0542219 0.127834 0.405619 0.000221168 0.200033 0.0329725 0 0 0 0
553.704 2.55163 245.189 217.546 1.09584 1.0189 0.3 0.5 0.9 1.4 1.5 1.8 2.5 3.6 3.2 3.7 4.2 4.7 0.0776734 0.266155 0.0495231 0.483364 3.77815e-05 2.62532e-07 0.149331 0.0697586 0 0 0 0 0.176747 0.0495757 0.319585 0.000119929 0.231687 0.125156 0.116028 8.41031e-11 0 0 0 0
586.929 2.70474 258.825 231.182 1.04063 1.02834 0.3 0.4 0.5 0.8 1.4 1.5 2.1 2.8 3.2 3.7 4.2 4.8 0.00476325 0.0676876 0.29213 0.0348666 0.257427 0.245425 3.29383e-08 0.138329 0 0 0 0 0.184597 0.00596388 0.00048224 0.284604 0.324113 0.00242719 0.174593 0.0515564 0 0 0 0
575.829 2.65359 254.357 226.715 1.04987 1.07565 0.2 0.4 0.5 0.8 1.4 1.5 2.2 3 3.3 3.9 4.5 5.1 0.0807801 0.057636 0.0708324 0.261704 0.00916138 0.41067 0.0444306 0.114652 0 0 0 0 0.0553693 0.169258 0.00315618 0.234358 0.370304 1.68233e-05 0.194834 0.048356 0 0 0 0
540.969 2.49294 239.744 212.102 1.11078 1.04098 0.0001 0.5 0.8 1.4 1.5 2.7 2.2 3.9 3.4 4 4.6 5.1 0.010709 0.37948 0.000474041 0.306615 0.203874 0.150806 1.09007e-06 0.0588218 0 0 0 0 0.0754111 0.130385 0.299903 1.44214e-08 0.351528 0.061636 0.122119 1.16934e-11 0 0 0 0
576.483 2.6566 254.623 226.98 1.05526 1.08795 0.0001 0.5 0.7 0.7 1.4 1.5 2.2 3 3.2 3.8 4.3 4.8 0.00182474 0.383552 0.00843702 0.0120419 0.100676 0.407583 0.00896892 0.132181 0 0 0 0 0.0942235 1.61811e-05 0.295202 0.0788634 0.347826 0.0177511 0.204889 0.0491741 0 0 0 0
561.41 2.58714 248.423 220.78 1.06973 1.07769 0.0001 0.5 0.7 0.8 1.5 1.6 2.4 3.3 3.5 4.1 4.6 5.1 0.0940642 0.0564811 0.00423576 0.342007 0.365761 0.02115 0.101342 0.0846902 0 0 0 0 0.0844539 0.016175 0.385309 0.00119184 0.399303 1.44685e-07 0.169788 0.0214711 0 0 0 0
573.564 2.64315 253.435 225.792 1.05326 1.07007 0.3 0.5 0.7 1.3 1.5 1.8 2.2 3 3.3 3.8 4.4 5 0.116467 0.141317 0.119745 0.374106 0.00131899 0.177474 5.63957e-05 0.122781 0 0 0 0 0.0891161 0.253674 0.0266856 0.426118 0.0257159 0.000173198 0.207225 0.0413658 0 0 0 0
567.852 2.61683 251.093 223.45 1.06223 1.0833 0.3 0.5 0.8 1.4 1.5 1.9 2.3 3.2 3.3 3.9 4.4 4.9 0.18657 0.00464424 0.250813 0.393167 8.81323e-07 0.0479489 0.0857233 0.093361 0 0 0 0 0.121903 0.163861 0.152235 0.413956 0.0014033 4.03145e-09 0.196872 0.033065 0 0 0 0
568.311 2.61894 251.282 223.639 1.06207 1.08523 0.3 0.5 0.8 1.2 1.5 1.6 2.3 3.2 3.5 4.1 4.7 5.3 0.194157 1.35215e-07 0.208526 0.238747 0.000107346 0.23858 0.0883222 0.0936297 0 0 0 0 0.0844564 0.271607 0.00143251 0.276622 0.221446 1.83615e-07 0.19566 0.0340035 0 0 0 0
573.319 2.64202 253.335 225.692 1.05239 1.07304 0.3 0.4 0.5 1.1 1.4 1.7 2.2 3 3.2 3.7 4.2 4.7 0.128028 0.00541425 0.156742 0.3518 0.000172397 0.285982 0.00213574 0.122119 0 0 0 0 0.0212581 0.18774 0.124224 0.198212 0.294554 2.89545e-07 0.202897 0.0441572 0 0 0 0
541.278 2.49437 239.878 212.235 1.1108 1.04126 0.0001 0.5 0.7 1.4 1.5 2.7 2.2 3.9 3.4 4 4.5 5.1 0.0106975 0.379304 0.000572479 0.307975 0.202507 0.150865 4.54044e-08 0.0588827 0 0 0 0 0.0880353 1.53079e-07 0.3943 0.0868936 0.286086 0.0610908 0.12485 8.97615e-14 0 0 0 0
597.861 2.75512 263.143 235.501 1.04067 1.01588 0.0001 0.5 0.7 0.7 1.3 1.4 2 2.8 3.1 3.7 4.2 4.7 0.0131227 0.368575 9.45553e-06 2.81801e-05 2.07226e-08 0.486825 0.0414566 0.130651 0 0 0 0 0.097034 9.82252e-08 0.239225 0.104455 0.307326 8.86967e-06 0.215887 0.0519453 0 0 0 0
561.901 2.58941 248.628 220.985 1.06921 1.07735 0.2 0.5 0.8 1.4 1.5 1.6 2.4 3.3 3.3 3.8 4.3 4.9 0.0754597 0.204183 0.136077 0.403668 0.0135106 0.0436383 0.109715 0.0829538 0 0 0 0 0.105346 0.105409 0.290903 0.0145549 0.320642 0.0499129 0.169435 0.0211521 0 0 0 0
553.703 2.55163 245.189 217.546 1.09584 1.0189 0.3 0.5 0.9 1.4 1.5 1.8 2.5 3.6 3.3 3.8 4.4 4.9 0.0777939 0.265902 0.0497308 0.483305 7.93893e-09 5.95747e-09 0.149361 0.0697451 0 0 0 0 0.176775 0.0495159 0.31965 6.54053e-07 0.231757 0.125183 0.116014 7.24647e-11 0 0 0 0
552.396 2.54561 244.636 216.993 1.09591 1.02245 0.3 0.5 0.9 1.4 1.5 1.7 2.5 3.6 3.3 3.8 4.3 4.8 0.0775333 0.266579 0.0488434 0.483557 0.000211487 1.92838e-06 0.148814 0.0703668 0 0 0 0 0.186967 0.0265626 0.346858 9.52358e-06 0.138907 0.20246 0.120682 5.80743e-11 0 0 0 0
575.393 2.65158 254.18 226.537 1.05059 1.08101 0.3 0.5 0.8 1.4 1.5 1.7 2.2 3 3.3 3.9 4.4 4.9 0.172964 0.0139676 0.279974 0.265942 0.00525006 0.175361 0.0175331 0.119595 0 0 0 0 0.162922 0.0666111 0.233498 0.370698 4.53536e-06 3.7624e-07 0.196952 0.0503268 0 0 0 0
575.171 2.65056 254.09 226.447 1.05074 1.08153 0.3 0.5 0.8 1.4 1.5 1.8 2.2 3 3.3 3.9 4.5 5.1 0.180372 0.000137988 0.284057 0.30587 0.000905165 0.158209 0.000313779 0.120876 0 0 0 0 0.162849 0.0668074 0.233373 0.370857 2.55357e-06 1.12939e-07 0.197046 0.0505951 0 0 0 0
576.56 2.65696 254.654 227.011 1.05011 1.08349 0.2 0.5 0.7 1.4 1.5 1.8 2.2 3 3.4 4 4.6 5.1 0.100554 0.0485419 0.285531 0.331149 0.04027 0.111021 0.0137291 0.119315 0 0 0 0 0.114602 0.02622 0.312156 0.382823 8.67835e-06 6.80234e-08 0.195434 0.0522512 0 0 0 0
553.373 2.55011 245.049 217.407 1.08756 1.04863 0.2 0.6 0.9 1.5 1.7 1.6 2.5 3.5 3.4 4 4.5 5.1 0.124519 0.135583 0.249256 0.324651 2.22661e-05 0.0553336 0.123294 0.0749031 0 0 0 0 0.123172 0.139163 0.296956 1.74502e-07 0.0455887 0.30236 0.13585 0.00553787 0 0 0 0
552.987 2.54833 244.886 217.243 1.08759 1.05071 0.2 0.7 0.8 1.2 1.6 1.7 2.5 3.5 3.6 4.1 4.6 5.2 0.132407 0.203165 0.0763802 0.212932 0.267118 0.000406696 0.119325 0.0758531 0 0 0 0 0.136368 1.26851e-05 0.404295 0.00461289 0.359936 0.00198126 0.13779 0.00571169 0 0 0 0
