Chi2   rChi2   BIC   AIC    Qichtot    Qimtot  R[0]  R[1]  R[2]  R[3]  R[4]  R[5]  R[6]  R[7]  R[8]  R[9]  R[10]  R[11]  Q0ch    Q1ch    Q2ch    Q3ch    Q4ch    Q5ch    Q6ch    Q7ch    Q8ch    Q9ch    Q10ch    Q11ch    Q0m    Q1m    Q2m    Q3m    Q4m    Q5m    Q6m    Q7m    Q8m    Q9m    Q10m    Q11m
628.535 2.89647 274.851 247.208 1.08541 1.0121 0.0001 0.5 0.3 1.1 1.4 1.7 2.1 3 3.2 3.8 4.3 4.8 0.0365851 0.269208 0.0125927 0.298247 0.0155538 0.323414 1.84251e-05 0.129792 0 0 0 0 0.0147538 0.170444 0.113844 0.32225 0.145379 9.91804e-06 0.207279 0.038146 0 0 0 0
621.309 2.86318 272.145 244.503 1.09352 1.02347 0.0001 0.6 1.5 1.2 1.5 2 2.2 3.2 3.4 4 4.5 5.1 0.0814975 0.273946 0.19083 0.271483 0.0440125 0.000312182 0.133252 0.0981879 0 0 0 0 0.0783523 0.300818 0.0522998 0.273452 0.0985056 4.43982e-09 0.186198 0.0338402 0 0 0 0
642.531 2.96097 280.005 252.362 1.07874 0.99355 0.0001 0.4 0.5 1.1 1.4 1.7 2 2.9 3.3 3.9 4.5 5 1.12509e-05 0.000638661 0.397212 1.40646e-07 0.380947 0.163584 8.89543e-07 0.136349 0 0 0 0 0.0253165 0.248673 1.71005e-06 0.404621 0.0454677 4.18078e-06 0.22522 0.0442448 0 0 0 0
619.999 2.85714 271.651 244.009 1.09309 1.04695 0.3 0.5 1.1 1.4 1.5 2 2.2 3.2 3.4 3.9 4.4 5 0.187679 0.0649515 0.389532 0.131275 0.0156157 0.182845 0.0150977 0.106096 0 0 0 0 0.138492 0.168556 0.300298 0.110346 0.0865341 5.85631e-06 0.201944 0.0407741 0 0 0 0
645.559 2.97493 281.105 253.462 1.08174 0.99469 0.0001 0.4 0.6 1 1.4 1.9 2 3 3.1 3.6 4.2 4.7 0.113629 0.043845 0.0212714 0.469681 0.0877286 0.233739 0.000476993 0.111372 0 0 0 0 0.045354 0.195293 1.03593e-05 0.3664 0.118012 5.95269e-09 0.22711 0.0425106 0 0 0 0
642.989 2.96308 280.171 252.529 1.10847 0.903631 0.0001 0.5 0.6 1.1 1.4 1.3 2 3.3 3 3.6 4.1 4.7 0.0604834 0.000853124 0.280509 0.347442 0.0306704 2.53681e-09 0.30185 0.0866582 0 0 0 0 0.0617352 0.236255 8.60426e-08 0.303417 1.47763e-06 0.101061 0.192998 0.00816316 0 0 0 0
640.501 2.95162 279.264 251.622 1.07895 0.991437 0.0001 0.4 0.8 1.4 1.5 2.1 2 2.9 3.2 3.7 4.3 4.9 3.7596e-08 0.249432 0.206343 3.37562e-07 0.451623 3.01163e-08 0.0361923 0.135361 0 0 0 0 0.0798899 0.0808943 0.334097 0.284302 1.93412e-09 0.176411 3.60863e-09 0.0358424 0 0 0 0
644.727 2.97109 280.803 253.161 1.08169 0.990352 0.0001 0.3 0.8 1.2 1.4 1.9 2 3 3.1 3.7 4.3 4.8 0.089324 0.0634303 0.216873 0.387771 5.64013e-05 0.112151 0.103273 0.108812 0 0 0 0 0.00599957 0.191219 0.202741 0.318266 8.37045e-07 8.43631e-09 0.232586 0.0395396 0 0 0 0
616.549 2.84124 270.346 242.703 1.09371 1.04618 0.2 0.6 1 0.8 1.5 1.6 2.3 3.2 3.4 4 4.6 5.2 0.118503 0.148777 0.195069 0.0771417 0.157658 0.21184 0.0792771 0.105443 0 0 0 0 0.134938 0.0797512 0.13146 0.205775 0.226587 0.0699497 0.165198 0.0325224 0 0 0 0
615.665 2.83717 270.01 242.367 1.09413 1.045 0.1 0.4 0.8 1.3 1.5 2.1 2.3 3.2 3.4 3.9 4.4 4.9 0.00177836 0.279884 0.0744801 0.428592 0.0494305 0.152227 7.24392e-05 0.107664 0 0 0 0 0.0954183 0.0537908 0.371905 0.00326412 0.322259 6.01668e-05 0.166399 0.0319063 0 0 0 0
600.758 2.76847 264.274 236.632 1.1101 1.03653 0.0001 0.5 0.9 1.5 1.6 1.8 2.4 3.5 3.6 4.2 4.7 5.2 0.108658 0.0697216 0.356191 0.350384 7.75537e-07 9.42376e-09 0.1451 0.0800469 0 0 0 0 0.0581696 0.229666 0.221007 0.351003 2.82933e-08 5.25934e-10 0.155907 0.0207809 0 0 0 0
592.585 2.73081 261.069 233.427 1.10945 1.09554 0.0001 0.6 1 1.5 1.7 1.9 2.5 3.6 3.6 4.2 4.7 5.2 0.103834 0.165512 0.289142 0.29863 0.00982682 0.042258 0.124493 0.0757559 0 0 0 0 0.0766327 0.292543 0.169347 0.255194 0.10617 9.64045e-07 0.162513 0.0331344 0 0 0 0
599.939 2.76469 263.955 236.312 1.10729 1.06942 0.0001 0.4 0.5 1.1 1.5 2.1 2.4 3.5 3.4 3.9 4.5 5 0.039675 0.219605 0.000588344 0.361252 0.242272 0.0409185 0.12053 0.0824503 0 0 0 0 0.0400135 3.59911e-08 0.311053 0.204537 0.306996 2.68498e-05 0.176297 0.0305003 0 0 0 0
620.477 2.85934 271.832 244.189 1.09196 1.05213 0.0001 0.4 0.5 1.1 1.4 2 2.2 3.2 3.2 3.8 4.4 5 0.0277006 0.0954813 0.198948 0.162935 0.36246 0.0432291 0.0976199 0.103587 0 0 0 0 0.0269382 0.159376 0.128083 0.263224 0.224458 0.000862334 0.207919 0.0412726 0 0 0 0
637.689 2.93866 278.234 250.592 1.0802 0.999315 0.4 0.5 1.1 1.4 1.5 1.6 2.1 2.9 3.3 3.9 4.5 5 0.00213376 0.392466 0.0391607 0.146973 0.17533 0.18195 1.63038e-06 0.142183 0 0 0 0 0.297401 0.00535417 0.289681 0.178645 0.00114806 0.00262448 0.187293 0.0371682 0 0 0 0
615.619 2.83695 269.993 242.35 1.09428 1.04648 0.0001 0.7 0.9 1.4 1.6 2.2 2.3 3.2 3.5 4.1 4.6 5.2 0.110975 0.117441 0.333256 0.0265588 0.309972 0.087452 7.68324e-05 0.108553 0 0 0 0 0.097361 0.325159 0.0742752 0.224856 0.126238 7.96945e-06 0.165875 0.0327067 0 0 0 0
615.052 2.83434 269.777 242.134 1.12219 0.943874 0.0001 0.5 0.7 1.1 1.6 1.4 2.2 3.6 3.2 3.7 4.3 4.8 0.112053 1.45292e-07 0.153789 0.50671 1.27998e-07 5.55985e-09 0.275672 0.0739647 0 0 0 0 0.0460558 0.288244 3.98613e-09 0.191511 3.1283e-09 0.257426 0.156152 0.00448463 0 0 0 0
638.073 2.94043 278.375 250.733 1.08537 1.00609 0.4 0.5 0.9 1.1 1.4 1.7 2.1 3 3.3 3.8 4.3 4.8 0.203181 0.112954 0.00767567 0.254706 0.0896589 0.278038 0.0118124 0.127342 0 0 0 0 0.300669 9.46884e-08 1.13202e-08 0.298049 0.171677 9.62131e-10 0.194994 0.0406998 0 0 0 0
592.122 2.72867 260.886 233.243 1.10911 1.09733 0.0001 0.7 0.9 1.5 1.6 1.7 2.5 3.6 3.5 4 4.5 5 0.11524 0.134833 0.277049 0.287154 0.0869973 9.34901e-05 0.133222 0.0745261 0 0 0 0 0.0918345 0.359705 0.0614846 0.213058 0.173616 0.000174713 0.16499 0.0324693 0 0 0 0
612.962 2.82471 268.98 241.338 1.10801 0.987013 0.0001 0.6 1 1.3 1.5 1.6 2.3 3.4 3.4 4 4.5 5.1 0.0915439 0.253895 0.000693673 0.483895 0.020549 2.62788e-08 0.176482 0.0809549 0 0 0 0 0.0673524 0.341104 1.56164e-07 0.245518 0.168041 6.92914e-08 0.151993 0.0130041 0 0 0 0
636.321 2.93235 277.732 250.089 1.0853 0.993157 0.2 0.4 0.9 1.4 1.5 2 2.1 3 3.3 3.8 4.4 5 0.00124589 0.267239 0.213563 0.0251647 0.380098 0.0195108 0.0578892 0.120593 0 0 0 0 0.0935096 0.119463 0.312483 0.245074 1.99195e-06 7.97826e-08 0.187495 0.0351309 0 0 0 0
615.662 2.83715 270.009 242.366 1.09413 1.04497 0.1 0.4 0.8 1.3 1.5 2.1 2.3 3.2 3.4 3.9 4.5 5.1 0.00323257 0.276474 0.0778965 0.425275 0.0513632 0.152173 6.12491e-05 0.107651 0 0 0 0 0.0954543 0.0536967 0.37201 0.00312908 0.322336 9.58008e-05 0.166344 0.0319031 0 0 0 0
630.574 2.90587 275.609 247.966 1.08519 1.0089 0.7 0.3 1.1 1.4 1.5 2 2.1 3 3.2 3.7 4.3 4.9 0.291688 0.14717 0.0322469 0.000263685 0.418204 0.068334 4.11086e-08 0.127287 0 0 0 0 0.146313 0.194258 0.254004 0.17383 8.34276e-06 7.45536e-06 0.202091 0.0383842 0 0 0 0
618.131 2.84853 270.945 243.303 1.10774 0.978922 0.6 0.4 0.5 1.2 1.3 1.6 2.2 3.4 3.3 3.8 4.3 4.8 0.274113 0.127312 0.00261738 0.00547945 0.340361 0.0808591 0.195057 0.0819416 0 0 0 0 2.4561e-07 0.210796 0.131015 0.0919581 0.350856 4.98973e-08 0.17636 0.0179366 0 0 0 0
630.179 2.90405 275.462 247.82 1.08534 1.0109 0.0001 0.6 1.3 1.2 1.5 2 2.1 3 3.3 3.8 4.3 4.9 0.0505639 0.374632 0.0116671 0.0404902 0.416088 0.0634005 8.49975e-07 0.1285 0 0 0 0 0.079107 0.299702 0.243074 0.144178 2.74245e-07 1.59495e-10 0.206112 0.0387267 0 0 0 0
613.617 2.82773 269.23 241.588 1.10007 1.03428 0.0001 0.4 0.8 0.5 1.5 1.7 2.4 3.2 3.4 4 4.6 5.1 3.31425e-08 0.000226638 0.0494635 0.376362 0.487952 0.017177 0.0519997 0.116886 0 0 0 0 0.0559662 0.133221 0.310858 0.00209545 0.361245 0.00052702 0.157313 0.0130563 0 0 0 0
593.764 2.73624 261.534 233.892 1.10969 1.09006 0.0001 0.3 0.8 1.4 1.5 2.1 2.5 3.6 3.2 3.7 4.2 4.8 0.0620268 0.0944397 0.292006 0.365585 0.0536883 0.0507604 0.115739 0.0754452 0 0 0 0 0.00603317 0.176962 0.320003 0.000197049 0.368871 0.0339571 0.150833 0.033201 0 0 0 0
630.664 2.90628 275.642 248 1.08503 1.00247 0.1 0.4 0.8 1.3 1.5 2 2.1 3 3.2 3.7 4.3 4.8 0.0580251 0.121635 0.307416 0.00146301 0.386385 0.0858599 0.000160075 0.124084 0 0 0 0 0.0577227 0.155362 0.219131 0.333396 3.9279e-07 3.74402e-08 0.201693 0.0351636 0 0 0 0
646.675 2.98007 281.509 253.866 1.10713 0.902036 0.0001 0.4 0.6 1.2 1.4 1.6 2 3.3 3 3.5 4 4.5 0.0470047 2.11281e-08 0.343327 0.339557 1.02629e-07 2.89562e-09 0.290325 0.0869176 0 0 0 0 0.0800339 0.0020876 0.2721 0.347974 4.07555e-09 8.97176e-08 0.189922 0.0099188 0 0 0 0
620.057 2.85741 271.673 244.031 1.0925 1.04631 0.1 0.4 0.7 1.2 1.5 2.1 2.2 3.2 3.3 3.9 4.5 5.1 0.023574 0.237153 0.0515173 0.381499 0.139273 0.146205 0.00942927 0.103848 0 0 0 0 0.0345097 0.204142 0.120312 0.327965 0.116897 1.19294e-06 0.2024 0.040084 0 0 0 0
599.796 2.76404 263.899 236.257 1.10812 1.05495 0.0001 0.5 1 1.5 1.6 2.4 2.4 3.5 3.6 4.2 4.7 5.2 0.0881291 0.157186 0.311437 0.326135 6.29355e-05 0.0337796 0.111629 0.0797588 0 0 0 0 0.047748 0.279259 0.200296 0.335123 1.75318e-08 0.0560162 0.11064 0.0258656 0 0 0 0
633.714 2.92034 276.771 249.129 1.08387 0.996028 0.3 0.1 0.4 1 1.4 1.9 2.1 3 3.1 3.7 4.2 4.8 0.186147 0.0100146 0.0177543 0.368655 0.186741 0.186603 0.0106599 0.117297 0 0 0 0 0.0232939 0.0311122 0.201826 0.310554 0.197518 0.00897846 0.189969 0.0327765 0 0 0 0
628.149 2.8947 274.707 247.065 1.08539 1.01378 0.0001 0.4 0.5 1.1 1.4 1.7 2.1 3 3.3 3.8 4.4 5 0.0321708 0.0513883 0.233173 0.297807 0.0204391 0.320198 9.88807e-07 0.130212 0 0 0 0 0.0178968 0.259052 0.0109694 0.34332 0.134777 5.82774e-08 0.20963 0.0381318 0 0 0 0
618.913 2.85213 271.241 243.599 1.1087 0.973176 0.7 0.4 0.8 1.3 1.6 1.4 2.2 3.4 3.3 3.9 4.4 4.9 0.0185038 0.212753 0.23934 0.217998 0.150337 0.00151219 0.185175 0.0830862 0 0 0 0 0.0891798 0.276294 2.09099e-05 0.419105 1.07408e-08 5.2228e-05 0.171636 0.0168889 0 0 0 0
615.547 2.83662 269.965 242.323 1.09429 1.04303 0.0001 0.8 0.5 1.2 1.5 2.1 2.3 3.2 3.4 4 4.5 5 0.0501272 0.00319325 0.270674 0.344975 0.169566 0.148215 4.63354e-07 0.107537 0 0 0 0 0.0935617 0.356982 0.0698263 0.000388253 0.325872 2.25808e-07 0.164855 0.0315456 0 0 0 0
616.555 2.84127 270.348 242.705 1.09363 1.04378 0.0001 0.6 0.9 0.9 1.5 1.6 2.3 3.2 3.4 4 4.6 5.2 0.0751036 0.254682 0.0528665 0.0967025 0.421605 5.3335e-06 0.0887059 0.103962 0 0 0 0 0.091315 0.198837 0.237333 0.00711726 0.285901 0.0263964 0.16549 0.0313858 0 0 0 0
613.624 2.82776 269.233 241.59 1.10001 1.03678 0.0001 0.5 0.8 1.5 1.6 2.3 2.4 3.2 3.4 3.9 4.4 4.9 7.27549e-06 0.376446 0.0497547 0.478628 0.0238475 0.0145416 0.0390852 0.117695 0 0 0 0 0.0746696 0.141785 0.283632 0.364971 2.08597e-05 8.68971e-08 0.157588 0.0141108 0 0 0 0
641.07 2.95424 279.472 251.829 1.07878 0.991112 0.0001 0.4 0.8 1.4 1.5 2.1 2.1 2.9 3.3 3.9 4.5 5 3.64082e-08 0.250272 0.203631 2.84786e-07 0.459823 0.0210446 0.00983368 0.134179 0 0 0 0 0.080106 0.0804054 0.334485 0.283965 2.8423e-05 0.149011 0.0275405 0.0355712 0 0 0 0
620.679 2.86027 271.908 244.266 1.09314 1.03102 0.0001 0.3 0.8 1.3 1.5 1.6 2.2 3.2 3.3 3.8 4.3 4.8 0.00373244 0.189281 0.220582 0.317041 0.00587099 0.131443 0.12542 0.0997721 0 0 0 0 2.32808e-07 0.196896 0.251151 0.254686 0.100379 1.66553e-07 0.191981 0.0359224 0 0 0 0
618.765 2.85145 271.185 243.543 1.09349 1.02815 0.0001 0.5 0.6 1.1 1.5 1.7 2.3 3.1 3.5 4.1 4.6 5.1 0.000173641 0.325609 0.0925956 0.000397359 0.510252 1.4408e-07 0.0386075 0.125859 0 0 0 0 0.0462281 0.291914 0.000971581 0.239738 0.259521 1.01179e-07 0.166969 0.0228049 0 0 0 0
620.203 2.85808 271.728 244.086 1.09314 1.03772 0.0001 0.3 0.7 1.2 1.5 2.1 2.2 3.2 3.4 3.9 4.4 4.9 0.00672644 0.181468 0.145797 0.354419 0.141012 0.158458 0.00233487 0.102921 0 0 0 0 0.000505072 0.185607 0.192258 0.288912 0.136891 4.16669e-11 0.19545 0.038096 0 0 0 0
600.669 2.76806 264.24 236.597 1.10998 1.03761 0.1 0.5 0.9 1.5 1.6 2.2 2.4 3.5 3.4 3.9 4.4 4.9 0.120285 0.0535776 0.3615 0.349469 8.60381e-09 3.32579e-09 0.145131 0.080014 0 0 0 0 0.0645351 0.220714 0.224227 0.350542 3.72959e-11 1.40546e-11 0.156507 0.0210847 0 0 0 0
619.739 2.85594 271.553 243.911 1.0927 1.04522 0.0001 0.8 0.5 1.3 1.5 2.1 2.2 3.2 3.4 4 4.6 5.2 0.0471159 0.0139802 0.280747 0.482563 0.00154329 0.161934 0.000777228 0.10404 0 0 0 0 0.0604177 0.120345 0.228859 0.353058 0.0390297 9.76936e-08 0.204022 0.0394929 0 0 0 0
618.666 2.851 271.148 243.505 1.10063 0.999519 0.2 0.7 0.9 1.3 1.6 1.5 2.3 3.3 3.4 3.9 4.5 5 0.16286 0.0115418 0.332746 0.127444 0.0355586 0.198222 0.147028 0.0852293 0 0 0 0 0.120261 0.330193 4.35934e-07 0.140074 2.70696e-06 0.240722 0.150707 0.017559 0 0 0 0
629.718 2.90193 275.291 247.648 1.08656 1.01528 0.3 0.5 0.4 0.8 1.4 1.5 2.2 3 3.3 3.8 4.4 4.9 1.8219e-10 0.381066 4.60848e-10 0.0432422 1.46916e-12 0.50144 0.0288809 0.131931 0 0 0 0 0.192144 2.229e-09 3.14223e-11 0.278804 0.33948 1.30544e-09 0.174072 0.0307801 0 0 0 0
601.187 2.77045 264.441 236.799 1.10423 1.08058 0.0001 0.8 0.9 1.2 1.7 1.9 2.5 3.4 3.6 4.2 4.7 5.3 0.0975337 0.118296 0.436426 3.58507e-07 2.25767e-07 0.350508 6.62444e-08 0.101467 0 0 0 0 0.111106 0.428127 1.90714e-07 0.0770496 0.302912 1.82453e-08 0.126243 0.0351439 0 0 0 0
620.253 2.85831 271.747 244.105 1.09263 1.03871 0.3 0.7 1.1 1.4 1.5 2 2.2 3.2 3.3 3.9 4.5 5 0.179605 0.186328 0.109874 0.330833 0.0513322 0.0119633 0.122079 0.10062 0 0 0 0 0.18777 0.18135 0.173924 0.253819 0.0057013 2.58198e-06 0.198547 0.0375975 0 0 0 0
658.211 3.03323 285.647 258.004 1.0763 0.993041 0.0001 0.4 0.4 0.9 1.3 1.7 1.9 2.9 3 3.5 4.1 4.7 0.124102 4.37018e-08 1.75816e-06 0.479433 0.0161223 0.320417 0.00921298 0.127015 0 0 0 0 0.083605 0.00654748 0.085903 0.399732 0.0993875 4.01957e-10 0.265641 0.052225 0 0 0 0
620.357 2.85879 271.786 244.144 1.09216 1.04685 0.1 0.5 0.8 1.2 1.5 2.1 2.2 3.2 3.4 3.9 4.5 5.1 0.0559106 0.250039 0.0487229 0.25546 0.258684 0.00174773 0.119439 0.102158 0 0 0 0 0.057201 0.271012 0.0208015 0.34496 0.109258 7.40962e-05 0.203669 0.0398715 0 0 0 0
642.462 2.96066 279.98 252.337 1.07876 0.993496 0.1 0.4 0.5 1.1 1.4 1.7 2 2.9 3.3 3.8 4.3 4.8 5.97201e-05 1.02094e-05 0.397901 1.83214e-08 0.38058 0.163886 3.16969e-14 0.136325 0 0 0 0 0.0286708 0.244853 8.41465e-10 0.405583 0.0449072 7.41895e-12 0.225285 0.0441964 0 0 0 0
613.628 2.82778 269.234 241.592 1.09993 1.03621 0.0001 0.5 0.8 1.7 1.5 1.6 2.4 3.2 3.4 4 4.6 5.2 1.3182e-08 0.376303 0.0501506 0.0187189 0.484817 0.00149033 0.0513833 0.117066 0 0 0 0 0.0746658 0.141767 0.283603 8.88082e-08 0.364863 1.49198e-07 0.157389 0.0139201 0 0 0 0
629.514 2.90099 275.215 247.573 1.08558 1.00848 0.0001 0.3 0.8 1.3 1.6 2.1 2.1 3 3.3 3.8 4.4 4.9 0.0505984 0.0846949 0.388698 8.46828e-06 0.411766 0.0052575 0.01599 0.128563 0 0 0 0 0.00316563 0.193592 0.23943 0.330134 6.29344e-09 0.164209 0.0403391 0.0376051 0 0 0 0
661.916 3.0503 286.96 259.317 1.07216 0.974253 0.3 0.3 0.4 1 1.4 1.7 1.9 2.8 3.2 3.7 4.3 4.8 0.0378845 0.176288 0.00411442 0.332 0.260738 5.72601e-08 0.124619 0.136521 0 0 0 0 0.0277158 0.186483 1.2649e-08 0.431668 0.0307814 2.22628e-07 0.251992 0.0456112 0 0 0 0
600.758 2.76847 264.274 236.632 1.1101 1.03652 0.0001 0.5 0.9 1.5 1.6 1.8 2.4 3.5 3.4 3.9 4.4 4.9 0.10866 0.0697148 0.356199 0.350381 6.36573e-08 8.26889e-09 0.145098 0.0800432 0 0 0 0 0.0581694 0.229666 0.221006 0.351 1.43532e-08 3.00127e-11 0.155904 0.0207779 0 0 0 0
629.413 2.90052 275.178 247.535 1.08684 1.0158 0.5 0.4 0.5 1.1 1.4 1.8 2.2 3.1 3.2 3.8 4.3 4.8 0.00513606 0.29201 0.00169404 0.200399 0.35921 3.95672e-08 0.126668 0.101727 0 0 0 0 0.0694536 0.248564 0.00637759 0.215894 0.263468 5.05016e-06 0.183303 0.0287306 0 0 0 0
650.818 2.99916 283.003 255.361 1.07798 0.979145 0.0001 0.4 0.4 0.9 1.3 1.7 2 2.9 3.1 3.7 4.3 4.9 4.96126e-08 0.00222451 0.270829 0.182256 0.215289 0.278334 1.93599e-10 0.129043 0 0 0 0 0.0552655 0.132138 0.0329626 0.277523 0.229541 6.54229e-10 0.210272 0.041442 0 0 0 0
616.121 2.83927 270.183 242.541 1.09428 1.05234 0.0001 0.4 0.9 1.3 1.5 2 2.3 3.2 3.3 3.9 4.5 5.1 0.0962025 0.0633394 0.39336 0.0450954 0.213323 0.171203 1.47909e-06 0.111755 0 0 0 0 0.0480643 0.180079 0.306266 0.0356271 0.26232 0.0257724 0.158503 0.0357099 0 0 0 0
616.112 2.83923 270.18 242.537 1.09798 1.04986 0.0001 0.3 0.7 1.2 1.5 2.1 2.3 3.3 3.4 4 4.5 5.1 0.0085892 0.192751 0.100178 0.447159 0.0647241 0.165803 0.022487 0.0962902 0 0 0 0 0.0756738 0.0354318 0.336306 0.119201 0.274507 3.60285e-07 0.17333 0.0354099 0 0 0 0
606.614 2.79546 266.544 238.902 1.12287 0.980852 0.0001 0.7 0.8 0.7 1.5 1.7 2.4 3.7 3.4 4 4.6 5.2 0.0910306 3.46556e-05 0.452909 0.000809401 0.319633 8.10865e-06 0.190955 0.0674945 0 0 0 0 0.106001 0.0240186 0.37484 0.0295455 0.194838 0.131105 0.110883 0.00962057 0 0 0 0
623.001 2.87097 272.782 245.139 1.12256 0.9245 0.0001 0.5 0.6 1.2 1.5 1.6 2.2 3.6 3.1 3.7 4.2 4.7 0.0718131 4.23419e-06 0.266005 0.45033 1.48045e-11 4.44694e-12 0.258899 0.075509 0 0 0 0 0.0438612 0.248586 0.0639794 0.269249 0.158355 4.41116e-08 0.136999 0.00347055 0 0 0 0
628.147 2.89469 274.707 247.064 1.08627 1.01848 0.4 0.5 0.7 1.2 1.4 1.8 2.1 3 3.2 3.8 4.4 5 0.00818225 0.382099 0.00525636 0.000176603 0.414574 0.142252 4.54116e-05 0.133682 0 0 0 0 0.3081 1.73551e-08 5.54876e-09 0.453664 6.19093e-11 1.35774e-10 0.218002 0.0387148 0 0 0 0
628.794 2.89767 274.947 247.305 1.08518 1.00859 0.3 0.4 0.9 1.3 1.5 1.8 2.1 3 3.3 3.8 4.3 4.9 0.182311 0.0146356 0.346831 0.000453843 0.232022 0.181411 2.90562e-07 0.127519 0 0 0 0 0.130806 0.113681 0.212264 0.30839 4.40613e-07 8.1063e-10 0.20715 0.0363038 0 0 0 0
617.538 2.84579 270.721 243.078 1.10107 1.00409 0.0001 0.5 0.6 1 1.5 1.6 2.3 3.3 3.4 3.9 4.5 5.1 0.12037 0.00693644 0.0784748 0.427047 0.000114253 0.247207 0.133081 0.0878386 0 0 0 0 0.0539071 0.256462 4.52879e-05 0.23201 0.290549 3.49698e-07 0.15193 0.0191898 0 0 0 0
632.761 2.91595 276.419 248.776 1.08878 0.989546 0.3 0.5 0.4 1 1.4 1.5 2.1 3.1 3.3 3.8 4.3 4.9 0.218452 2.62445e-07 0.000781681 0.3282 0.275976 1.75694e-06 0.165331 0.100042 0 0 0 0 0.124397 5.11116e-05 0.126305 0.31702 0.194251 2.15363e-07 0.196778 0.0307436 0 0 0 0
618.98 2.85244 271.266 243.624 1.10858 0.972991 0.7 0.4 0.8 1.3 1.6 0.9 2.2 3.4 3.2 3.7 4.2 4.7 0.196968 0.193564 0.0289202 0.268888 0.12259 0.0254929 0.18956 0.0825949 0 0 0 0 0.0882778 0.276493 0.000773356 0.419214 1.29271e-06 4.56334e-08 0.171696 0.0165364 0 0 0 0
619.745 2.85597 271.556 243.913 1.09273 1.04478 0.0001 0.5 0.8 1.3 1.5 2.1 2.2 3.2 3.4 4 4.5 5 0.0459503 0.28542 0.00851237 0.486301 6.26139e-06 0.160253 0.002299 0.103991 0 0 0 0 0.0606336 0.227839 0.121716 0.35135 0.0401574 1.19118e-06 0.203706 0.0393793 0 0 0 0
611.765 2.81919 268.523 240.88 1.10385 1.05349 0.3 0.5 1 1.5 1.6 1.8 2.4 3.3 3.4 3.9 4.5 5.1 0.00646209 0.377428 0.0543309 0.483627 1.21283e-07 5.05496e-06 0.0739082 0.108093 0 0 0 0 0.131685 0.171122 0.243204 0.280582 0.0374186 0.0015549 0.169386 0.0185362 0 0 0 0
629.239 2.89972 275.113 247.47 1.0897 0.995813 0.4 0.5 1.38778e-16 0.7 1.4 1.5 2.2 3.1 3.2 3.8 4.3 4.8 0.000662832 9.3956e-07 0.0959794 0.333617 0.42933 3.45798e-07 0.128902 0.101206 0 0 0 0 2.15034e-09 3.3435e-10 0.0937993 0.366558 0.344913 1.78294e-10 0.169127 0.0214157 0 0 0 0
655.508 3.02077 284.683 257.041 1.0722 0.976258 0.1 0.4 0.8 1.3 1.4 1.9 2 2.8 3.1 3.7 4.2 4.7 3.19908e-07 0.268814 0.139235 2.44249e-15 0.451306 0.0707638 2.37527e-09 0.142078 0 0 0 0 0.0834685 0.0908318 0.287847 0.27275 2.45759e-09 8.09844e-08 0.20129 0.0400698 0 0 0 0
599.456 2.76247 263.767 236.124 1.10944 1.06009 0.0001 0.7 0.9 1.6 1.7 2.4 2.5 3.5 3.6 4.2 4.7 5.3 0.127345 0.000113806 0.459119 0.318422 0.00144128 0.0495618 0.0707461 0.0826925 0 0 0 0 0.0976316 0.282935 0.168431 0.35121 7.84414e-10 2.48152e-10 0.140931 0.0189498 0 0 0 0
655.654 3.02145 284.736 257.093 1.07227 0.976067 0.0001 0.4 0.8 1.3 1.4 1.9 2 2.8 3.1 3.6 4.1 4.7 0.0112838 0.242409 0.161514 2.85617e-07 0.440639 0.0746436 2.99794e-08 0.14178 0 0 0 0 0.073159 0.103543 0.285109 0.272967 4.66452e-05 5.58263e-05 0.201387 0.0398001 0 0 0 0
646.035 2.97712 281.277 253.635 1.07839 0.996666 0.1 0.4 0.5 1 1.4 1.6 2 2.9 3.1 3.6 4.2 4.7 1.93526e-09 1.84944e-06 0.393713 0.0352389 0.218656 0.294601 3.88766e-07 0.136175 0 0 0 0 0.0479903 0.196774 8.12455e-05 0.351892 0.137518 1.38395e-07 0.214809 0.0476024 0 0 0 0
599.602 2.76314 263.824 236.181 1.10915 1.0588 0.0001 0.7 0.9 1.6 1.7 2 2.5 3.5 3.7 4.2 4.8 5.4 0.126326 0.00733111 0.451743 0.318255 0.000245649 0.0124909 0.111738 0.081023 0 0 0 0 0.0974054 0.284648 0.166507 0.351518 6.72262e-08 2.18979e-10 0.14032 0.0183971 0 0 0 0
646.122 2.97752 281.309 253.666 1.08157 0.999589 0.0001 0.6 0.8 1.1 1.4 1.8 2 3 3.1 3.7 4.3 4.9 0.126418 0.00863364 0.206251 0.3576 0.000585272 0.202989 0.0661922 0.112904 0 0 0 0 0.0872736 0.247895 0.00376256 0.295545 0.0906616 5.39131e-07 0.230053 0.0443978 0 0 0 0
616.111 2.83922 270.18 242.537 1.09412 1.0497 0.0001 0.8 0.5 1.3 1.5 2.1 2.3 3.2 3.4 4 4.5 5 0.0372325 0.0185436 0.301261 0.393318 0.0925082 0.14018 0.00176168 0.109312 0 0 0 0 0.0865315 0.309657 0.103341 0.0640382 0.278507 0.010194 0.163852 0.0335836 0 0 0 0
620.049 2.85737 271.67 244.028 1.09277 1.04297 0.3 0.5 1 1.4 1.5 2.1 2.2 3.2 3.4 4 4.6 5.1 0.160894 0.105687 0.229618 0.340611 0.000331899 0.126126 0.0261378 0.103365 0 0 0 0 0.153574 0.131381 0.245956 0.272024 0.000109724 4.34764e-08 0.200743 0.0391798 0 0 0 0
623.378 2.87271 272.923 245.281 1.0922 1.03838 0.4 0.5 0.9 1.3 1.4 1.7 2.2 3.1 3.1 3.7 4.2 4.7 0.00666327 0.381268 0.0167615 9.65759e-05 0.370835 0.157202 0.0324561 0.126921 0 0 0 0 0.300063 0.000805972 0.0970756 0.393809 0.0081233 1.36399e-08 0.203124 0.0353802 0 0 0 0
616.01 2.83875 270.141 242.498 1.09876 1.04118 0.0001 0.6 0.4 1.2 1.5 1.8 2.3 3.2 3.4 3.9 4.4 4.9 1.14159e-05 0.268419 0.149796 0.0221515 0.479116 5.73942e-06 0.0627084 0.116552 0 0 0 0 1.37044e-05 0.0697773 0.274407 0.311254 0.17725 6.2881e-10 0.183254 0.0252229 0 0 0 0
673.875 3.10541 291.15 263.507 1.06369 0.978175 0.6 0.3 1 1.3 1.4 1.9 1.9 2.7 3.2 3.7 4.2 4.8 0.25318 0.130199 1.34166e-08 1.30047e-08 0.504075 0.0125936 0.00777328 0.15587 0 0 0 0 0.108099 0.180131 0.24806 0.16807 1.43319e-08 0.113691 0.101579 0.0585443 0 0 0 0
620.361 2.85881 271.788 244.145 1.09234 1.0461 0.4 0.1 0.8 1.2 1.5 2.1 2.2 3.2 3.3 3.8 4.4 4.9 0.246363 0.0175215 0.0887498 0.27368 0.234799 0.0351415 0.093363 0.102723 0 0 0 0 0.242132 0.0245681 0.102451 0.315294 0.119227 6.96673e-06 0.202516 0.0399057 0 0 0 0
646.605 2.97975 281.484 253.841 1.08139 0.989841 0.0001 0.3 0.5 0.9 1.3 1.4 2 3 3.2 3.8 4.3 4.9 0.0923683 0.0629388 0.000213826 0.358928 0.139842 0.138029 0.181821 0.107251 0 0 0 0 0.010821 0.185434 0.00696991 0.311877 0.207514 1.05334e-06 0.227064 0.040161 0 0 0 0
643.209 2.9641 280.251 252.609 1.07868 0.994043 0.6 0.3 0.7 1.1 1.4 1.6 2 2.9 3.2 3.8 4.3 4.8 0.337889 0.0898596 0.000397661 3.72591e-08 0.215646 0.298255 7.69121e-09 0.136633 0 0 0 0 0.102453 0.188644 1.85648e-06 0.37473 0.0601363 2.81648e-09 0.223032 0.0450451 0 0 0 0
605.426 2.78998 266.086 238.443 1.12216 0.987736 0.0001 0.7 0.8 1.2 1.7 1.6 2.4 3.7 3.3 3.9 4.4 4.9 0.0972323 0.0199024 0.365562 0.212645 0.181242 0.00014178 0.176961 0.0684695 0 0 0 0 0.103928 0.108515 0.303788 0.0479141 3.05623e-06 0.293717 0.116732 0.0131376 0 0 0 0
591.906 2.72768 260.801 233.158 1.10918 1.10008 0.0001 0.7 1 1.5 1.6 1.7 2.5 3.6 3.6 4.2 4.7 5.3 0.114333 0.192753 0.25736 0.23725 0.00135253 0.104187 0.125826 0.0761206 0 0 0 0 0.0907479 0.380909 0.0416149 0.225993 0.15977 9.13126e-06 0.16732 0.0337188 0 0 0 0
618.728 2.85128 271.171 243.529 1.09386 1.03147 0.0001 0.5 0.6 1.1 1.5 1.7 2.3 3.1 3.4 4 4.6 5.1 5.76759e-07 0.364907 0.0332517 0.0600547 0.397141 0.0847085 0.0249009 0.1289 0 0 0 0 0.0460377 0.293259 3.58715e-05 0.239798 0.260086 1.6462e-08 0.168041 0.0242109 0 0 0 0
601.315 2.77104 264.491 236.849 1.10635 1.07947 0.2 0.5 0.7 1.4 1.6 2 2.4 3.5 3.5 4 4.5 5.1 0.130115 4.66851e-08 0.277873 0.471573 1.86896e-07 8.36904e-09 0.14584 0.0809476 0 0 0 0 0.0915252 0.11909 0.226479 0.375656 0.0517415 1.45528e-07 0.183638 0.031339 0 0 0 0
615.563 2.8367 269.971 242.329 1.09857 1.04009 0.4 0.5 1 1.2 1.5 1.9 2.3 3.2 3.4 3.9 4.5 5.1 0.00090724 0.390997 0.0109189 0.0579094 0.455597 0.000485376 0.0661539 0.115597 0 0 0 0 0.233426 0.104853 0.000376659 0.321842 0.171569 6.8837e-08 0.18381 0.0242138 0 0 0 0
632.308 2.91386 276.251 248.609 1.08544 1.00878 0.0001 0.6 0.7 0.8 1.5 1.3 2.1 3 3.3 3.9 4.4 5 0.0467213 0.382461 0.00867045 0.000167715 0.475025 1.05119e-06 0.0447898 0.127604 0 0 0 0 0.0845434 0.231858 0.022202 0.0801975 1.88741e-07 0.349304 0.201326 0.0393509 0 0 0 0
615.951 2.83848 270.119 242.476 1.09418 1.04794 0.2 0.4 0.9 1.5 1.6 2.1 2.3 3.2 3.4 3.9 4.4 5 0.122002 0.0580602 0.359328 0.316292 8.54235e-05 0.12653 0.00270667 0.109171 0 0 0 0 0.0978603 0.110129 0.350796 0.189667 0.101593 1.94036e-05 0.164084 0.0337926 0 0 0 0
648.464 2.98831 282.155 254.513 1.07796 0.97659 0.0001 0.3 0.7 1.2 1.4 1.9 2 2.9 3.2 3.8 4.3 4.8 0.00478954 0.150389 0.269622 2.84181e-06 0.403259 0.123484 0.000128817 0.126281 0 0 0 0 0.034134 0.127891 0.208117 0.351806 1.08101e-07 9.99365e-08 0.216361 0.0382807 0 0 0 0
592.026 2.72823 260.848 233.206 1.10919 1.09925 0.0001 0.7 0.9 1.4 1.6 1.7 2.5 3.6 3.5 4 4.6 5.1 0.114023 0.162361 0.222858 0.268592 1.20608e-06 0.138925 0.126623 0.0758056 0 0 0 0 0.0901577 0.386229 0.0165057 0.159058 0.245241 0.00229969 0.16621 0.0335458 0 0 0 0
616.519 2.8411 270.334 242.692 1.09371 1.04703 0.0001 0.7 0.7 1.3 1.6 2 2.3 3.2 3.4 4 4.6 5.1 0.0893028 0.347103 0.0069984 0.189245 0.276785 7.43425e-06 0.0785268 0.10574 0 0 0 0 0.0954296 0.32621 0.0363607 0.219411 0.171325 1.57151e-06 0.165688 0.0326 0 0 0 0
630.689 2.9064 275.652 248.009 1.085 1.0022 0.1 0.4 0.8 1.3 1.5 2 2.1 3 3.2 3.7 4.3 4.8 0.0611971 0.114787 0.312644 0.00119205 0.384072 0.0871804 4.15142e-05 0.123881 0 0 0 0 0.0577446 0.155309 0.219147 0.333368 8.44369e-09 9.6306e-09 0.201619 0.0350148 0 0 0 0
610.39 2.81286 267.996 240.354 1.09838 1.05143 0.0001 0.4 0.8 1.4 1.6 2.3 2.4 3.3 3.4 3.9 4.4 5 0.0242961 0.214488 0.178592 0.429771 0.0327568 0.123101 6.46021e-05 0.0953062 0 0 0 0 0.100367 0.0238396 0.419678 0.0487494 0.2862 2.6463e-09 0.145885 0.0267087 0 0 0 0
645.142 2.973 280.953 253.311 1.07823 0.98086 0.0001 0.6 0.4 1.1 1.4 1.9 2 2.9 3.2 3.8 4.3 4.9 0.0606071 0.344375 0.00150868 0.0126491 0.41403 0.116852 8.25306e-07 0.128209 0 0 0 0 0.0274835 4.17044e-07 0.243925 0.408964 0.03986 3.06762e-05 0.222195 0.0384014 0 0 0 0
620.948 2.86151 272.009 244.367 1.09183 1.0517 0.3 0.4 0.5 1.2 1.4 1.7 2.2 3.2 3.1 3.7 4.3 4.9 0.122966 0.00761644 0.17603 0.398751 0.0395275 0.137286 0.106461 0.103192 0 0 0 0 0.0662512 0.144948 0.106407 0.434045 0.00040741 0.0563073 0.201516 0.0418143 0 0 0 0
616.376 2.84044 270.28 242.638 1.09768 1.04373 0.0001 0.5 0.9 0.9 1.5 1.6 2.3 3.3 3.5 4.1 4.6 5.1 0.106062 0.0673705 0.176087 0.201915 0.211404 0.124989 0.117706 0.0921433 0 0 0 0 0.0741525 0.17785 0.282801 4.72027e-09 0.30665 4.13625e-06 0.168542 0.0337352 0 0 0 0
