Chi2   rChi2   BIC   AIC    Qichtot    Qimtot  R[0]  R[1]  R[2]  R[3]  R[4]  R[5]  R[6]  R[7]  R[8]  R[9]  R[10]  R[11]  Q0ch    Q1ch    Q2ch    Q3ch    Q4ch    Q5ch    Q6ch    Q7ch    Q8ch    Q9ch    Q10ch    Q11ch    Q0m    Q1m    Q2m    Q3m    Q4m    Q5m    Q6m    Q7m    Q8m    Q9m    Q10m    Q11m
464.252 1.98398 217.834 175.152 1.00892 1.12637 0.2 0.3 0.9 1.3 1.6 2 2.5 3.2 3.8 3.9 5 5.1 0.0558665 0.0957548 0.260298 0.183177 0.166147 0.123453 0.0293095 0.091464 2.11417e-09 1.06558e-11 0.00344471 1.01987e-08 0.0191383 0.147651 0.293873 0.113662 0.186694 0.0629735 0.149068 0.0359689 0.0477615 0.021601 0.0479801 3.89638e-10
2874.36 12.2836 690.032 647.35 1.0052 1.93458 0.0001 0.6 1 1.3 1.6 1.9 2.3 2.7 3.3 3.9 4.5 4.6 0.0365868 0.256986 0.139424 0.189426 0.102699 0.0921818 0.0811729 0.0480131 0.0587101 2.03682e-11 9.25648e-13 1.37668e-14 0.030962 0.18749 0.146492 0.313717 0.121183 0.299807 0.0229151 3.86e-11 0.175268 0.341052 0.295697 5.25304e-10
2867.59 12.2547 689.422 646.74 1.00572 1.89204 0.1 0.5 0.8 1.1 1.4 1.9 2.5 2.6 3.3 3.9 4.5 5 0.0362296 0.132231 0.218478 0.0700512 0.241511 0.140179 0.0975852 0.00691488 0.0625434 5.55112e-17 0 3.11629e-12 0.0360873 0.0669417 0.215844 0.0911903 0.36042 0.33495 1.50908e-11 7.42961e-13 0.161297 0.328147 0.29716 2.18914e-12
2864.45 12.2413 689.138 646.456 1.00537 1.86913 0.0001 0.5 0.8 1.1 1.4 1.9 2.2 2.7 3.3 3.7 4.4 4.5 0.0320067 0.137288 0.226699 0.043982 0.271804 0.0921488 0.0838044 0.0618327 0.0558025 9.79953e-10 7.92699e-14 1.38778e-13 0.0301788 0.0999987 0.142065 0.172817 0.327818 0.308583 0.0265863 2.70224e-11 0.0932483 0.29392 0.37391 5.06306e-11
2905.54 12.4168 692.827 650.145 1.00769 1.94777 0.2 0.3 0.8 1.1 1.4 1.9 2.3 3.1 3.3 3.8 4.5 4.8 0.07063 0.0724936 0.176849 0.136947 0.246276 0.151139 0.0450942 0.0625487 0.04571 1.95843e-13 3.26794e-13 3.66862e-12 0.0158907 0.0627861 0.231528 0.107096 0.344742 0.361701 0.00329803 0.0632734 0.0268111 0.353639 0.37701 3.0953e-13
2903.89 12.4098 692.679 649.997 1.00761 1.91721 0.0001 0.4 0.8 1.2 1.5 1.8 2.1 3.1 3.5 3.9 4.5 4.8 0.0572649 0.100146 0.167633 0.236928 0.148414 0.0792376 0.104826 0.0968204 0.0163443 3.49221e-13 4.22495e-13 1.30696e-11 0.017352 0.0828484 0.187551 0.311628 0.0931794 0.356995 0.0686003 0.0499627 0.119935 0.285267 0.343895 4.65206e-12
2893.61 12.3659 691.761 649.079 1.00679 1.79072 0.2 0.6 1 1.1 1.4 1.8 2.2 2.3 3.3 3.8 4.4 4.7 0.0804644 0.138191 0.157008 0.208155 0.0709603 0.131693 1.86886e-09 0.146867 0.0734513 1.4716e-13 5.55112e-17 3.88578e-15 0.0447448 0.159607 0.0170532 0.316917 0.132802 0.387024 0.0284514 8.2409e-11 0.119472 0.271258 0.313394 3.31679e-13
2873.19 12.2786 689.927 647.245 1.00627 1.87546 0.0001 0.6 0.9 1.1 1.4 1.9 2.2 2.9 3.5 4.1 4.6 4.9 0.0382386 0.237762 0.121084 0.0460046 0.272263 0.0735879 0.111222 0.0741147 0.0319923 1.00364e-13 1.108e-13 8.65108e-12 0.0290766 0.192629 0.015548 0.215322 0.308147 0.340703 3.73263e-10 0.0155101 0.233582 0.314425 0.210521 4.9869e-12
2871.58 12.2717 689.781 647.099 1.00557 1.92399 0.0001 0.6 1 1.1 1.5 1.9 2.4 2.5 3.3 3.9 4.5 4.6 0.0374023 0.254744 0.0679743 0.165253 0.190788 0.117855 0.00697148 0.101765 0.0628133 2.46652e-11 2.35584e-11 8.55566e-12 0.0328145 0.173361 0.0895079 0.213117 0.29015 0.305785 0.0116861 1.32798e-09 0.165192 0.337219 0.274995 0.0301642
424.056 1.81221 194.379 151.697 1.00847 1.07204 0.2 0.4 0.9 1.1 1.5 2 2.4 2.6 3.4 3.8 4.5 5 0.0613183 0.0815483 0.250477 0.165516 0.158611 0.117344 0.114824 2.16786e-08 0.0536817 3.48272e-08 0.00515403 1.78683e-11 0.0783052 0.0997696 0.24943 0.0742994 0.232994 0.087727 0.0387877 0.113136 0.00109087 0.072462 2.12756e-11 0.0240391
397.025 1.69669 177.319 134.637 1.00819 1.06958 0.3 0.7 0.9 1.4 1.5 1.9 2.2 2.8 3.3 3.8 4.4 4.5 0.104382 0.153959 0.185716 0.161216 0.136117 0.0432739 0.119246 0.0659251 0.0148947 0.0212767 0.00218837 1.84514e-10 0.154818 0.0698498 0.234273 0.154575 0.0766859 0.11656 0.0919288 0.0571438 0.0657268 1.38159e-11 0.0480212 1.87387e-10
395.099 1.68846 176.06 133.378 1.00837 1.10904 0.3 0.7 0.9 1.3 1.6 2 2.4 2.9 3.3 3.9 4 5.1 0.102854 0.173532 0.144167 0.178657 0.161938 0.0713387 0.0984245 0.0352194 0.0226158 0.00689726 0.0127292 7.68829e-14 0.171984 0.00050411 0.275761 0.149089 0.153848 0.0562357 0.135922 0.0500339 0.00987107 0.0712959 0.00511657 0.0293768
424.953 1.81604 194.926 152.244 1.00845 1.11429 0.1 0.5 1 1.2 1.6 1.8 2.3 2.8 3.4 3.9 4.5 5.1 0.0511035 0.13652 0.31161 0.108585 0.0880053 0.0895064 0.155347 0.00937863 0.0525911 2.5085e-10 0.0058079 7.77156e-16 0.0624456 0.175289 0.213354 0.116831 0.202492 1.05702e-07 0.152671 0.0707031 0.01039 0.0780437 5.67169e-11 0.032069
402.566 1.72037 180.909 138.227 1.00841 1.02523 0.2 0.5 0.7 1.2 1.5 2 2.5 3 3.7 4.2 4.5 4.6 0.0600185 0.0303397 0.265327 0.194776 0.181219 0.125474 0.0821565 0.0396255 0.0245082 0.00496303 1.03417e-12 7.34438e-11 0.0936691 0.0298002 0.229112 0.225497 0.0960567 0.209789 0.00569588 0.0977914 3.31239e-10 0.0330963 0.00472398 1.81732e-10
396.412 1.69407 176.919 134.237 1.00844 1.06542 0.2 0.5 0.7 1.2 1.5 1.9 2.2 2.8 3.3 4 4.4 4.3 0.063163 0.0134201 0.286952 0.172285 0.204461 0.0436721 0.121495 0.0605192 0.0242909 0.0181801 1.88738e-15 3.22162e-11 0.0897514 0.047103 0.21373 0.22683 0.0929673 0.152755 0.0706369 0.0628275 0.0615004 0.000557146 0.0467646 1.31522e-10
402.114 1.71843 180.618 137.936 1.00842 1.02404 0.2 0.6 0.7 1.2 1.5 2 2.5 3 3.7 4.2 4.3 5.3 0.061896 0.0596099 0.231816 0.199139 0.178492 0.126696 0.0812989 0.0401246 0.0242426 0.00510621 1.53074e-11 4.40975e-12 0.0955299 0.0585865 0.196056 0.230037 0.0929913 0.211254 0.00445104 0.0983281 1.69174e-09 0.0232843 0.0135199 2.28129e-12
402.379 1.71957 180.789 138.107 1.00838 1.08207 0.2 0.4 0.8 1.4 1.9 2 2.5 2.9 3.5 4.4 4.5 5.3 0.0366839 0.0898116 0.292973 0.303126 2.28627e-10 0.139508 0.0713165 0.0360592 0.0315223 0.00737842 4.7657e-11 9.45563e-11 0.0835057 0.0584664 0.287834 0.261177 0.016548 0.169363 0.0310731 0.0765441 0.0484741 0.0294479 0.0196387 1.01407e-09
397.5 1.69872 177.629 134.947 1.00828 1.06407 0.3 0.4 0.9 0.7 1.4 1.6 2.2 2.7 3.1 3.7 4.4 4.7 0.0532878 0.0951565 0.287543 0.0336523 0.133372 0.174571 0.121495 0.055525 0.0255453 0.0242035 0.00392961 5.62713e-11 0.132539 0.0436182 0.307152 4.40829e-09 0.0700469 0.208112 0.150423 0.00308664 0.092156 0.0117434 0.045189 7.80894e-11
403.259 1.72333 181.355 138.673 1.00825 1.06501 0.3 0.7 0.8 1.2 1.4 1.8 2.2 2.7 3.2 3.8 4.3 4.4 0.106652 0.0486718 0.261157 0.0131424 0.280758 0.0740989 0.113383 0.0606124 0.0261707 0.0202675 0.00334125 2.10443e-13 0.154459 3.46945e-14 0.238992 0.148381 0.0875957 0.175012 0.0874371 0.0472384 0.0778215 1.72085e-15 0.0480683 4.49979e-12
400.77 1.71269 179.751 137.069 1.00847 1.10382 0.0001 0.6 0.9 1.2 1.7 2 2.4 2.9 3.4 4.4 4.5 5.8 0.0362334 0.257219 0.0486451 0.266175 0.187658 0.030601 0.10642 0.0306812 0.0353807 0.00945532 1.73805e-13 4.95864e-12 0.0610898 0.247284 0.0469315 0.242183 0.153101 0.107572 0.0553363 0.0687761 0.0547897 0.0428821 0.012265 0.0116115
483.094 2.0645 228.138 185.456 1.00852 1.16912 0.1 0.4 0.8 1.2 1.6 1.8 2.3 2.9 3.1 3.9 4.5 5.1 0.0325887 0.142753 0.175588 0.172219 0.237007 0.102784 0.0306165 0.0117875 0.0985027 2.1257e-10 6.45657e-10 0.00467772 0.0535439 0.118219 0.187531 0.228339 0.174724 0.0122888 0.163532 0.0763642 0.00541287 0.0922163 6.23797e-09 0.0569465
487.375 2.0828 230.423 187.741 1.00919 1.07533 0.1 0.4 0.8 1.1 1.6 2.1 2.2 3 3.3 4 4.4 5.2 0.0323397 0.145166 0.153991 0.151362 0.349389 0.0362509 0.0221043 0.0859929 0.0272599 1.57413e-12 1.05562e-10 0.00532965 0.0467401 0.11818 0.20655 0.159677 0.215953 0.126635 0.0310533 0.0792492 0.0367141 0.00193061 0.0410976 0.0115547
487.498 2.08333 230.489 187.807 1.00914 1.0792 0.0001 0.4 0.8 1.2 1.5 1.9 2.1 3 3.4 3.5 4.4 5.2 0.033143 0.132461 0.209037 0.0764569 0.303331 0.112781 0.0201297 0.0984713 0.0182546 9.50248e-07 2.1147e-12 0.00506958 0.0446851 0.111491 0.252272 0.118052 0.16784 0.0721512 0.13513 0.0931304 0.028501 5.19838e-07 0.043249 0.0126946
468.93 2.00397 220.431 177.749 1.00916 1.13574 0.1 0.3 0.9 1.3 1.6 2 2.4 2.9 3.4 3.8 3.9 5 0.0276161 0.12663 0.250199 0.201768 0.149279 0.134117 0.00426448 0.0643208 0.0483578 1.50771e-10 6.43374e-14 0.00260413 0.0109847 0.155281 0.298829 0.0994441 0.209983 0.0296831 0.148076 0.0457879 0.0216967 0.042981 0.023452 0.0495383
396.44 1.69419 176.937 134.255 1.0082 1.07662 0.0001 0.5 0.8 1.3 1.7 1.9 2.4 2.7 3.3 4 4.4 4.5 0.0309404 0.144129 0.210629 0.271395 0.0733715 0.105005 0.0788186 0.0437662 0.0343934 0.0157525 1.12121e-11 2.92303e-10 0.0551967 0.141676 0.197984 0.249442 0.0130071 0.199783 0.0348966 0.0616183 0.0724917 1.82671e-12 0.050521 4.53697e-10
394.632 1.68646 175.753 133.071 1.0085 1.08064 0.2 0.5 0.7 0.9 1.3 1.8 2 2.6 3.3 3.8 4 5.1 0.0589977 0.0371071 0.249995 0.0263328 0.301649 0.0883973 0.10025 0.0965417 0.0306572 0.00131623 0.0172598 1.81273e-11 0.110736 2.54413e-06 0.21092 0.0575054 0.295126 0.0621021 0.106799 0.135008 0.00846586 0.0536722 0.0175631 0.022736
401.405 1.71541 180.161 137.479 1.00838 1.08676 0.0001 0.6 0.9 1.2 1.7 1.9 2.4 3 3.5 4.4 4.5 5 0.0361823 0.257799 0.0462569 0.269666 0.176869 0.0350247 0.114762 0.036284 0.0275741 0.00796132 4.78778e-12 3.24872e-11 0.0611353 0.248291 0.042336 0.249782 0.114316 0.1269 0.0785139 0.0732182 0.0407266 0.040217 0.0113266 2.76372e-10
397.208 1.69747 177.438 134.756 1.00839 1.08775 0.1 0.5 0.8 1.1 1.6 2 2.3 2.9 3.4 4.1 4.4 4.8 0.031629 0.159477 0.13922 0.209716 0.2503 0.00371977 0.129896 0.0455189 0.0248295 0.0140801 2.18381e-12 3.18118e-11 0.0596105 0.148621 0.138174 0.190044 0.21182 0.0854586 0.0778142 0.0682307 0.0558717 3.98648e-12 0.0521108 2.46905e-11
468.236 2.00101 220.047 177.365 1.00969 1.06441 0.1 0.5 0.9 1.3 1.6 2 2.2 3.1 3.4 4.3 4.5 5.2 0.0753737 0.113397 0.192821 0.245064 0.122801 0.124681 0.0292815 0.0814927 0.0198351 1.249e-14 8.92064e-14 0.00494171 0.0559433 0.169234 0.213829 0.136461 0.166046 0.044311 0.12689 0.0966864 0.00737993 0.0219344 0.0151347 0.0105652
464.937 1.98691 218.216 175.534 1.00892 1.13838 0.1 0.4 0.9 1.3 1.6 1.9 2.2 2.8 3.3 3.8 4.7 5 0.0602685 0.108288 0.218953 0.252386 0.0676738 0.165364 0.0174748 0.0499794 0.0656376 3.59079e-12 3.93108e-11 0.00289848 0.0473394 0.142115 0.24369 0.174943 0.14888 7.41939e-09 0.153163 0.0933179 0.00564065 0.0776439 0.00195155 0.0496913
487.271 2.08236 230.368 187.686 1.00915 1.06426 0.1 0.4 0.7 0.9 1.5 1.8 2.1 3 3.3 4.4 4.7 5.2 0.0330811 0.143389 0.0310748 0.219596 0.322622 0.086404 0.0531993 0.0886222 0.0259473 1.12925e-11 3.84469e-10 0.0052112 0.0446538 0.127108 0.024238 0.286352 0.225255 0.0310944 0.16225 0.0802842 0.0335467 0.0394789 6.64995e-11 0.00999387
393.209 1.68038 174.818 132.136 1.00817 1.10256 0.1 0.5 0.8 1.2 1.4 2 2.1 2.7 3.1 3.8 3.9 5 0.0381326 0.118069 0.254604 1.5847e-06 0.322945 0.0147253 0.14351 0.0631961 0.0277735 0.010949 0.0142636 2.13673e-11 0.0684704 0.133153 0.153377 0.172685 0.176063 0.0855315 0.0857963 0.115417 0.0023568 0.0450848 0.0359183 0.028705
397.801 1.7 177.825 135.143 1.00816 1.08087 0.3 0.2 0.7 1.1 1.6 2.1 2.3 2.9 3.4 4 4.4 4.5 0.0938479 0.0043997 0.221371 0.220642 0.251903 9.20886e-09 0.132086 0.0467522 0.021723 0.0154345 6.22654e-09 3.4972e-15 0.0417575 0.0730322 0.223911 0.195082 0.221304 0.112469 0.0376985 0.0728649 0.0515827 1.57249e-10 0.0511654 9.92587e-09
397.841 1.70018 177.851 135.169 1.00872 1.09992 0.2 0.6 0.7 1.2 1.4 1.9 2.3 2.9 3.4 4.2 4.4 5.8 0.0644852 0.00729526 0.299988 0.103119 0.232633 0.111907 0.0981161 0.0535883 0.0233002 0.0142882 1.20409e-12 7.18869e-14 0.093323 0.0813646 0.177112 0.201487 0.105142 0.18544 0.0643354 0.0768353 0.0509208 7.46668e-10 0.0517179 0.0122445
482.878 2.06358 228.022 185.34 1.00936 1.05719 0.2 0.4 0.7 1.1 1.5 1.8 2.2 2.9 3.2 3.3 4.5 5.2 0.0670365 0.0693343 0.177229 0.153256 0.244416 0.151204 0.025016 0.0546202 0.0617087 4.07981e-08 1.26538e-10 0.00554036 0.0738106 0.0666131 0.183369 0.209843 0.128583 0.126152 0.116553 0.0446966 0.0263395 0.0409071 0.0381155 0.00220854
487.399 2.0829 230.436 187.754 1.00914 1.03581 0.0001 0.5 0.9 1.1 1.6 1.9 2.3 3.1 3.2 3.4 4.5 5.2 0.0430015 0.193715 0.0967043 0.153923 0.334412 0.0336073 0.0431069 0.104666 3.4794e-06 0.000817095 4.87443e-13 0.00518473 0.0508768 0.178149 0.156092 0.150008 0.183222 0.0991082 0.0885037 0.08247 2.40089e-08 0.0125542 0.033497 0.00132981
397.94 1.7006 177.915 135.233 1.00848 1.06999 0.2 0.5 0.8 1 1.6 2.1 2.3 2.8 3.3 4.1 4.4 5.1 0.0398953 0.166459 0.0303344 0.288437 0.270524 6.72962e-12 0.124322 0.0387704 0.0352898 0.014443 4.81282e-14 4.60537e-12 0.0827162 0.121058 0.0812281 0.231037 0.247713 0.0889158 0.049022 0.0535556 0.065817 7.49956e-14 0.0489235 5.50668e-11
462.081 1.9747 216.62 173.938 1.00877 1.11745 0.0001 0.3 0.8 1.1 1.4 1.7 2.1 2.6 3.2 3.7 3.8 5 0.0258327 0.123526 0.1385 0.225966 0.11019 0.185794 0.0814266 0.02557 0.0884471 3.51941e-14 1.6086e-12 0.00351825 0.0228169 0.126421 0.221673 0.107726 0.19255 0.0873557 0.099047 0.124038 0.0168957 0.0171953 0.0565538 0.0451746
402.668 1.7208 180.974 138.292 1.00837 1.08873 0.1 0.5 0.8 1.3 1.7 1.9 2.3 2.9 3.5 4.4 4.5 5.1 0.0361274 0.128931 0.230521 0.240555 0.156969 0.00567726 0.124002 0.0482609 0.0295659 0.00776146 3.30491e-12 2.05835e-13 0.0635661 0.123422 0.213807 0.233172 0.062542 0.13914 0.0709586 0.0813896 0.0498642 0.0308309 0.0200378 7.66801e-11
394.937 1.68776 175.954 133.272 1.00838 1.10469 0.1 0.4 0.7 1.2 1.6 1.8 2.3 2.8 3.4 3.9 4 5.1 0.0300831 0.0706242 0.241785 0.253145 0.121491 0.0903458 0.105032 0.0554396 0.0235732 3.46391e-09 0.0168611 2.77556e-16 0.0599052 0.0831567 0.179575 0.300033 0.0657375 0.098186 0.127945 0.0784807 0.00781916 0.07542 1.15293e-09 0.0284327
402.646 1.72071 180.961 138.279 1.00835 1.09307 0.2 0.7 1.1 1.3 1.6 2 2.4 2.9 3.5 4.4 4.5 4.1 0.0649676 0.310456 2.07612e-14 0.266688 0.0979467 0.105462 0.079962 0.045372 0.0297793 0.00771276 3.78586e-14 4.44089e-15 0.100338 0.264163 0.0793189 0.157046 0.111152 0.160826 0.0328654 0.0845927 0.0498832 0.0314883 0.0213937 1.25606e-10
487.513 2.08339 230.497 187.815 1.00916 1.07898 0.2 0.3 0.8 1.3 1.5 1.9 2.1 3 3.4 4.4 4.6 5.2 0.00840404 0.134474 0.25038 0.0640512 0.300405 0.105205 0.0246652 0.0979464 0.0185158 2.86172e-11 9.17575e-11 0.00511218 0.0513579 0.0822366 0.296976 0.121145 0.141786 0.071885 0.136516 0.0929531 0.0286307 0.0430023 5.85191e-11 0.0124923
397.899 1.70042 177.889 135.207 1.00872 1.09508 0.2 0.6 0.7 1.2 1.5 2 2.3 2.9 3.4 4.2 4.4 5.8 0.0642501 0.0172086 0.284426 0.166223 0.210614 0.0823203 0.0928571 0.0529169 0.0238372 0.0140675 4.20763e-12 1.84548e-11 0.0942365 0.0663823 0.194895 0.206758 0.133116 0.175204 0.0324681 0.0815866 0.0473803 2.38453e-08 0.0509007 0.0121474
468.699 2.00299 220.303 177.621 1.00966 1.06029 0.2 0.4 0.7 1.2 1.6 1.9 2.1 2.9 3.3 4.4 4.5 5.2 0.114166 6.81479e-09 0.175657 0.322975 0.100835 0.140967 0.0402503 0.0518797 0.0584213 2.35367e-14 2.78666e-13 0.0045115 0.0847079 0.0366089 0.231029 0.233218 0.122505 0.0527156 0.13515 0.0705434 0.0481248 0.0304902 0.00440421 0.0107887
464.577 1.98537 218.015 175.333 1.00904 1.17409 0.1 0.3 0.9 1.2 1.5 2 2.4 3.1 3.3 3.9 5 5.1 0.0302057 0.121761 0.258363 0.0879406 0.250487 0.13698 0.0208849 0.0663412 0.0317484 5.7348e-12 2.00847e-10 0.0043254 0.00319077 0.167766 0.288017 0.0368618 0.260168 0.0508339 0.16294 0.0580734 0.00736679 0.0816266 0.0428379 0.0144041
394.087 1.68413 175.396 132.714 1.00837 1.10889 0.3 0.7 0.9 1.3 1.6 2.1 2.2 2.8 3.3 4 4.4 5.7 0.102572 0.173308 0.146617 0.170385 0.18004 5.60817e-08 0.133751 0.0588864 0.0244385 0.0183721 1.90689e-09 1.68582e-11 0.15862 0.0307439 0.297596 0.0313795 0.254665 0.00596876 0.128835 0.0557116 0.0729978 4.27e-09 0.0579307 0.0144392
466.934 1.99545 219.326 176.644 1.00975 1.06688 0.2 0.5 0.8 1.1 1.5 1.9 2.3 3 3.3 3.5 4.5 5.2 0.107287 0.0589864 0.112788 0.243795 0.19466 0.147656 0.0388867 0.0479787 0.0529 5.44996e-10 5.32907e-15 0.00481102 0.0896427 0.0863855 0.200369 0.133152 0.179954 0.141574 0.0779634 0.0833365 1.03668e-08 0.03153 0.0353508 0.00762425
396.697 1.69529 177.105 134.423 1.00817 1.12344 0.3 0.6 1 1.5 1.6 2.1 2.4 3.1 3.9 4 5.1 5.3 0.0916523 0.14364 0.285786 0.0296837 0.240936 0.0309419 0.117318 0.0461102 0.0198981 0.00220867 3.76781e-11 4.76231e-11 0.166581 0.0399141 0.330667 0.00144711 0.243144 0.00879314 0.169393 0.0514424 0.0484627 0.030918 0.0326809 8.37107e-11
394.189 1.68457 175.462 132.78 1.00848 1.07113 0.0001 0.6 0.7 1.2 1.6 2 2.5 2.7 3.2 3.8 4 5.1 0.0381344 0.202246 0.0896736 0.270838 0.140906 0.116069 0.0658174 0.0319559 0.0304009 0.00963494 0.0127991 6.00076e-14 0.0697538 0.198251 0.050704 0.296876 0.104515 0.118726 0.0708915 0.0681722 0.0013239 0.0605783 0.00999737 0.0213392
393.064 1.67976 174.723 132.041 1.00818 1.10173 0.0001 0.6 0.7 1.2 1.4 2 2.1 2.7 3.1 3.8 3.9 5 0.041357 0.116938 0.204576 0.102646 0.258982 0.0554301 0.110078 0.0661653 0.026508 0.0113407 0.0141552 2.63664e-11 0.0675871 0.234764 0.0120026 0.265812 0.113382 0.13524 0.0434734 0.120357 1.17886e-07 0.0495915 0.0314761 0.0280472
394.222 1.68471 175.484 132.803 1.00835 1.11018 0.0001 0.5 0.8 1.2 1.4 1.9 2.2 2.7 3.3 4 4.4 5.7 0.0324449 0.134672 0.230027 0.0513682 0.26664 0.0898456 0.0877448 0.0683302 0.0296158 0.0176573 2.70966e-10 1.1289e-11 0.054886 0.142782 0.193243 0.115911 0.156246 0.180519 0.0424524 0.0762432 0.0746922 2.47951e-09 0.0576552 0.0155518
395.755 1.69126 176.49 133.808 1.00823 1.08005 0.1 0.5 0.9 1.3 1.5 1.8 2.2 2.7 3.3 4 4.4 4.5 0.0313625 0.167163 0.248764 0.0863367 0.195233 0.0561829 0.111347 0.0636576 0.0317685 0.0164165 1.97029e-11 2.24549e-10 0.0581275 0.16154 0.226115 0.127459 0.0775141 0.1538 0.085891 0.0634879 0.0746579 1.05896e-11 0.0514605 3.63206e-10
397.624 1.69925 177.71 135.028 1.00812 1.09505 0.0001 0.5 0.8 1.1 1.4 1.9 2.2 2.8 3.4 4 4.4 4.5 0.0328503 0.131944 0.234177 0.0253628 0.298733 0.0684831 0.112285 0.0659967 0.0223761 0.0159148 1.56627e-10 8.88178e-16 0.0552897 0.143283 0.185329 0.0789651 0.213065 0.150519 0.0699355 0.0803048 0.0646317 1.27676e-15 0.0537298 9.62874e-12
396.704 1.69531 177.109 134.428 1.00831 1.06186 0.3 0.7 0.8 1.1 1.5 1.7 2.1 2.6 3.2 3.8 4.3 4.4 0.102883 0.154934 0.0933685 0.157303 0.217792 0.0371587 0.111242 0.0791751 0.0325582 0.0179203 0.00397494 1.02957e-08 0.154206 0.0354665 0.170952 0.162515 0.129523 0.100539 0.128771 0.0503956 0.0824915 1.19004e-07 0.0185418 0.0284614
395.902 1.69189 176.585 133.904 1.00821 1.06331 0.2 0.4 0.7 0.8 1.3 1.7 2 2.6 3.2 3.8 4.4 4.1 0.0594203 0.0150775 0.292951 1.62228e-05 0.304024 0.0621056 0.133268 0.0889725 0.0303223 0.0164556 3.85197e-08 0.00559968 0.0698307 0.0853902 0.0296399 0.214394 0.237438 0.074088 0.162331 0.0616804 0.0777367 0.00522339 0.0455626 1.64716e-08
395.197 1.68888 176.124 133.442 1.00831 1.10841 0.2 0.4 0.9 1.4 1.5 1.9 2.3 2.8 3.2 3.9 4 5.1 0.0166985 0.145857 0.315947 1.20954e-06 0.272046 0.0535855 0.113172 0.0424279 0.0265438 0.0173373 0.00468995 1.11088e-09 0.0741909 0.105466 0.273708 0.216625 0.0466107 0.0709013 0.130057 0.0723874 0.0107485 0.0781074 3.43003e-09 0.0296025
397.071 1.69689 177.349 134.668 1.00837 1.06065 0.2 0.4 0.8 1.2 1.6 1.7 2.2 2.7 3.2 3.7 4.3 4.4 0.0299056 0.108118 0.250073 0.172863 0.215835 0.00440658 0.115406 0.0623622 0.0237103 0.0200438 0.00564126 7.63424e-10 0.06137 0.108593 0.209454 0.20297 6.2925e-06 0.199805 0.116722 0.0348832 0.08023 1.59933e-10 0.0190706 0.027543
396.533 1.69458 176.998 134.316 1.00845 1.0697 0.0001 0.4 0.7 1.1 1.4 1.8 2.2 2.8 3.3 4 4.4 5 0.0304655 0.0602156 0.259478 0.1088 0.241328 0.084992 0.119067 0.0622521 0.0232986 0.0185528 0 1.92896e-12 0.0392076 0.11556 0.166688 0.195787 0.120565 0.161135 0.0994002 0.0584756 0.0647246 0.000659875 0.0475009 5.04596e-13
398.31 1.70218 178.156 135.474 1.00825 1.06239 0.0001 0.4 0.8 1.1 1.4 1.9 2.1 2.7 3.1 3.7 4.4 4.7 0.0187918 0.117054 0.268242 0.0273122 0.287744 0.0546738 0.11122 0.0775633 0.0152062 0.0273831 0.00305615 1.97495e-10 0.0416164 0.117388 0.261316 7.93875e-09 0.281412 0.0324962 0.164571 0.021093 0.0851343 0.0131793 0.044188 2.54812e-10
397.003 1.6966 177.305 134.623 1.00844 1.09285 0.2 0.4 0.8 1.2 1.6 1.7 2.3 2.8 3.5 3.9 4.1 5.1 0.0282566 0.112317 0.243206 0.184902 0.151541 0.0776616 0.117424 0.053432 0.0280882 7.20781e-07 0.0116154 3.34177e-14 0.079298 0.088008 0.189077 0.241722 0.0899466 0.0852442 0.143858 0.0697947 0.0114414 0.0680305 5.03979e-09 0.0264261
398.43 1.70269 178.234 135.552 1.00827 1.11756 0.2 0.3 0.7 1.1 1.5 2.1 2.6 2.7 3.5 4 4.1 5.1 0.0246985 0.0627769 0.249783 0.16645 0.247769 0.13126 0.0116634 0.0730222 0.0302939 6.50856e-10 0.0105487 3.12683e-12 0.0564552 0.079864 0.167837 0.227829 0.202727 0.132549 0.0809841 0.0384597 0.0368522 0.062145 2.45272e-08 0.0318602
394.511 1.68595 175.674 132.992 1.0084 1.10553 0.2 0.4 0.8 1.1 1.4 1.8 2.1 2.7 3.3 3.9 4 5.1 0.0373428 0.0890019 0.292642 2.03786e-08 0.302571 0.0306099 0.135177 0.0758277 0.025606 0.00672289 0.0128955 2.07612e-13 0.0853396 0.0736152 0.210798 0.0897347 0.254679 0.0104437 0.155491 0.108805 0.0115039 0.0764432 2.81809e-10 0.0286778
396.014 1.69237 176.659 133.977 1.00817 1.0777 0.0001 0.5 0.7 1 1.3 1.8 2.2 2.7 3.3 3.9 4.4 4.7 0.0376525 0.0668983 0.258871 2.70533e-07 0.311716 0.123543 0.0939195 0.0694169 0.0277551 0.0169758 0.00141906 7.39537e-11 0.0557144 0.123698 0.138377 0.113544 0.193383 0.187596 0.0752267 0.0661693 0.0729872 7.72946e-11 0.0510094 9.63302e-11
398.52 1.70308 178.293 135.611 1.00819 1.11085 0.2 0.4 0.8 1.2 1.5 1.7 2.3 2.7 3.4 3.9 4 5.1 0.0280733 0.112824 0.242581 0.181302 0.0750552 0.164378 0.100379 0.0586001 0.0306205 7.85718e-09 0.0143732 1.11016e-11 0.0772212 0.0926532 0.183817 0.246687 0.0346345 0.145403 0.127225 0.0753977 0.0287555 0.0308183 0.0376433 0.0305912
401.655 1.71648 180.322 137.64 1.00806 1.07607 0.3 0.5 0.8 1.2 1.6 2 2.3 2.9 3.3 3.9 4.4 4.8 0.0984835 0.0356956 0.259623 0.15984 0.234272 0.00782004 0.127177 0.049308 0.0155614 0.020284 1.16963e-11 9.97696e-12 0.154346 1.2379e-14 0.239506 0.165219 0.170373 0.111867 0.0638986 0.0533348 0.0616389 5.77316e-15 0.0558838 1.09956e-11
464.657 1.98572 218.06 175.378 1.00984 1.12861 0.0001 0.4 0.7 1.1 1.6 1.8 2.2 2.7 3.3 4.1 4.4 5.2 0.0504933 0.11954 0.0571077 0.342999 0.125563 0.154263 0.0359336 0.0479901 0.0714026 1.73073e-12 1.13358e-11 0.00454763 0.0441575 0.102222 0.176783 0.224198 0.16617 0.087096 0.102597 0.063365 0.088944 5.13471e-09 0.0524777 0.0206036
397.662 1.69941 177.735 135.053 1.00827 1.06102 0.3 0.4 0.8 0.9 1.4 1.8 2.1 2.7 3.2 3.7 4.4 4.5 0.0935882 0.0248642 0.303404 1.04781e-10 0.295743 0.0403598 0.127987 0.077797 0.0166915 0.0240724 0.00375931 5.21885e-11 0.156266 8.82627e-15 0.163477 0.126637 0.224205 0.0850431 0.132271 0.0483065 0.0731731 0.00517047 0.0464658 5.65762e-11
394.933 1.68775 175.951 133.269 1.00813 1.10682 0.1 0.4 0.7 1.2 1.4 2 2.1 2.7 3 3.8 4.3 5 0.0414654 0.0306746 0.302526 0.069665 0.286141 0.018568 0.14453 0.054941 0.0315931 0.0269379 0.00109017 5.31695e-10 0.0651109 0.0662746 0.205661 0.2057 0.159932 0.0921293 0.0817575 0.115992 0.00215034 0.0771326 0.00742084 0.0275634
394.028 1.68388 175.357 132.675 1.00839 1.07435 0.1 0.5 0.8 1.2 1.6 1.7 2.2 2.7 3.1 3.8 3.9 5.1 0.03457 0.141208 0.196451 0.196926 0.207852 7.84558e-09 0.123503 0.0512556 0.0318928 0.00448307 0.0202504 2.16493e-15 0.0711191 0.121393 0.163304 0.234338 0.136321 0.0337617 0.121135 0.100037 1.94544e-12 0.0479653 0.0231102 0.0218638
394.183 1.68454 175.459 132.777 1.00829 1.09245 0.1 0.4 0.8 1.1 1.5 2 2.3 2.7 3 3.8 4.2 5.1 0.0198852 0.120017 0.241755 0.11013 0.26169 0.0652822 0.094726 0.0246233 0.0432391 0.0241786 0.00276453 6.42358e-11 0.0570902 0.108024 0.186818 0.160843 0.223898 0.0679811 0.0897078 0.0858699 0.00744937 0.0683397 0.0111095 0.025324
396.427 1.69413 176.929 134.247 1.00823 1.06406 0.1 0.5 0.8 1.1 1.5 1.7 2.2 2.7 3.2 3.8 4.4 4.7 0.0330529 0.1519 0.158999 0.174379 0.182409 0.0810577 0.115363 0.0609958 0.027125 0.0204856 0.00245851 1.35016e-11 0.0528836 0.182827 0.0701234 0.254115 0.0239261 0.200238 0.113997 0.0369053 0.0784857 0.00446931 0.0460929 1.57961e-11
397.585 1.69908 177.684 135.003 1.00836 1.0956 0.2 0.5 0.8 1.1 1.4 1.9 2.2 2.8 3.4 4.1 4.4 4.5 0.0544248 0.0896012 0.271645 1.07982e-08 0.308713 0.0662558 0.113624 0.0639365 0.0260815 0.0140756 6.57989e-11 2.86052e-10 0.0920038 0.0713438 0.249556 0.0315573 0.237151 0.140172 0.075867 0.0782909 0.0653669 5.79355e-09 0.0437343 0.0105536
396.811 1.69578 177.18 134.498 1.00817 1.09058 0.2 0.6 0.7 1.1 1.6 1.9 2.3 2.9 3.4 4 4.4 4.5 0.0564546 0.174577 0.0691909 0.248292 0.232819 0.0157838 0.12553 0.0492744 0.0200458 0.0162045 3.53464e-08 3.01396e-09 0.0948402 0.101654 0.126136 0.221943 0.185057 0.0897194 0.0954353 0.0645621 0.0585662 2.46986e-09 0.0526662 1.60268e-10
466.211 1.99235 218.925 176.243 1.0098 1.09036 0.1 0.4 0.6 1.1 1.3 1.8 2 2.7 3.3 3.8 4.4 5.1 0.074815 0.0265243 0.14653 0.224058 0.171434 0.188637 0.04977 0.0531091 0.0704897 6.70963e-13 2.69851e-12 0.0044291 0.0650771 5.83783e-10 0.254019 0.130824 0.194848 0.0860423 0.152486 0.0763523 0.0764473 4.82115e-09 0.0394687 0.0147952
430.294 1.83887 198.161 155.479 1.00831 1.07706 0.1 0.6 1 1.1 1.5 1.9 2.3 2.9 3.4 4 4.4 5.1 0.0599415 0.180733 0.0457064 0.308135 0.100771 0.105214 0.137812 0.0148274 0.0494252 4.70858e-11 0.00574245 8.64366e-11 0.067278 0.237536 0.00549639 0.236025 0.115535 0.189119 0.0493201 0.0802257 0.046178 5.6928e-11 0.0503426 7.61983e-11
469.352 2.00578 220.664 177.982 1.00939 1.10501 0.2 0.5 0.7 1.1 1.4 1.9 2.3 3 3.3 3.6 4.5 5.3 0.114825 0.000438131 0.164433 0.19863 0.215113 0.180549 0.0283425 0.0524688 0.0503831 3.57938e-10 4.40601e-11 0.00420474 0.100488 0.00227529 0.255758 0.122027 0.18356 0.182549 0.0647987 0.0980042 1.25104e-10 0.0342185 0.0462111 0.0151172
468.164 2.0007 220.007 177.325 1.00981 1.05164 0.2 0.5 0.7 1.1 1.4 1.9 2.2 2.9 3.3 3.4 4.5 5.2 0.115019 3.61563e-06 0.164452 0.198396 0.216255 0.175764 0.0267163 0.0483781 0.0602001 8.06074e-10 5.20289e-12 0.00462602 0.100386 0.00190853 0.256567 0.116744 0.189466 0.16389 0.0642443 0.0807167 7.48912e-10 0.040197 0.0314907 0.006031
463.001 1.97864 217.135 174.454 1.00883 1.12521 0.1 0.3 0.8 1.2 1.5 1.8 2.3 2.7 3.2 3.7 4.3 5 0.0392151 0.101956 0.183262 0.257423 0.0829109 0.186611 0.054443 0.00996158 0.0894968 9.66036e-10 1.72752e-10 0.00354823 0.0254295 0.125132 0.223232 0.197211 0.111005 0.119826 0.0939812 0.0973418 6.23583e-07 0.0777159 0.00927567 0.0450571
396.664 1.69515 177.084 134.402 1.00817 1.07368 0.3 0.7 0.9 1.4 1.5 2 2.3 3 3.5 3.9 4.4 4.9 0.104954 0.145062 0.20278 0.0805357 0.22457 0.0487749 0.118596 0.0592952 0.00146301 0.022143 1.86273e-12 2.45192e-11 0.155498 0.0617556 0.249319 0.0772965 0.169982 0.131186 0.0659754 0.0827467 0.0325545 6.03806e-12 0.0473643 1.00298e-11
398.087 1.70123 178.011 135.329 1.00826 1.14794 0.0001 0.6 1 1.2 1.7 2 2.4 3 3.6 4.4 4.5 5.7 0.0359854 0.262813 0.0611259 0.245714 0.194846 0.0224029 0.112613 0.041016 0.0253256 0.00641634 1.21615e-11 1.66148e-11 0.0610667 0.250815 0.0704641 0.211288 0.166451 0.097929 0.0699065 0.0897416 0.045828 0.0140221 0.0501386 0.0202886
462.36 1.9759 216.777 174.095 1.00979 1.07483 0.2 0.4 0.7 1 1.5 1.6 2.1 2.6 3.2 3.3 4.4 5.2 0.0853826 0.0880784 1.13914e-07 0.337393 0.0569204 0.226412 0.0981169 0.0256462 0.0699437 0.0168677 2.90268e-13 0.00502479 0.0599131 0.109919 0.0953376 0.245924 0.0863868 0.148504 0.142849 0.0454058 0.0902924 4.39609e-10 0.0386826 0.0116142
401.979 1.71786 180.531 137.849 1.00859 1.06842 0.0001 0.4 0.7 1 1.5 2 2.3 3 3.5 4.3 4.4 5 0.0237195 0.0897862 0.185901 0.181705 0.276472 0.0516062 0.116276 0.0530788 0.0193646 0.010678 2.97706e-13 5.63105e-12 0.0356035 0.134447 0.107729 0.218171 0.218448 0.131966 0.0624394 0.0842228 0.0292169 1.1787e-10 0.046179 7.48199e-11
2867.09 12.2525 689.376 646.695 1.00617 1.87105 0.2 0.6 0.9 1.2 1.6 1.9 2.3 3 3.5 4 4.5 4.4 0.0577761 0.19344 0.154073 0.150816 0.224101 0.0103934 0.126446 0.0612258 0.0278977 2.38698e-15 9.50351e-14 3.25295e-14 0.0523364 0.124432 0.105938 0.339943 0.172909 0.294432 0.0160835 2.05276e-10 0.242245 0.218369 0.304362 3.77476e-14
395.994 1.69228 176.646 133.964 1.00816 1.06277 0.3 0.7 0.8 1 1.4 1.8 2.1 2.6 3.2 3.9 4.4 4.3 0.104562 0.109799 0.15713 0.0653261 0.268234 0.0703012 0.0982356 0.0802835 0.0341125 0.0199872 0.00018507 8.31046e-12 0.155291 0.0139538 0.189522 0.103805 0.196778 0.11122 0.108664 0.053641 0.0804519 0.00426746 0.0451745 9.50789e-12
