Chi2   rChi2   BIC   AIC    Qichtot    Qimtot  R[0]  R[1]  R[2]  R[3]  R[4]  R[5]  R[6]  R[7]  R[8]  R[9]  R[10]  R[11]  Q0ch    Q1ch    Q2ch    Q3ch    Q4ch    Q5ch    Q6ch    Q7ch    Q8ch    Q9ch    Q10ch    Q11ch    Q0m    Q1m    Q2m    Q3m    Q4m    Q5m    Q6m    Q7m    Q8m    Q9m    Q10m    Q11m
748.944 3.45135 315.865 288.222 1.05714 1.03392 0.0001 0.5 0.6 1.3 1.4 1.4 2.1 2.9 3 3.5 4.1 4.7 0.00665851 0.217418 0.180743 0.152807 0.157538 0.128163 0.0964279 0.117389 0 0 0 0 0.0678425 0.0316905 0.295466 0.348206 0.0342283 0.00516746 0.196275 0.0550492 0 0 0 0
684.652 3.15508 294.863 267.22 1.09143 1.07503 0.2 0.5 0.8 1.4 1.6 2.1 2.5 3.4 3.6 4.2 4.7 5.2 0.0399492 0.31505 0.0268517 0.500502 3.1367e-07 0.0155435 0.108445 0.0850849 0 0 0 0 0.136237 7.84887e-05 0.404089 0.00749032 0.358338 1.53195e-09 0.149175 0.0196177 0 0 0 0
695.018 3.20285 298.379 270.736 1.08252 1.06639 0.3 0.5 0.8 1.4 1.5 1.8 2.3 3.2 3.5 4.1 4.6 5.2 0.176476 0.0224048 0.245175 0.386902 3.21766e-05 0.0607691 0.0820225 0.108737 0 0 0 0 0.125152 0.153578 0.157845 0.404193 0.000197486 0.00114501 0.190115 0.0341636 0 0 0 0
716 3.29954 305.339 277.696 1.06693 1.02496 0.5 0.4 0.9 1.3 1.5 2.1 2 2.9 3.3 3.8 4.3 4.9 0.152828 0.164043 0.141227 0.00579025 0.450742 7.96954e-06 0.00602552 0.146267 0 0 0 0 1.18476e-07 0.293615 0.114485 0.370669 3.80005e-11 0.200262 7.35602e-11 0.0459329 0 0 0 0
695.067 3.20307 298.395 270.753 1.08288 1.06991 0.4 0.5 0.9 1.2 1.5 1.9 2.3 3.2 3.3 3.9 4.4 4.9 0.294892 0.00243791 9.71961e-05 0.432975 0.0604004 0.129844 0.0502465 0.111982 0 0 0 0 0.22864 0.10153 0.0387715 0.256961 0.21814 0.000110403 0.189975 0.0357875 0 0 0 0
756.134 3.48449 318.101 290.458 1.05279 1.02526 0.3 0.5 0.6 1.2 1.4 1.5 2 2.8 3.2 3.7 4.3 4.8 0.0601763 2.79785e-05 0.359093 0.133755 0.000237677 0.319618 0.0416059 0.138275 0 0 0 0 0.160785 7.25863e-07 0.184764 0.358773 0.0402638 2.14835e-06 0.214685 0.0659839 0 0 0 0
691.474 3.18651 297.182 269.54 1.1026 1.03685 0.0001 0.5 0.5 1.1 1.5 1.7 2.4 3.6 3.2 3.7 4.3 4.8 0.0525503 0.222732 0.00120431 0.438276 7.08805e-08 0.142407 0.174246 0.0711872 0 0 0 0 0.0414428 0.151612 0.147974 0.237197 0.201917 0.0914219 0.149825 0.0154561 0 0 0 0
745.865 3.43717 314.901 287.258 1.05787 1.03283 0.3 0.6 0.4 0.7 1.3 1.6 2.1 2.9 3.3 3.9 4.5 5.1 0.111974 2.71767e-05 0.00286801 0.337088 0.235857 0.177699 0.0720395 0.120314 0 0 0 0 0.141881 0.0443081 0.0450305 0.160991 0.387835 4.26065e-07 0.199192 0.0535935 0 0 0 0
745.753 3.43665 314.866 287.223 1.05758 1.02906 0.3 0.5 0.6 1.2 1.4 1.5 2.1 2.9 3.1 3.6 4.1 4.7 0.075442 0.000499055 0.320901 0.216781 1.11494e-06 0.235541 0.0912098 0.117202 0 0 0 0 0.104212 0.23183 2.70957e-07 0.326869 0.114554 6.30753e-09 0.200782 0.0508107 0 0 0 0
695.682 3.20591 298.602 270.96 1.0823 1.0674 0.2 0.4 0.5 1.2 1.5 1.8 2.3 3.2 3.5 4 4.5 5.1 0.0599016 0.009209 0.260134 0.32574 0.171699 0.0658924 0.0812129 0.108511 0 0 0 0 0.00276544 0.197953 0.143217 0.3059 0.179851 0.0164584 0.186143 0.0351104 0 0 0 0
700.724 3.22914 300.292 272.65 1.08258 1.08217 0.2 0.6 0.8 0.7 1.5 1.6 2.3 3.2 3.3 3.9 4.5 5.1 0.117761 0.0915758 0.273364 0.000120948 0.410745 0.000138698 0.0763393 0.112539 0 0 0 0 0.141626 6.76305e-10 0.379813 1.0619e-10 0.334353 2.42217e-10 0.183729 0.0426456 0 0 0 0
694.826 3.20196 298.314 270.671 1.08271 1.06737 0.3 0.5 0.8 1.4 1.5 2 2.3 3.2 3.3 3.8 4.4 4.9 0.176777 0.0242894 0.238862 0.406636 4.00338e-05 0.0631309 0.0628711 0.1101 0 0 0 0 0.124385 0.155503 0.156168 0.405687 0.000183602 1.27263e-09 0.19094 0.0345028 0 0 0 0
695.017 3.20284 298.379 270.736 1.08248 1.06603 0.3 0.5 0.8 1.4 1.5 1.8 2.3 3.2 3.4 3.9 4.5 5.1 0.17445 0.0273543 0.240814 0.390106 3.21694e-07 0.0581928 0.0830711 0.108495 0 0 0 0 0.126527 0.150028 0.161397 0.394579 0.00950889 6.67557e-05 0.189842 0.0340842 0 0 0 0
683.441 3.1495 294.448 266.806 1.10554 1.05532 0.2 0.7 0.8 0.8 1.5 1.7 2.5 3.7 3.4 3.9 4.5 5 0.113021 0.00646081 0.410087 0.00854463 0.300956 0.036276 0.163871 0.0663271 0 0 0 0 0.13257 0.0625393 0.241069 0.0878197 0.222378 0.156346 0.136663 0.0159353 0 0 0 0
694.902 3.20232 298.34 270.697 1.08242 1.06436 0.2 0.5 0.7 1.4 1.5 1.9 2.3 3.2 3.4 3.9 4.5 5 0.117433 0.011024 0.297295 0.423737 7.17934e-06 0.0424928 0.0826432 0.107788 0 0 0 0 0.084723 0.139989 0.204098 0.413458 8.96544e-07 9.81951e-08 0.188217 0.0338712 0 0 0 0
685.995 3.16127 295.321 267.678 1.09095 1.08225 0.3 0.5 0.9 1.5 1.6 2.1 2.5 3.4 3.5 4.1 4.7 5.2 0.167345 0.0687282 0.264536 0.383595 0.0106132 0.00781936 0.101544 0.0867663 0 0 0 0 0.183277 0.0355389 0.343668 0.000892833 0.334017 0.0148518 0.146069 0.0239393 0 0 0 0
695.411 3.20466 298.511 270.869 1.08253 1.06758 0.4 0.6 0.9 1.2 1.5 1.8 2.3 3.2 3.4 4 4.6 5.2 0.282114 0.0249979 0.0122797 0.366628 0.116595 0.0950582 0.0755394 0.109319 0 0 0 0 0.263909 0.0806603 0.0183211 0.265924 0.212191 0.00350215 0.188063 0.0350139 0 0 0 0
769.51 3.54613 322.204 294.561 1.0464 1.00259 0.0001 0.5 0.9 1.1 1.3 1.6 1.8 2.7 3 3.5 4.1 4.6 8.65168e-05 0.347008 0.102829 1.0597e-05 0.209512 0.239248 6.064e-05 0.147647 0 0 0 0 0.101209 0.0770495 0.396538 0.0404398 0.014956 0.000250622 0.296181 0.0759649 0 0 0 0
714.509 3.29267 304.851 277.208 1.06741 1.02735 0.3 0.5 0.7 1.3 1.5 2 2.1 2.9 3.2 3.8 4.3 4.9 0.00970229 0.376993 0.00857381 0.115341 0.40825 1.46948e-07 7.23797e-07 0.148552 0 0 0 0 0.154558 0.061831 0.176739 0.386132 5.94189e-05 1.71499e-06 0.20073 0.047304 0 0 0 0
694.989 3.20272 298.369 270.727 1.08255 1.06668 0.3 0.5 0.8 1.4 1.5 1.8 2.3 3.2 3.4 3.9 4.5 5.1 0.180695 0.0123976 0.253605 0.381302 0.000134494 0.0648285 0.0805735 0.109015 0 0 0 0 0.124644 0.154839 0.156729 0.405195 4.25979e-05 0.000505379 0.190518 0.0342047 0 0 0 0
747.377 3.44413 315.375 287.732 1.05726 1.03227 0.0001 0.5 0.6 1.3 1.4 1.5 2.1 2.9 3.2 3.8 4.4 5 0.0324616 0.00403363 0.386485 0.229257 0.0244164 0.172768 0.0902564 0.117586 0 0 0 0 0.0597028 0.1073 0.218604 0.394926 0.000241398 3.98877e-06 0.197687 0.0538076 0 0 0 0
748.022 3.44711 315.577 287.934 1.05754 1.03488 0.0001 0.5 0.6 1.3 1.4 1.5 2.1 2.9 3.1 3.6 4.1 4.6 0.0294753 0.0163903 0.378814 0.199161 0.0572784 0.171883 0.0850795 0.119458 0 0 0 0 0.0647978 0.0614755 0.264708 0.37985 3.1642e-06 0.0115422 0.197207 0.0552981 0 0 0 0
712.252 3.28227 304.11 276.468 1.10219 0.969972 0.3 0.7 0.9 0.8 1.5 1.1 2.2 3.5 3.3 3.8 4.3 4.9 0.202114 2.76293e-07 0.0622635 9.88986e-10 3.64092e-08 0.503703 0.258891 0.0752218 0 0 0 0 0.186742 0.161417 1.96027e-07 1.45952e-06 0.210189 0.242717 0.161792 0.00711458 0 0 0 0
745.97 3.43765 314.934 287.291 1.05758 1.0314 0.6 0.4 0.8 1.1 1.4 1.5 2.1 2.9 3.2 3.8 4.4 5 0.046145 0.197301 0.19109 0.121039 1.62184e-07 0.301392 0.0819749 0.118634 0 0 0 0 0.00935894 0.296432 0.000589919 0.274416 0.200226 0.000182612 0.197291 0.0529013 0 0 0 0
722.273 3.32845 307.38 279.737 1.06972 1.0332 0.3 0.5 0.5 1.1 1.4 1.5 2 3 3.2 3.7 4.3 4.9 0.0982809 0.0127755 0.210706 0.20138 0.217555 0.101827 0.104264 0.12293 0 0 0 0 0.17866 0.0637292 0.0235639 0.439555 0.0120806 2.94578e-07 0.257697 0.0579156 0 0 0 0
715.97 3.2994 305.329 277.686 1.06717 1.02606 0.4 0.5 0.9 1.3 1.5 2.1 2 2.9 3.3 3.8 4.4 4.9 0.15106 0.170942 0.134887 2.87177e-08 0.4609 6.76858e-07 0.0020233 0.147351 0 0 0 0 0.293697 3.25449e-08 0.114482 0.370846 2.71872e-10 0.200674 8.93063e-13 0.0463577 0 0 0 0
694.881 3.20222 298.333 270.69 1.08292 1.07132 0.3 0.4 0.5 1.2 1.5 1.9 2.3 3.2 3.4 4 4.6 5.2 0.135652 0.0144638 0.144251 0.469073 0.000418222 0.169026 0.0368866 0.113149 0 0 0 0 0.0305466 0.133591 0.183008 0.295704 0.195455 0.00803877 0.188321 0.036659 0 0 0 0
707.315 3.25952 302.483 274.84 1.07364 1.05123 0.0001 0.5 0.7 1.4 1.7 2.2 2.1 3 3.2 3.8 4.4 5 0.0204068 0.306656 0.0766779 0.409832 0.0990527 0.00112487 0.0204313 0.139455 0 0 0 0 0.0733741 0.0941791 0.280027 0.373627 8.33442e-07 0.184118 5.82481e-09 0.0458992 0 0 0 0
702.709 3.23829 300.954 273.311 1.07661 1.05083 0.1 0.5 0.7 1.4 1.5 1.8 2.2 3 3.3 3.8 4.4 5 0.00123285 0.356186 0.0666233 0.0020787 0.502253 3.67378e-05 0.000190649 0.14801 0 0 0 0 0.100355 1.18259e-07 0.358791 0.356543 0.000316363 0.00295629 0.189588 0.0422859 0 0 0 0
736.249 3.39285 311.864 284.222 1.05692 0.998291 0.3 0.5 0.5 1.2 1.4 1.9 2 2.8 3.2 3.7 4.2 4.8 0.0360933 0.321015 0.0231358 3.29643e-09 0.493595 0.0391658 6.53416e-09 0.143913 0 0 0 0 0.112348 0.155556 0.0573148 0.399293 0.0140608 3.95454e-09 0.2103 0.0494194 0 0 0 0
715.973 3.29942 305.33 277.687 1.06698 1.0252 0.5 0.4 0.9 1.3 1.5 2.1 2 2.9 3.3 3.9 4.5 5.1 0.152166 0.164164 0.143371 0.000163884 0.455709 3.78899e-06 0.0048965 0.146505 0 0 0 0 4.82137e-09 0.293632 0.114485 0.370706 3.52228e-09 0.200347 4.33302e-10 0.0460249 0 0 0 0
689.701 3.17835 296.582 268.939 1.0869 1.07074 0.0001 0.5 0.7 1.4 1.5 2 2.4 3.3 3.5 4 4.6 5.1 0.0553828 0.179685 0.175547 0.375369 0.0970973 0.00327281 0.105192 0.0953557 0 0 0 0 0.0829921 0.0227187 0.375531 0.0195721 0.374803 1.53135e-05 0.168447 0.026659 0 0 0 0
686.135 3.16191 295.369 267.726 1.09089 1.08254 0.3 0.5 0.9 1.5 1.6 2.2 2.5 3.4 3.6 4.2 4.7 5.3 0.166498 0.070659 0.2624 0.388578 0.00724327 0.00880881 0.0999492 0.0867542 0 0 0 0 0.182516 0.0371588 0.342247 2.30261e-06 0.337403 0.0153989 0.143538 0.0242804 0 0 0 0
701.243 3.23153 300.465 272.823 1.07654 1.04083 0.4 0.5 1 1.3 1.5 2 2.2 3 3.3 3.9 4.4 4.9 4.60997e-06 0.388317 0.0545455 1.79815e-05 0.473596 0.015393 6.34714e-06 0.144664 0 0 0 0 0.239788 0.0887749 0.0746633 0.361685 0.0429766 7.91484e-06 0.197536 0.0353931 0 0 0 0
694.728 3.20151 298.281 270.639 1.08274 1.06815 0.5 0.4 0.9 1.3 1.5 2.1 2.3 3.2 3.3 3.8 4.4 4.9 0.00141336 0.291944 0.0647609 0.462989 0.00317576 0.140344 0.00657013 0.111542 0 0 0 0 0.0325334 0.269405 0.132036 0.225289 0.184652 0.00013538 0.188744 0.0353607 0 0 0 0
684.597 3.15483 294.844 267.201 1.09169 1.07944 0.0001 0.6 0.8 1.5 1.6 2.4 2.5 3.4 3.6 4.1 4.7 5.3 0.0860185 0.161613 0.229228 0.423482 1.41567e-05 2.31097e-05 0.10384 0.0874757 0 0 0 0 0.091727 0.110069 0.329313 0.0590674 0.315743 5.02395e-10 0.152391 0.0211291 0 0 0 0
690.375 3.18145 296.81 269.168 1.08669 1.07244 0.3 0.5 0.8 1.4 1.6 1.9 2.4 3.3 3.6 4.1 4.6 5.2 0.128574 0.1387 0.146195 0.443045 0.0116541 0.0214937 0.101464 0.0955593 0 0 0 0 0.17909 0.0158836 0.293901 0.202022 0.187299 0.000101211 0.166109 0.0280345 0 0 0 0
715.992 3.2995 305.336 277.693 1.06717 1.02597 0.5 0.4 0.9 1.3 1.5 2.1 2 2.9 3.4 4 4.6 5.1 0.179735 0.145255 0.129384 0.00477131 0.458503 2.24276e-07 0.00219995 0.14732 0 0 0 0 1.3226e-08 0.293695 0.114471 0.370864 2.18621e-06 0.200607 3.60066e-07 0.0463279 0 0 0 0
679.64 3.13198 293.143 265.501 1.09811 1.09848 0.0001 0.6 0.7 1.1 1.5 2.1 2.5 3.6 3.2 3.7 4.2 4.8 0.106805 1.4639e-07 0.180503 0.469488 1.10015e-08 0.21052 0.0538827 0.0769123 0 0 0 0 0.0875793 8.37693e-09 0.399531 1.5043e-06 0.388494 0.0440264 0.145098 0.0337483 0 0 0 0
690.056 3.17998 296.702 269.06 1.1031 1.02988 0.0001 0.6 0.7 1.4 1.5 1.8 2.4 3.6 3.3 3.9 4.5 5.1 0.0723341 5.50634e-07 0.393234 0.380602 7.29213e-08 7.97131e-08 0.186378 0.0705541 0 0 0 0 0.0847559 0.0264287 0.368961 5.79701e-08 0.386974 0.000263944 0.150834 0.0116611 0 0 0 0
741.807 3.41846 313.624 285.982 1.06255 1.00304 0.2 0.5 0.7 0.6 1.3 1.4 2 2.9 3 3.5 4.1 4.7 0.0304225 0.281852 0.00131499 0.0768237 0.0013099 0.47044 0.0747852 0.125602 0 0 0 0 0.124683 3.89744e-09 0.302337 1.77383e-08 0.316685 5.97368e-09 0.202622 0.0567159 0 0 0 0
746.033 3.43794 314.954 287.311 1.05758 1.03169 0.6 0.4 0.8 1.1 1.4 1.5 2.1 2.9 3.1 3.6 4.1 4.6 0.0419986 0.198227 0.196922 0.117183 9.23204e-09 0.303033 0.0814383 0.118773 0 0 0 0 0.00032088 0.298907 0.0115434 0.268037 0.202606 3.32442e-06 0.197186 0.0530903 0 0 0 0
702.699 3.23825 300.951 273.308 1.07627 1.04979 0.0001 0.5 0.7 1.4 1.5 1.8 2.2 3 3.4 4 4.5 5 0.000540616 0.367013 0.0494715 0.0935676 0.397141 0.0218919 2.24104e-08 0.146648 0 0 0 0 0.0925028 0.00521207 0.363903 0.350169 6.67064e-05 0.00921298 0.18628 0.042441 0 0 0 0
715.972 3.29941 305.33 277.687 1.06718 1.02616 0.4 0.5 0.9 1.3 1.5 2.1 2 2.9 3.4 4 4.5 5.1 0.149769 0.17279 0.134044 7.72589e-07 0.461426 8.95572e-07 0.00170461 0.147449 0 0 0 0 0.293705 1.3483e-09 0.114482 0.37086 3.07418e-10 0.200716 4.84235e-10 0.046398 0 0 0 0
695.526 3.20519 298.55 270.907 1.08222 1.06511 0.3 0.5 0.9 1.4 1.5 1.6 2.3 3.2 3.3 3.9 4.5 5 0.110963 0.187698 0.133443 0.392112 0.00103266 0.0546248 0.095424 0.106928 0 0 0 0 0.109727 0.204279 0.136399 0.375643 0.00128712 0.0150183 0.189176 0.0335789 0 0 0 0
722.226 3.32823 307.365 279.722 1.06979 1.03348 0.3 0.5 1.1 1.4 1.5 2 2 3 3.3 3.8 4.4 5 0.101547 0.216861 0.219322 0.161711 0.145555 0.101625 9.0016e-06 0.123164 0 0 0 0 0.178712 0.087222 0.439722 0.0119452 1.49117e-06 0.183655 0.0741909 0.0580284 0 0 0 0
690.136 3.18035 296.729 269.087 1.08692 1.0762 0.2 0.4 0.7 1.4 1.6 2 2.4 3.3 3.5 4 4.5 5.1 0.0936633 0.05921 0.264085 0.438188 0.00658126 0.0395349 0.0877703 0.0978824 0 0 0 0 0.115468 0.00385522 0.344671 0.263718 0.146536 0.00442856 0.168428 0.0290938 0 0 0 0
701.715 3.23371 300.623 272.98 1.07821 1.07104 0.3 0.4 0.6 1.2 1.5 1.8 2.2 3.1 3.3 3.9 4.5 5 7.57702e-06 0.220899 0.137206 0.23222 0.254345 0.0619481 0.0449799 0.126608 0 0 0 0 0.121523 0.0885903 0.118518 0.417629 0.00919305 0.0743452 0.192252 0.0489865 0 0 0 0
703.177 3.24045 301.11 273.467 1.07668 1.04628 0.3 0.5 0.8 1.4 1.5 1.8 2.2 3 3.4 4 4.5 5.1 3.40899e-09 0.375126 0.0548021 3.32382e-06 0.487821 0.0124873 2.6239e-08 0.146438 0 0 0 0 0.191816 4.3024e-05 0.27733 0.346529 1.18146e-05 2.00313e-07 0.190714 0.0398402 0 0 0 0
736.217 3.39271 311.854 284.212 1.08722 0.954621 0.0001 0.5 0.5 1.1 1.5 1.5 2.1 3.3 3.1 3.6 4.2 4.8 0.058701 0.206289 8.10911e-05 0.483273 2.65968e-10 2.65968e-10 0.26114 0.0777403 0 0 0 0 0.0613972 0.121704 0.118096 0.331914 0.124875 0.00364022 0.178262 0.0147327 0 0 0 0
684.794 3.15573 294.911 267.269 1.10578 1.0528 0.3 0.7 0.9 0.8 1.5 1.8 2.5 3.7 3.3 3.9 4.4 5 0.172962 3.26542e-07 0.409218 9.26951e-07 0.227482 0.0715538 0.157811 0.066748 0 0 0 0 0.191324 7.56255e-06 0.177816 0.163052 0.260856 0.112005 0.131411 0.0163325 0 0 0 0
697.362 3.21365 299.167 271.524 1.1057 1.00944 0.3 0.6 0.6 1.2 1.4 1.7 2.3 3.6 3.1 3.7 4.3 4.9 0.153577 0.142185 0.0122455 0.495431 2.49896e-09 1.13844e-07 0.229238 0.0730247 0 0 0 0 0.134469 0.0486507 0.206181 0.0802903 0.358676 4.2023e-08 0.170215 0.010953 0 0 0 0
695.683 3.20591 298.603 270.96 1.08244 1.06811 0.3 0.4 0.5 1.2 1.5 1.8 2.3 3.2 3.4 3.9 4.5 5.1 0.000782567 0.244343 0.0694404 0.36285 0.136183 0.0815536 0.0781248 0.109161 0 0 0 0 0.0138646 0.174313 0.156999 0.301176 0.186895 0.0121447 0.187632 0.0350887 0 0 0 0
695.921 3.20701 298.683 271.04 1.10606 1.0114 0.2 0.5 0.7 0.9 1.5 1.3 2.3 3.6 3.2 3.7 4.2 4.8 0.146128 1.52594e-05 1.12588e-06 0.39672 0.0519961 0.212056 0.225576 0.0735696 0 0 0 0 0.0589879 0.255985 0.0697778 0.000175962 0.134475 0.310303 0.170185 0.0115078 0 0 0 0
690.225 3.18076 296.76 269.117 1.08677 1.07322 0.0001 0.6 0.7 1.4 1.6 1.7 2.4 3.3 3.6 4.1 4.6 5.2 0.0746071 0.21403 0.129403 0.411157 0.0193347 0.0409604 0.101244 0.0960311 0 0 0 0 0.0759098 0.17762 0.199761 0.318366 0.0278084 0.0792345 0.166248 0.0282689 0 0 0 0
691.406 3.1862 297.159 269.517 1.08667 1.08016 0.3 0.5 0.7 1.3 1.5 2 2.4 3.3 3.4 3.9 4.5 5.1 0.118815 0.179687 0.044541 0.474851 0.00698107 0.0944125 0.0680157 0.0993678 0 0 0 0 0.167252 7.32032e-08 0.264749 0.194658 0.220634 0.0417974 0.158687 0.0323857 0 0 0 0
747.414 3.44431 315.386 287.744 1.0573 1.03254 0.0001 0.5 0.6 1.3 1.4 1.5 2.1 2.9 3.2 3.7 4.3 4.8 0.0308395 0.0183942 0.371992 0.245142 4.1389e-05 0.183451 0.0896353 0.117808 0 0 0 0 0.0600077 0.104596 0.221331 0.393574 0.00133173 1.97454e-05 0.19774 0.0539352 0 0 0 0
701.038 3.23059 300.397 272.754 1.07848 1.06838 0.2 0.5 0.8 1.4 1.5 1.8 2.2 3.1 3.4 4 4.6 5.2 0.0921949 0.129316 0.23517 0.33488 0.000342206 0.131085 0.0280748 0.12742 0 0 0 0 0.126019 0.060037 0.295219 0.330756 0.000368468 0.00434499 0.203761 0.0478771 0 0 0 0
694.616 3.201 298.244 270.601 1.08279 1.06771 0.3 0.5 0.9 1.4 1.5 1.9 2.3 3.2 3.3 3.8 4.4 4.9 0.19249 0.0202831 0.278695 0.321028 0.000198607 0.100669 0.0585687 0.110856 0 0 0 0 0.112604 0.197703 0.144974 0.34112 0.0466784 5.9754e-06 0.189425 0.0351944 0 0 0 0
686.269 3.16253 295.414 267.772 1.0907 1.08188 0.3 0.5 0.9 1.5 1.6 2.3 2.5 3.4 3.4 3.9 4.4 4.9 0.154463 0.0946096 0.24353 0.405971 5.38766e-05 2.09638e-05 0.106205 0.0858419 0 0 0 0 0.181698 0.0388802 0.340671 5.09591e-07 0.339095 0.0192361 0.138123 0.0241804 0 0 0 0
704.193 3.24513 301.448 273.805 1.07489 1.04599 0.0001 2.77556e-17 0.7 1.4 1.6 1.9 2.3 3 3.3 3.9 4.5 5 0.0386087 0.0400371 0.398883 0.124236 0.329967 0.000469335 8.57729e-10 0.142685 0 0 0 0 0.0890748 2.07045e-05 0.387838 0.226155 0.156187 1.57959e-11 0.1512 0.0355186 0 0 0 0
749.189 3.45248 315.941 288.299 1.05671 0.990175 0.4 0.5 0.6 1.1 1.4 1.5 2 2.8 3.3 3.9 4.4 4.9 0.204995 0.00615429 0.166894 0.100722 0.000512042 0.431783 0.00431599 0.14133 0 0 0 0 0.296985 7.1208e-11 1.79134e-11 0.30666 0.144362 8.27942e-10 0.189648 0.05252 0 0 0 0
714.493 3.29259 304.845 277.203 1.06743 1.02742 0.3 0.5 0.7 1.3 1.5 2 2.1 2.9 3.3 3.8 4.3 4.8 0.0060866 0.387262 0.000264495 0.119189 0.406002 3.0013e-09 7.27764e-10 0.14863 0 0 0 0 0.154664 0.0615645 0.176926 0.386155 9.669e-07 3.6138e-07 0.200788 0.0473176 0 0 0 0
749.481 3.45383 316.033 288.39 1.05657 0.989755 0.4 0.5 0.5 1.1 1.4 1.5 2 2.8 3.2 3.7 4.2 4.8 0.110879 0.121622 0.129695 0.120501 0.0249304 0.399075 0.00933511 0.140534 0 0 0 0 0.296955 1.48412e-11 5.49372e-11 0.306615 0.144373 4.07493e-10 0.189512 0.0523006 0 0 0 0
682.759 3.14636 294.215 266.572 1.10328 1.07259 0.3 0.6 0.8 0.9 1.5 2.1 2.6 3.7 3.3 3.9 4.4 4.9 0.172447 4.23608e-06 7.58333e-07 0.408096 0.250837 0.0975583 0.109134 0.0652011 0 0 0 0 0.188833 1.7644e-05 0.22969 0.0973812 0.332346 0.103003 0.100347 0.0209711 0 0 0 0
738.511 3.40328 312.582 284.94 1.06257 1.03625 0.2 0.6 0.7 0.1 1.4 1.5 2.2 3 3.3 3.9 4.5 5.1 0.00468551 0.0286786 0.386005 0.0599865 0.210149 0.165943 0.104732 0.102393 0 0 0 0 0.112567 0.039846 0.290943 0.00332737 0.370829 5.04805e-10 0.176457 0.042276 0 0 0 0
747.339 3.44396 315.363 287.72 1.05734 1.03254 0.0001 0.5 0.6 1.3 1.4 1.5 2.1 2.9 3.1 3.7 4.2 4.7 0.0328432 3.42306e-07 0.390528 0.238507 2.04909e-09 0.188545 0.0889761 0.11794 0 0 0 0 0.0597204 0.107272 0.218615 0.395197 5.34863e-06 3.15814e-07 0.197813 0.0539154 0 0 0 0
728.747 3.35828 309.468 281.825 1.06928 1.02665 0.4 0.7 0.9 1.2 1.5 1.8 2.2 3.1 3.3 3.9 4.5 5.1 0.245527 6.44904e-06 0.178896 0.310143 2.22966e-06 0.131678 0.110597 0.0924334 0 0 0 0 0.284688 0.0616539 7.80883e-06 0.31563 0.14669 2.42426e-09 0.183811 0.0341727 0 0 0 0
698.01 3.21664 299.384 271.742 1.10967 0.984023 0.2 0.6 0.8 1.2 1.5 1.5 2.3 3.6 3.2 3.8 4.4 5 0.141693 1.02014e-08 0.255543 0.366838 0.038279 0.00113013 0.231272 0.0749164 0 0 0 0 0.0949166 0.29331 5.26559e-08 0.192163 0.245645 0.00650548 0.151482 8.28279e-08 0 0 0 0
747.464 3.44453 315.402 287.759 1.05717 1.03132 0.2 0.5 0.6 1.3 1.4 1.5 2.1 2.9 3.2 3.8 4.3 4.8 0.0422147 0.0247168 0.348822 0.248136 0.0373989 0.145035 0.0941028 0.116746 0 0 0 0 0.0969733 0.0112538 0.278221 0.394136 5.72485e-07 7.71639e-07 0.197443 0.0532953 0 0 0 0
695.751 3.20623 298.626 270.983 1.0828 1.07042 0.3 0.4 0.5 1.2 1.5 1.8 2.3 3.2 3.4 3.9 4.5 5.1 0.0366156 0.163018 0.11593 0.371268 0.111016 0.103344 0.0705894 0.111023 0 0 0 0 0.00658821 0.188659 0.150682 0.295437 0.199058 0.00340681 0.191423 0.035163 0 0 0 0
689.862 3.17909 296.636 268.994 1.08711 1.07379 0.0001 0.5 0.7 1.4 1.6 1.8 2.4 3.3 3.6 4.2 4.7 5.2 0.0823178 0.0518273 0.297217 0.400513 0.00403438 0.060335 0.0934721 0.0973924 0 0 0 0 0.0757635 0.0674818 0.322095 0.251332 0.160809 4.85803e-07 0.167894 0.0284116 0 0 0 0
690.392 3.18153 296.816 269.174 1.08692 1.07557 0.3 0.5 0.9 1.4 1.5 1.7 2.4 3.3 3.4 4 4.5 5.1 0.185303 0.0344657 0.276493 0.229631 0.0643194 0.106833 0.0922168 0.0976602 0 0 0 0 0.152665 0.104451 0.265675 5.57646e-05 0.310481 0.0458113 0.166943 0.0294894 0 0 0 0
695.048 3.20298 298.389 270.746 1.08249 1.06621 0.3 0.5 0.8 1.4 1.5 1.8 2.3 3.2 3.4 3.9 4.4 5 0.171833 0.0332089 0.236406 0.391747 0.000514028 0.0570628 0.083154 0.108562 0 0 0 0 0.125331 0.153106 0.158323 0.402753 0.00159917 0.000981934 0.190036 0.034082 0 0 0 0
694.39 3.19995 298.167 270.525 1.08292 1.06812 0.2 0.5 0.8 1.9 1.4 1.5 2.3 3.2 3.3 3.9 4.4 4.9 0.141596 1.87327e-05 0.33383 0.103882 0.336591 0.000164966 0.0553393 0.111502 0 0 0 0 0.0708573 0.226078 0.137773 1.18522e-08 0.405124 0.00265598 0.190401 0.0352285 0 0 0 0
721.382 3.32434 307.091 279.449 1.0649 1.03236 0.0001 0.5 0.7 1.4 1.7 2.1 2.1 2.9 3.3 3.8 4.4 5 0.0126894 0.348332 0.036667 0.416973 0.107416 5.47888e-06 5.17278e-06 0.142816 0 0 0 0 0.0908915 0.00137161 0.37356 0.329668 9.99961e-07 0.0348805 0.146342 0.0556461 0 0 0 0
679.878 3.13308 293.225 265.583 1.09875 1.0937 0.3 0.5 1.1 1.4 1.5 2 3.6 2.8 3.3 3.9 4.5 5 0.12689 0.176396 0.281286 0.0106982 0.246596 0.103003 0.0682095 0.0856744 0 0 0 0 0.130277 0.178533 0.318568 0.102026 0.0411741 0.218912 0.00748774 0.0967261 0 0 0 0
695.581 3.20544 298.568 270.926 1.08222 1.0655 0.3 0.5 1 1.4 1.5 1.6 2.3 3.2 3.4 4 4.5 5 0.106605 0.204612 0.155399 0.296211 0.0570772 0.0612678 0.0939461 0.107102 0 0 0 0 0.0988582 0.234639 0.139415 0.336847 0.000600457 0.0327668 0.188493 0.0338835 0 0 0 0
697.363 3.21365 299.167 271.524 1.1057 1.00942 0.3 0.5 0.6 1.2 1.4 1.7 2.3 3.6 3.1 3.6 4.2 4.8 0.153575 3.87488e-06 0.154426 0.495438 3.52652e-08 1.99573e-10 0.229232 0.0730235 0 0 0 0 0.134455 7.79031e-05 0.254762 0.0803222 0.358643 5.66703e-08 0.170214 0.0109465 0 0 0 0
689.918 3.17934 296.655 269.013 1.08706 1.07441 0.2 0.5 0.8 1.5 1.6 1.7 2.4 3.3 3.6 4.2 4.8 5.4 0.136852 0.00488777 0.353454 0.38975 0.000710142 0.00788643 0.0960799 0.0974372 0 0 0 0 0.105616 0.102966 0.289935 0.362689 0.00306451 0.012862 0.168753 0.0285191 0 0 0 0
703.252 3.24079 301.135 273.492 1.07665 1.04624 0.3 0.5 0.8 1.4 1.5 1.9 2.2 3 3.4 4 4.6 5.1 1.53465e-06 0.375644 0.053554 0.000194634 0.492079 0.00884339 3.6987e-07 0.146329 0 0 0 0 0.191833 7.20808e-06 0.27734 0.346529 1.87063e-05 2.53144e-06 0.190743 0.0397707 0 0 0 0
735.892 3.39121 311.751 284.108 1.06325 1.03589 0.3 0.5 0.8 1.4 1.5 1.6 2.2 3 3.1 3.7 4.3 4.8 0.141887 1.63002e-06 0.376826 0.191003 2.08741e-05 0.154479 0.0945015 0.104534 0 0 0 0 0.164191 0.0605369 0.232601 0.358527 4.14598e-09 1.93921e-09 0.178994 0.041043 0 0 0 0
747.345 3.44399 315.365 287.722 1.05733 1.0325 0.0001 0.5 0.6 1.3 1.4 1.5 2.1 2.9 3.1 3.6 4.2 4.8 0.0327969 0.000391336 0.390191 0.235853 0.00578411 0.185253 0.089166 0.117894 0 0 0 0 0.0596957 0.107471 0.218421 0.395223 1.40599e-06 3.34231e-07 0.197792 0.053901 0 0 0 0
684.976 3.15657 294.973 267.331 1.10546 1.05345 0.0001 0.6 0.7 1.4 1.5 1.9 2.5 3.7 3.2 3.7 4.2 4.8 0.0701139 0.00355451 0.397267 0.354545 0.00373648 0.0497817 0.160482 0.0659803 0 0 0 0 0.0875763 0.000761457 0.392786 0.103078 0.245423 0.0769365 0.130392 0.0164943 0 0 0 0
725.045 3.34122 308.276 280.634 1.06583 1.02576 0.3 0.5 0.6 1.2 1.4 1.5 2 2.9 3.2 3.7 4.3 4.8 0.000295334 0.389613 0.00854898 0.00658053 0.206531 0.301007 0.00994724 0.143307 0 0 0 0 0.163619 3.7341e-07 0.176591 0.394456 1.44585e-09 4.09282e-10 0.230391 0.060705 0 0 0 0
765.993 3.52992 321.132 293.489 1.04754 1.0054 0.5 0.4 0.6 1 1.3 1.5 2 2.7 3.1 3.7 4.3 4.8 0.00896842 0.136895 0.22424 0.139597 0.000964287 0.381971 0.00157391 0.153331 0 0 0 0 1.47475e-08 0.296389 1.70923e-06 0.160714 0.296425 8.2223e-05 0.18659 0.0651997 0 0 0 0
706.164 3.25421 302.102 274.459 1.07377 1.04872 0.0001 0.6 1.5 1.3 1.1 2.1 2.2 3 3.4 3.9 4.5 5.1 0.0511426 0.370367 0.418526 0.0484385 0.017943 0.0281499 1.95518e-06 0.139205 0 0 0 0 0.0684585 0.339047 0.123796 0.288185 1.14801e-08 2.16885e-08 0.185274 0.0439614 0 0 0 0
694.941 3.20249 298.353 270.71 1.08253 1.06633 0.3 0.5 0.8 1.4 1.5 1.8 2.3 3.2 3.4 4 4.5 5 0.185787 0.00100806 0.262208 0.377291 0.00026221 0.0665722 0.0805466 0.108852 0 0 0 0 0.126567 0.149943 0.161481 0.394537 0.00959645 2.74956e-05 0.189942 0.0342347 0 0 0 0
701.264 3.23163 300.472 272.83 1.07666 1.04045 0.5 0.4 1 1.3 1.5 2 2.2 3 3.4 4 4.5 5 0.388123 0.000210907 0.0544372 1.13832e-05 0.473815 0.0152415 1.61652e-07 0.144819 0 0 0 0 0.107626 0.227589 0.0495009 0.405573 0.0130787 0.00740358 0.194596 0.035079 0 0 0 0
690.668 3.1828 296.91 269.267 1.08638 1.07053 0.3 0.5 0.9 1.4 1.5 1.6 2.4 3.3 3.5 4 4.5 5.1 0.0786818 0.260626 0.0552127 0.481203 0.00560417 2.42022e-06 0.111414 0.0936348 0 0 0 0 0.15677 0.0948789 0.27683 0.000346793 0.233873 0.115515 0.165042 0.0272777 0 0 0 0
736.551 3.39424 311.96 284.318 1.06283 1.03464 0.3 0.5 0.6 0.8 1.4 1.5 2.2 3 3.2 3.7 4.3 4.9 0.128688 0.020277 0.0200909 0.341362 0.106618 0.239212 0.104036 0.102543 0 0 0 0 0.1648 0.0571403 0.00347151 0.231804 0.358367 4.36763e-06 0.178519 0.0405363 0 0 0 0
691.032 3.18448 297.033 269.391 1.10215 1.03789 0.0001 0.6 0.6 1.2 1.5 1.7 2.4 3.6 3.3 3.9 4.4 4.9 0.0619277 0.294314 0.00353614 0.382273 9.5448e-09 0.112364 0.177015 0.0707212 0 0 0 0 0.0669294 0.0661719 0.272899 0.16973 0.225819 0.0686429 0.151863 0.0158342 0 0 0 0
684.941 3.15641 294.961 267.319 1.10588 1.05184 0.3 0.7 0.9 0.9 1.5 1.8 2.5 3.7 3.3 3.8 4.4 4.9 0.172979 9.86964e-06 0.317052 0.0921438 0.227509 0.0715074 0.157913 0.0667626 0 0 0 0 0.188423 0.0809872 0.266867 0.000149982 0.253334 0.115454 0.130593 0.0160281 0 0 0 0
