Chi2   rChi2   BIC   AIC    Qichtot    Qimtot  R[0]  R[1]  R[2]  R[3]  R[4]  R[5]  R[6]  R[7]  R[8]  R[9]  R[10]  R[11]  Q0ch    Q1ch    Q2ch    Q3ch    Q4ch    Q5ch    Q6ch    Q7ch    Q8ch    Q9ch    Q10ch    Q11ch    Q0m    Q1m    Q2m    Q3m    Q4m    Q5m    Q6m    Q7m    Q8m    Q9m    Q10m    Q11m
453.923 1.93984 212.007 169.325 1 1 0.0001 0.5 0.7 1.2 1.5 1.9 2.4 3 3.6 4.4 4.4 5.2 0.0338954 0.0945814 0.215254 0.232717 0.128118 0.130533 0.0975211 0.0467389 0.0205813 4.14345e-05 1.79881e-05 4.97302e-10 0.05423 0.125511 0.157212 0.255451 0.0669503 0.173372 0.0684342 0.0594904 0.0179838 0.00317104 0.0181937 4.16321e-07
452.558 1.93401 211.226 168.545 1 1 0.2 0.5 0.8 1 1.3 1.6 2.2 2.7 3.2 3.6 4.1 5.2 0.0446022 0.138165 0.132371 0.150176 0.106086 0.204833 0.125943 0.0528026 0.0302172 0.0119877 0.00281674 6.19615e-12 0.0971432 0.0916108 0.105553 0.179758 0.0948271 0.18826 0.117972 0.0746648 0.00337955 0.0264337 0.0166773 0.00372111
457.765 1.95626 214.19 171.508 1 1 0.0001 0.5 0.7 1.2 1.6 1.8 2.3 2.7 3.3 3.7 4 4 0.032202 0.107827 0.195052 0.271763 0.0865232 0.119171 0.0960223 0.048201 0.0373032 0.00163143 0.00185515 0.00244943 0.0590971 0.136805 0.116079 0.318893 0.0185309 0.143278 0.0947744 0.0593828 0.0234423 0.00494106 0.0239634 0.000813762
453.23 1.93688 211.611 168.929 1 1 0.2 0.5 0.7 1.2 1.4 1.9 2.3 2.7 3.3 3.9 4 5 0.0596357 0.0269905 0.275159 0.142704 0.193507 0.131526 0.0736655 0.0546288 0.0362145 0.002144 0.00382615 2.86417e-10 0.101793 0.0341703 0.194793 0.244805 0.094017 0.141547 0.0622568 0.0710436 0.0154005 0.0313246 0.00181253 0.00703679
453.327 1.93729 211.666 168.984 1 1 0.2 0.5 0.7 1.1 1.5 1.9 2.3 2.9 3.5 4.3 4.2 4.6 0.0535778 0.0675311 0.204747 0.191768 0.213588 0.0794403 0.110084 0.0525469 0.0247926 0.00182829 9.67825e-05 2.05771e-10 0.0854649 0.0803768 0.149545 0.217726 0.151806 0.130339 0.0790646 0.0626027 0.0233491 0.0176957 0.00202965 2.22661e-07
456.035 1.94887 213.209 170.527 1 1 0.0001 0.5 0.7 1.2 1.5 1.9 2.3 2.8 3.4 3.7 4.2 4.3 0.0344826 0.0903824 0.221353 0.22441 0.139704 0.113377 0.087523 0.0548792 0.0296918 1.1712e-06 0.00419624 1.37422e-07 0.0667534 0.0844178 0.186008 0.242774 0.114404 0.104992 0.0911182 0.0678444 6.68727e-08 0.0333934 0.00582339 0.00247246
820.132 3.50484 365.215 322.533 1 1 0.0001 0.5 0.9 1.2 1.7 2 2.3 3 3.3 4.2 4.3 4.6 0.0449385 0.132423 0.21387 0.247075 0.0856856 0.100501 0.113797 6.58788e-10 0.0612126 4.36867e-12 1.4736e-12 0.000497183 0.0470415 0.192443 0.148235 0.198316 0.162118 0.0786579 0.0629585 0.0718556 0.0105078 0.0135238 0.0143354 8.19554e-06
806.262 3.44556 360.797 318.115 1 1 0.2 0.6 0.9 1.2 1.6 2 2.2 2.8 3.3 2.8 4.3 3.1 0.0810804 0.104255 0.220893 0.207156 0.116623 0.0233908 0.183164 1.54016e-12 0.0634375 1.60415e-08 1.10315e-10 1.39351e-09 0.093256 0.159599 0.154579 0.154287 0.144079 0.158091 0.00284604 0.0658467 0.0320644 0.00831516 0.0269776 5.88925e-05
855.081 3.65419 376.023 333.341 1 1 0.0001 0.5 0.8 1.1 1.7 2 2.4 2.9 3.4 4.4 4.4 4.8 0.0419693 0.149372 0.0546718 0.381741 0.0875898 0.13675 0.0915167 3.60054e-08 0.0563898 1.28218e-09 1.28218e-09 3.42248e-10 0.0504148 0.175704 0.0872413 0.250373 0.194395 0.0846595 0.0419775 0.063227 0.0260409 0.0108992 0.0150675 3.87185e-09
780.089 3.33371 352.25 309.568 1 1 0.2 0.6 1 1.1 1.5 1.7 1.9 2.6 2.7 3.9 4 4.9 0.0953071 0.118311 0.0660515 0.304233 0.101488 0.0701898 0.0695526 0.145311 0.0059648 0.00983607 0.0137572 1.44038e-09 0.099076 0.172935 0.106067 0.149877 0.127997 0.0974222 0.0706174 0.121662 0.00123463 0.0307902 6.44718e-06 0.0223143
778.737 3.32793 351.801 309.119 1 1 0.0001 0.4 0.8 1 1.4 1.7 2.3 2.7 2.9 4 3.6 4.8 0.042063 0.120905 0.0221271 0.320907 0.167897 0.123975 0.0731338 0.108189 1.58405e-06 0.0208028 4.16487e-10 4.27918e-07 0.0351092 0.159553 0.0853849 0.198348 0.148448 0.158419 0.0946266 0.0336568 0.0400762 0.0198654 0.0120053 0.0145076
554.844 2.37113 264.003 221.321 1 1 0.0001 0.4 0.9 1.3 1.6 2 2.4 3 3.5 3.6 3.8 5.2 0.0550622 0.113135 0.224329 0.219119 0.146388 0.125067 0.0144035 0.0790116 0.0233749 0.000104021 6.23556e-06 8.11507e-09 0.0377153 0.155436 0.236915 0.176279 0.130029 0.0711705 0.112721 0.0297394 0.0153641 0.00761983 0.00759981 0.019412
538.549 2.30149 256.283 213.601 1 1 0.0001 0.5 0.9 1.3 1.8 1.9 2.1 2.8 3.3 2.3 4.8 4.3 0.0677111 0.130713 0.162192 0.31074 0.0682421 0.136391 0.000438694 0.0582099 0.0553284 0.0100345 2.2138e-10 1.75082e-10 0.0493389 0.185955 0.179744 0.222401 0.152182 0.000242056 0.0583433 0.0557844 0.0436453 0.0437259 0.00521436 0.00342312
462.049 1.97457 216.602 173.92 1 1 0.0001 0.5 0.7 1.2 1.4 1.8 2.2 2.7 3.5 3.8 3.1 5.3 0.0333382 0.097477 0.212674 0.213905 0.111605 0.132973 0.0906442 0.0703763 0.031039 2.77325e-06 0.00596567 1.41129e-10 0.0625537 0.106425 0.165825 0.209541 0.140235 0.0774485 0.122087 0.0687652 0.00595423 0.0297247 0.00895192 0.00248957
461.28 1.97128 216.171 173.489 1 1 0.2 0.5 0.8 1.2 1.5 1.7 2.2 2.6 3.2 3.8 4.1 5.2 0.0467265 0.123811 0.202296 0.198827 0.0783362 0.13928 0.0991156 0.0618922 0.0389827 0.0106379 9.48915e-05 2.69137e-07 0.0945207 0.0919363 0.171128 0.217885 0.0916307 0.0912368 0.112225 0.0680387 0.0278126 0.0187381 0.0125437 0.00230498
460.492 1.96791 215.728 173.046 1 1 0.2 0.5 0.7 1.1 1.5 1.6 2.2 2.7 3.2 3.7 4.1 5.3 0.0509382 0.0831009 0.181276 0.220799 0.0678299 0.170807 0.128322 0.0519649 0.0313142 0.0136152 3.35286e-05 6.34885e-08 0.0958339 0.0714467 0.12995 0.241961 0.102105 0.105895 0.133164 0.0630024 0.0136247 0.0213641 0.0158861 0.00576614
459.02 1.96163 214.899 172.217 1 1 0.2 0.6 0.7 1.2 1.4 1.7 2.2 2.7 3.4 3.8 4.2 5.2 0.0579877 0.113078 0.16723 0.256103 0.0289354 0.166114 0.105921 0.0669936 0.0350395 5.56879e-07 0.00259755 1.84924e-11 0.103525 0.0654744 0.162008 0.251367 0.0596433 0.114499 0.121979 0.0696828 0.0181883 0.0198211 0.0098479 0.00396387
803.707 3.43465 359.975 317.293 1 1 0.0001 0.5 0.9 1.2 1.6 1.7 2.2 2.6 3.3 3.7 4.6 5.1 0.0452326 0.130416 0.220736 0.235402 0.00397193 0.112802 0.18589 0.00174061 0.0626046 2.37833e-06 0.00120203 1.95855e-09 0.0558202 0.18118 0.121906 0.234063 0.133596 0.0281061 0.106189 0.0869796 6.66193e-06 0.0435051 4.6478e-08 0.00864877
454.726 1.94327 212.464 169.782 1 1 0.0001 0.5 0.7 1.3 1.4 2 2.6 2.7 3.1 3.6 4 4.2 0.0376523 0.0620778 0.268991 0.238641 0.0984153 0.169509 0.0730802 0.00190106 0.0297353 0.0190698 0.000301343 0.000627175 0.0694248 0.0602675 0.228364 0.317823 0.0118426 0.168206 0.034029 0.0671454 5.21109e-06 0.0286773 0.0117772 0.00243715
454.363 1.94172 212.258 169.576 1 1 0.0001 0.4 0.7 1.2 1.5 1.9 2.3 2.9 3.5 4.1 4.2 4.4 0.0285683 0.0644059 0.260864 0.205292 0.159852 0.0965624 0.103985 0.0543689 0.0237409 0.000156311 0.00219999 4.98292e-06 0.0456356 0.0911082 0.209234 0.23591 0.0866016 0.153599 0.0690311 0.0657812 0.022167 0.00166103 0.00872949 0.0105412
460.761 1.96906 215.879 173.197 1 1 0.0001 0.5 0.9 1.3 1.6 2.1 2.6 3.2 3.7 4 4.3 5.2 0.0262386 0.179564 0.228837 0.162188 0.163285 0.117897 0.0746797 0.0341726 0.0122196 2.33035e-06 0.00091547 1.00019e-07 0.0568044 0.171063 0.17581 0.229765 0.0950099 0.129113 0.0815399 0.024036 0.00987283 0.0227146 6.67813e-07 0.00426981
458.734 1.9604 214.737 172.055 1 1 0.0001 0.5 0.8 1.1 1.5 1.8 2.3 2.9 3.4 4.3 3.8 5 0.0281179 0.162203 0.152429 0.175603 0.197978 0.0831173 0.125231 0.0446964 0.0250081 0.000510318 0.00510644 1.55841e-08 0.0532896 0.159942 0.127189 0.188929 0.129263 0.141495 0.0964868 0.054256 0.027263 0.0218827 2.65596e-06 1.22007e-06
455.941 1.94846 213.155 170.473 1 1 0.2 0.5 0.8 1.2 1.6 1.9 2.2 2.7 3.3 4.1 4.2 4.5 0.0476761 0.120136 0.208056 0.195545 0.195229 0.017686 0.114805 0.0584653 0.0364605 0.00587732 5.80301e-05 6.24331e-06 0.0818891 0.113598 0.170396 0.220059 0.112601 0.106251 0.0695728 0.0656719 0.0386849 0.00617992 0.0147695 0.000326979
