Chi2   rChi2   BIC   AIC    Qichtot    Qimtot  R[0]  R[1]  R[2]  R[3]  R[4]  R[5]  R[6]  R[7]  R[8]  R[9]  R[10]  R[11]  Q0ch    Q1ch    Q2ch    Q3ch    Q4ch    Q5ch    Q6ch    Q7ch    Q8ch    Q9ch    Q10ch    Q11ch    Q0m    Q1m    Q2m    Q3m    Q4m    Q5m    Q6m    Q7m    Q8m    Q9m    Q10m    Q11m
503.644 2.15233 238.928 196.246 1.01258 1.13828 0.1 0.3 0.9 1.2 1.5 1.9 2.2 2.8 3.3 3.9 4.7 5.1 0.0289245 0.126174 0.237988 0.126986 0.206209 0.132071 0.029716 0.0539423 0.0610124 5.00489e-12 3.33202e-11 0.0095554 0.00268665 0.168068 0.292555 0.0388718 0.253232 0.00598952 0.16256 0.0832933 0.0293234 0.0624533 0.000335772 0.0389147
436.511 1.86543 201.876 159.194 1.0082 1.06574 0.2 0.6 1 1.3 1.6 2 2.4 2.9 3.5 3.9 4.3 5.1 0.0541975 0.216892 0.190987 0.12751 0.165334 0.0840591 0.0895425 0.0436698 0.0280269 3.83027e-14 0.00797696 1.64747e-09 0.100724 0.164656 0.183027 0.175387 0.10375 0.103993 0.0952273 0.063397 0.00410111 0.0551243 3.29666e-11 0.0163547
432.406 1.84789 199.429 156.747 1.00834 1.03784 0.1 0.5 0.7 1.1 1.4 1.8 2.2 2.8 3.4 3.9 4.3 5 0.0391414 0.0814134 0.22064 0.127384 0.227127 0.0886782 0.121468 0.0626098 0.0288681 0.00210393 0.00890642 2.15994e-13 0.0674695 0.124844 0.106076 0.216789 0.160915 0.0953644 0.123623 0.0818205 0.0101622 0.0421438 7.4259e-10 0.0086372
435.398 1.86067 201.215 158.533 1.00848 1.01328 0.2 0.5 0.8 1.2 1.6 2 2.3 2.9 3.5 4.3 4.4 5.1 0.0477849 0.119418 0.209267 0.19338 0.198927 0.0420373 0.110207 0.0529202 0.0265723 0.00239452 0.00557458 7.12763e-14 0.0835999 0.10743 0.18257 0.202601 0.150765 0.106758 0.0667791 0.0676434 0.0253715 0.0197651 9.76842e-11 5.55112e-16
502.816 2.14878 238.501 195.819 1.01386 1.04735 0.2 0.5 0.9 1.3 1.6 1.9 2.1 2.7 3.3 4.2 4.7 5.2 0.108782 0.063292 0.213761 0.250695 0.0737488 0.166664 1.04893e-08 0.0599269 0.0660968 1.64734e-11 1.88303e-11 0.0108904 0.0798181 0.135706 0.22402 0.160699 0.120702 0.0564222 0.113399 0.0725189 0.0600358 0.0123874 0.00939305 0.00224619
501.379 2.14264 237.76 195.078 1.0137 1.03493 0.2 0.5 0.8 1.1 1.5 1.7 2.2 2.8 3.3 4.2 4.7 5.2 0.105758 0.0750888 0.0668195 0.308172 0.0498467 0.224846 0.0606405 0.0492946 0.0623167 2.53131e-14 1.13576e-13 0.0109124 0.0795135 0.132464 0.112915 0.22626 0.0631047 0.171171 0.120328 0.0582908 0.0513636 0.0108657 0.00675871 0.00189916
508.868 2.17465 241.601 198.919 1.0137 0.985438 0.2 0.6 0.9 1.2 1.6 1.9 2.3 2.9 3.3 3.4 4 5.2 0.113804 0.0900565 0.134145 0.243598 0.162923 0.114043 0.0379352 0.0543199 0.0376204 0.0146895 6.64357e-13 0.0105667 0.0955293 0.155929 0.155547 0.16104 0.139473 0.119004 0.0732841 0.0614481 0.0171173 0.00601335 0.00105371 5.21448e-11
513.263 2.19343 243.828 201.146 1.01385 0.998311 0.2 0.5 0.8 1.3 1.6 2 2.2 3 3.5 4.4 4.5 5.2 0.117507 0.0151901 0.222192 0.284618 0.108784 0.129385 0.0176069 0.0810902 0.0272307 0 1.11022e-16 0.0102425 0.0888111 0.085247 0.231349 0.204171 0.122733 0.0665525 0.108078 0.076189 0.0112507 0.00320257 0.00072769 8.48139e-09
515.642 2.2036 245.025 202.343 1.01358 0.972729 0.2 0.5 0.8 1.3 1.4 1.9 2.1 3 3.5 3.9 4.5 5.2 0.118324 0.0112039 0.231004 0.178386 0.171639 0.121965 0.062356 0.082807 0.026191 2.88658e-15 6.66134e-15 0.00970408 0.0912352 0.0730663 0.254327 5.61165e-10 0.287663 0.0167575 0.169349 0.0750512 0.00400631 1.02688e-11 0.00127315 4.49031e-11
433.23 1.85141 199.922 157.24 1.00835 1.03989 0.2 0.6 1 1.3 1.5 2 2.3 2.8 3.4 3.9 4.3 5 0.0548179 0.212491 0.216003 0.0251742 0.234899 0.0860371 0.0823996 0.0547379 0.0318852 0.000473834 0.00943327 1.52973e-11 0.101121 0.162606 0.193774 0.121302 0.13681 0.109994 0.0740909 0.0761373 0.01193 0.0423798 6.60252e-10 0.00974161
433.687 1.85336 200.195 157.513 1.00848 1.05625 0.1 0.6 1 1.2 1.6 1.8 2.3 2.9 3.5 3.9 4.4 4.9 0.039485 0.25343 0.0905476 0.204523 0.132331 0.0836931 0.117076 0.0529786 0.0259196 1.57395e-08 0.00849212 4.20719e-13 0.0738441 0.230256 0.0150836 0.311534 0.0336883 0.130792 0.122349 0.0726467 0.00694327 0.0471444 5.04939e-10 0.0119639
435.004 1.85899 200.98 158.298 1.00842 0.998006 0.0001 0.6 0.7 1.1 1.4 1.8 2.2 2.7 3.3 3.7 4.3 4.4 0.0368786 0.226599 0.0525824 0.176264 0.189909 0.112935 0.101086 0.0637213 0.0335238 0.00642217 0.00849561 6.95557e-09 0.0683727 0.232262 2.51492e-09 0.20623 0.165166 0.104593 0.0986395 0.0807789 0.00558349 0.0302484 0.0061328 7.90499e-11
508.442 2.17283 241.383 198.701 1.01426 1.0385 0.0001 0.3 0.6 1.2 1.3 1.8 2.1 2.8 3.4 3.5 4.5 5.2 0.0698288 0.00997209 0.185957 0.370355 1.43966e-09 0.21416 0.0314166 0.069562 0.0530449 3.198e-13 1.66533e-15 0.00996585 0.0595232 1.75472e-11 0.267287 0.251249 0.0595736 0.143651 0.110573 0.0831987 0.0380584 0.00595186 0.0150924 0.00433796
435.692 1.86193 201.39 158.708 1.00836 1.02293 0.0001 0.4 0.7 1.2 1.6 1.9 2.3 2.8 3.3 3.8 4.4 4.8 0.0261728 0.0736955 0.245815 0.245017 0.15148 0.0707574 0.102997 0.0462889 0.0311584 0.00845386 0.00652697 2.8183e-13 0.0437817 0.0985986 0.199219 0.261962 0.0794534 0.146583 0.0664382 0.0612381 0.0337479 0.0125095 0.0193959 8.07632e-13
433.511 1.85261 200.09 157.408 1.00848 1.04698 0.2 0.5 0.7 1.1 1.5 1.9 2.2 2.8 3.3 3.7 4.4 5.8 0.0553343 0.057388 0.219528 0.176625 0.234592 0.0365402 0.127518 0.0588247 0.0222369 0.0130376 0.00685248 2.66354e-12 0.0862742 0.0769972 0.155991 0.212939 0.163156 0.110966 0.0883906 0.0680891 0.0342539 0.0107995 0.0264737 0.012647
505.076 2.15844 239.663 196.981 1.01395 1.01908 0.2 0.5 0.9 1.3 1.6 2 2.2 2.9 3.4 4.4 4.5 5.2 0.110093 0.0582066 0.227112 0.212483 0.151675 0.116491 0.0149629 0.0677304 0.0448718 8.32667e-16 1.4988e-15 0.0103263 0.0807665 0.131708 0.233393 0.135918 0.160693 0.0621079 0.101623 0.0700086 0.0317504 0.003492 0.0057336 0.00188763
434.81 1.85816 200.865 158.183 1.00818 1.04014 0.3 0.7 0.9 1.1 1.5 1.6 2.2 2.7 3.3 3.9 4.4 4.3 0.0993738 0.218338 0.0087635 0.207419 0.0602357 0.182417 0.124813 0.0563773 0.0382596 0.00612216 0.00605733 1.68776e-12 0.159811 0.0351788 0.267312 0.0480843 0.0117828 0.25324 0.117176 0.0595999 0.0548622 0.00483952 0.0282542 6.65357e-13
433.927 1.85439 200.339 157.657 1.00814 1.02321 0.3 0.7 0.9 1.3 1.6 1.8 2.4 2.9 3.3 4.1 4.3 4.4 0.100275 0.194913 0.108 0.242985 0.014547 0.163583 0.111662 0.0238956 0.0368853 0.00687345 0.00452573 7.28481e-11 0.159011 0.0376957 0.274614 0.0881551 0.136007 0.11726 0.113969 0.0220753 0.0492178 1.43341e-12 0.0252101 4.73395e-10
435.66 1.86179 201.371 158.689 1.00804 1.06454 0.2 0.4 0.9 1.1 1.5 1.8 2.3 2.9 3.4 3.9 4.2 5.1 0.015054 0.148133 0.313867 0.00670637 0.251535 0.0599345 0.130349 0.0439514 0.0280281 3.68793e-09 0.0104855 1.70719e-12 0.0678534 0.119877 0.21388 0.118953 0.192673 0.0682781 0.142459 0.0664503 0.00472894 0.054232 1.11632e-08 0.015152
436.188 1.86405 201.685 159.003 1.00824 1.00397 0.2 0.5 0.7 1 1.3 1.7 2 2.5 3.1 3.6 4.3 4.4 0.0578583 0.0389361 0.252964 0.0378108 0.27063 0.0869723 0.111383 0.0872442 0.0399214 0.0171943 0.00732734 4.75099e-08 0.083485 0.096499 0.113876 0.15437 0.169014 0.118778 0.113822 0.0729184 0.0521809 0.0107806 0.0182478 1.69851e-11
438.519 1.87401 203.065 160.383 1.00843 1.01086 0.1 0.6 0.7 1.2 1.7 1.8 2.3 2.9 3.4 4.1 4.5 5 0.0412293 0.196104 0.091074 0.285458 0.164057 0.0253411 0.118708 0.049249 0.0261933 0.00711627 0.00389996 2.24765e-13 0.0658116 0.238325 0.0205192 0.296363 1.31126e-11 0.189737 0.0927567 0.0597821 0.0243819 0.014984 0.00819958 1.8659e-12
434.81 1.85816 200.865 158.183 1.00818 1.04015 0.3 0.7 0.9 1.1 1.5 1.6 2.2 2.7 3.3 3.9 4.4 4.3 0.099373 0.218349 0.00873353 0.207449 0.0601976 0.182446 0.124811 0.0563782 0.0382597 0.0061216 0.00605779 6.43535e-12 0.15981 0.0351963 0.267261 0.0481415 0.0116893 0.253319 0.117169 0.0596056 0.054864 0.00484005 0.0282564 2.2963e-11
511.229 2.18474 242.799 200.117 1.01296 1.11531 0.2 0.5 1 1.3 1.6 2 2.2 2.8 3.3 3.9 3.4 5.1 0.10488 0.0836212 0.283707 0.0921378 0.209106 0.100786 0.0117033 0.0596455 0.0365566 3.2141e-14 0.0216286 0.00918705 0.088503 0.135891 0.283446 0.0649858 0.196291 7.43561e-12 0.147746 0.0872145 0.00303114 0.0497232 0.0244925 0.0339822
502.176 2.14605 238.172 195.49 1.0136 1.00201 0.2 0.5 0.8 1 1.5 1.9 2.1 2.8 3.3 3.4 4.6 5.2 0.10577 0.0796459 0.00265105 0.301047 0.251273 0.0919766 0.0546835 0.0564126 0.0511412 0.00872728 7.49401e-15 0.0102704 0.0809616 0.128054 0.0869066 0.198298 0.230039 0.0193031 0.148665 0.0627917 0.0399526 0.000169758 0.00686803 4.39898e-11
512.843 2.19164 243.616 200.934 1.01385 0.996833 0.1 0.5 0.7 1.2 1.6 2 2.2 3 3.5 4.4 4.5 5.2 0.0823784 0.0546434 0.154008 0.303218 0.165308 0.110421 0.0256605 0.0805286 0.0275052 0 5.55112e-17 0.0101773 0.0643091 0.0928952 0.192263 0.232866 0.154195 0.0607476 0.109052 0.076007 0.0108376 0.0022312 0.00142875 1.69879e-09
433.841 1.85402 200.287 157.605 1.00812 1.02645 0.3 0.7 0.9 1.3 1.6 2.1 2.5 2.7 3.3 4.2 4.3 4.4 0.10111 0.183629 0.131703 0.190175 0.150975 0.120538 0.0341234 0.0449845 0.0399007 0.010557 0.000425315 4.72108e-11 0.159485 0.0308371 0.289488 0.053506 0.230255 0.094484 0.0584161 0.0301795 0.0539743 1.10771e-10 0.0258258 2.77556e-16
435.069 1.85927 201.019 158.337 1.00837 1.04258 0.3 0.7 0.9 1.2 1.7 2.3 2.5 3 3.4 4 4.4 5.2 0.0989133 0.218664 0.0410019 0.241405 0.207079 0.0890401 0.0413285 0.0353777 0.0235795 0.00614624 0.00583289 1.23107e-12 0.172666 2.76974e-10 0.258775 0.149672 0.224689 0.0251364 0.125203 0.0108221 0.031506 0.0331359 0.000984278 0.00998834
432.796 1.84956 199.663 156.981 1.00833 1.04503 0.2 0.5 0.7 1.2 1.6 2 2.4 2.9 3.4 3.9 4.3 5 0.0556432 0.0512311 0.23872 0.243953 0.160658 0.0921583 0.0852408 0.0419548 0.0278573 0.00178983 0.00912226 4.32097e-11 0.102491 0.0343096 0.19301 0.282006 0.111777 0.111219 0.08546 0.0627898 0.00593184 0.0457334 1.34149e-11 0.0102984
435.572 1.86142 201.319 158.637 1.0082 1.0786 0.1 0.6 1.1 1.3 1.7 2.1 2.5 3 3.5 3.9 4.3 5 0.03894 0.258745 0.205612 0.113168 0.170521 0.0723268 0.0823317 0.0325086 0.0255859 1.7754e-11 0.00845906 1.94728e-12 0.0741657 0.227509 0.162713 0.184348 0.102869 0.113919 0.0780634 0.0601676 1.8224e-11 0.0580833 3.56063e-10 0.0167634
433.666 1.85327 200.182 157.501 1.00834 1.0419 0.1 0.6 1.1 1.2 1.6 1.8 2.3 2.9 3.4 3.9 4.3 5 0.0392102 0.257007 0.20188 0.0745493 0.162985 0.0660404 0.120832 0.0488145 0.0254489 0.00261707 0.00895771 3.41338e-13 0.0736805 0.23086 0.0303387 0.293999 0.0344038 0.130124 0.120228 0.0699214 0.00297615 0.0457038 1.34774e-10 0.00966595
500.969 2.14089 237.548 194.866 1.01364 1.06971 0.0001 0.5 1.1 0.9 1.5 1.8 2.4 2.7 3.3 4.4 4.5 5.2 0.0637916 0.155978 0.342988 2.36807e-08 0.0902763 0.21034 0.0217847 0.0504962 0.0675693 5.87286e-12 2.70617e-12 0.0104198 0.0501889 0.186918 0.170575 0.130964 0.112343 0.182197 0.0953842 0.0333584 0.0730249 0.0253514 1.22586e-08 0.00940218
434.976 1.85887 200.964 158.282 1.0085 0.991263 0.1 0.6 0.7 1.1 1.5 1.9 2.1 2.6 3.3 3.8 4.3 4.4 0.0400276 0.238416 0.0238343 0.227276 0.195458 0.0631193 0.0856664 0.0821216 0.0405872 0.00294738 0.00905028 2.39132e-11 0.0755724 0.216567 1.3662e-11 0.244982 0.173166 0.0606808 0.0787543 0.0969499 0.0181725 0.0232665 0.00315114 2.26763e-13
438.519 1.87401 203.065 160.383 1.00858 1.0126 0.3 0.4 0.8 1.2 1.6 1.7 2.3 3 3.6 4.2 4.4 4.9 0.0690984 0.0643276 0.257243 0.173831 0.166498 0.0621391 0.134788 0.0540146 0.0188634 1.95465e-10 0.00777293 5.16159e-12 0.155815 1.7053e-13 0.228906 0.197558 6.88949e-13 0.208757 0.121677 0.0624286 0.0176206 0.0167999 0.00304275 4.75753e-12
433.898 1.85426 200.321 157.639 1.00848 1.02396 0.2 0.5 0.8 1.3 1.6 1.9 2.2 2.8 3.4 4.3 3.5 5.8 0.0507142 0.104749 0.244685 0.220209 0.127685 0.0351698 0.122788 0.0633085 0.0145531 0.00885104 0.0157656 2.46803e-13 0.0856499 0.0959928 0.213213 0.249909 0.0319629 0.137296 0.0742703 0.0725295 0.0323231 0.0215435 6.99612e-06 0.00926021
433.403 1.85215 200.025 157.343 1.00875 1.00492 0.0001 0.4 0.7 1 1.3 1.7 2.1 2.6 3 3.5 4 4.4 0.0294691 0.0609882 0.264826 0.0269752 0.276078 0.101388 0.122906 0.0611482 0.0310068 0.0252978 4.40959e-10 0.00866381 0.0547985 0.0876855 0.164156 0.115907 0.215987 0.11646 0.100278 0.0937483 0.0115089 0.0243519 0.0200338 4.38186e-10
434.326 1.8561 200.577 157.895 1.00845 1.01364 0.0001 0.4 0.9 1 1.5 1.6 2.2 2.6 3.2 3.9 4.4 5.2 0.00722271 0.1606 0.264581 0.0620626 0.155333 0.127747 0.116158 0.0546369 0.0445098 0.0101129 0.0054836 2.72837e-13 0.0403478 0.151968 0.122352 0.199242 0.0915557 0.160227 0.103293 0.0803052 0.0267993 0.0325383 2.08569e-08 0.00501018
433.773 1.85373 200.247 157.565 1.00845 1.04344 0.2 0.5 0.7 1.2 1.5 1.9 2.3 2.8 3.3 3.8 4.4 5.8 0.0579646 0.0378801 0.257575 0.20758 0.154599 0.103565 0.0946705 0.0496978 0.0285209 0.00998602 0.00641017 1.66667e-11 0.0904951 0.047495 0.209831 0.2393 0.0830967 0.165 0.0621298 0.0631677 0.0366872 0.00961335 0.0246278 0.0119925
435.172 1.85971 201.081 158.399 1.00846 1.00242 0.1 0.3 0.7 1.1 1.5 1.7 2.2 2.7 3.3 3.8 4.3 4.4 0.00298247 0.0932679 0.229261 0.201272 0.161221 0.0929555 0.118564 0.0590347 0.0367489 0.00428808 0.00886537 1.04311e-08 0.0428807 0.0830055 0.188675 0.219291 0.146352 0.0831786 0.116987 0.0760441 0.0144124 0.0278264 0.00376519 5.00745e-10
437.688 1.87046 202.574 159.892 1.00831 1.0047 0.0001 0.4 0.7 1.1 1.5 1.9 2.3 2.9 3.4 4.1 4.5 4.4 0.0240269 0.0838317 0.220209 0.187508 0.216867 0.0769374 0.112384 0.0496499 0.0261253 0.00764402 0.00313157 1.43718e-08 0.0400277 0.115154 0.160972 0.218084 0.151935 0.1327 0.0800762 0.060133 0.0239529 0.00943899 0.00301698 0.00921235
432.577 1.84862 199.531 156.849 1.00836 1.03781 0.1 0.4 0.7 1.2 1.4 1.9 2.1 2.7 3.3 3.9 4.4 5 0.0379753 0.0405533 0.290686 0.102037 0.244918 0.0450223 0.129236 0.0705015 0.0333067 0.00797676 0.00614424 1.38584e-12 0.0626795 0.0722885 0.199829 0.227839 0.123499 0.0845068 0.103357 0.0953556 0.0176009 0.0419242 4.53944e-09 0.00892625
434.642 1.85744 200.765 158.083 1.00848 1.01025 0.2 0.6 0.7 1.1 1.6 1.8 2.4 2.8 3.2 3.9 4.4 5.2 0.0530419 0.224136 0.00752016 0.28083 0.153213 0.0996242 0.121008 0.0077419 0.0462186 0.00946871 0.00567467 1.5643e-13 0.103945 0.11679 0.0671404 0.277599 0.147347 0.0854229 0.126613 0.0248656 0.0239926 0.0316963 4.28291e-11 0.00483992
501.863 2.14471 238.01 195.328 1.01373 1.01426 0.0001 0.4 0.6 1.1 1.2 1.8 2.1 2.7 3.3 4 4.5 5.2 0.0678542 0.0301737 0.158096 0.0618311 0.311511 0.232376 0.0136422 0.0623738 0.0652795 2.22045e-16 0 0.0105913 0.0563934 0.0138634 0.250671 8.56852e-11 0.305455 0.166599 0.0873167 0.0733493 0.0502152 1.60874e-08 0.01018 0.000215914
435.856 1.86263 201.487 158.805 1.00839 1.06678 0.1 0.6 1 1.1 1.5 1.8 2.3 2.8 3.3 3.7 4.4 6 0.0394927 0.25432 0.0137647 0.228808 0.16341 0.105555 0.112783 0.0428248 0.0320073 0.00709757 0.00833183 2.53519e-13 0.0678359 0.238343 1.4849e-10 0.239477 0.109323 0.16064 0.0933719 0.0573421 0.0468005 0.0109308 0.0315642 0.0111523
431.781 1.84522 199.054 156.372 1.00839 1.02934 0.1 0.6 0.7 1.2 1.4 2 2.2 2.7 3.4 3.9 4.3 5 0.0441084 0.125324 0.186687 0.137978 0.217359 0.146394 0.029247 0.0775428 0.0343526 8.85085e-08 0.00939731 9.45261e-11 0.0748882 0.195218 0.0507108 0.254199 0.113024 0.170409 0.011215 0.0984191 0.0156434 0.0377332 1.06464e-09 0.00788428
438.819 1.87529 203.242 160.56 1.00823 1.01533 0.3 0.4 0.8 1.2 1.5 1.7 2.2 2.8 3.3 3.9 4.4 4.9 0.0834434 0.0403167 0.286436 0.0980047 0.227836 0.0316655 0.143266 0.0523454 0.0308861 0.00904054 0.00498821 1.65018e-11 0.156106 2.16493e-15 0.228698 0.193705 0.0178283 0.181782 0.114184 0.0595919 0.035564 0.0102202 0.0176532 1.51087e-11
434.419 1.85649 200.632 157.95 1.00846 1.01146 0.1 0.4 0.8 1 1.5 1.6 2.3 2.7 3.2 3.9 4.4 5.2 0.00837565 0.156988 0.106597 0.248203 0.017026 0.256166 0.127592 0.0272346 0.0449202 0.00983873 0.00551914 6.15952e-13 0.0467081 0.142277 0.0524822 0.285511 0.0114615 0.238218 0.124402 0.0489947 0.0243767 0.0320682 9.96461e-09 0.00496349
432.016 1.84622 199.195 156.513 1.00865 1.02079 0.1 0.5 0.8 1.2 1.4 1.9 2.2 2.8 3.4 3.8 4.4 4.9 0.0360729 0.126973 0.23862 0.0416916 0.272963 0.0773684 0.111245 0.0637049 0.0268646 0.00516058 0.00798652 2.58116e-11 0.0675795 0.135568 0.152665 0.181209 0.152654 0.098383 0.103145 0.0843138 2.24293e-12 0.040882 0.000349309 0.00403695
434.821 1.85821 200.871 158.189 1.00838 1.02869 0.1 0.4 0.9 1 1.5 1.6 2.2 2.7 3.3 3.8 4.3 5.2 0.00868563 0.157964 0.277897 0.0462317 0.179057 0.10458 0.126994 0.0566012 0.0374771 0.00402958 0.00886012 4.996e-16 0.0484091 0.138107 0.180943 0.133017 0.167434 0.0913459 0.126677 0.0770641 0.0182812 0.0315273 0.009573 0.00630716
434.387 1.85635 200.613 157.931 1.00833 1.03972 0.2 0.5 0.7 1.1 1.4 1.5 2.1 2.7 3.3 3.9 4.4 5.1 0.0589171 0.0344416 0.256734 0.119659 0.143328 0.126004 0.153564 0.0677285 0.0338714 0.00818067 0.00590572 6.67308e-11 0.0978733 0.064338 0.13851 0.234834 3.77002e-08 0.191439 0.151647 0.0898763 0.01808 0.0430162 9.21814e-10 0.0101047
435.927 1.86294 201.53 158.848 1.00843 1.00904 0.2 0.4 0.7 1.2 1.6 1.8 2.2 2.8 3.4 4.1 4.3 4.4 0.0510162 0.0365056 0.263887 0.230096 0.178704 0.015325 0.131944 0.0600029 0.0310436 0.000873446 0.00903673 2.90878e-14 0.0815733 0.0458149 0.217761 0.257465 0.0567793 0.130551 0.0994101 0.0688132 0.0306876 0.00942237 0.0107599 2.58515e-11
435.548 1.86131 201.304 158.622 1.00832 1.02255 0.1 0.4 0.7 1.2 1.5 1.9 2.2 2.8 3.4 4 4.4 4.9 0.0345018 0.0531536 0.269834 0.191656 0.180681 0.0591348 0.116932 0.0623374 0.0295082 0.00458405 0.00599629 1.80522e-13 0.0528608 0.0812351 0.2138 0.234631 0.0928525 0.141133 0.0715964 0.0742774 0.0340612 0.00761768 0.0184847 3.15081e-13
436.538 1.86555 201.892 159.21 1.00842 1.00675 0.2 0.4 0.8 1.1 1.5 1.9 2.3 2.9 3.4 4.1 4.4 5.1 0.0276018 0.112425 0.23839 0.120987 0.240237 0.0664048 0.116556 0.0481152 0.0269045 0.00585714 0.00493968 3.33067e-16 0.0619771 0.109655 0.188531 0.15882 0.177139 0.117792 0.088867 0.0593466 0.0235194 0.0146586 0.00644589 5.55112e-17
433.793 1.85382 200.259 157.577 1.00824 1.04357 0.1 0.5 0.9 1.3 1.5 2 2.2 2.7 3.2 3.9 4.4 5.1 0.031129 0.166098 0.257487 0.0518149 0.245824 0.036472 0.114366 0.0496975 0.0389257 0.0115453 0.00487844 2.80886e-14 0.0648434 0.157189 0.187064 0.220641 0.0743612 0.128234 0.0462766 0.0894533 0.0187054 0.0462902 1.39705e-12 0.0105068
435.326 1.86037 201.172 158.49 1.00838 1.02584 0.0001 0.5 0.7 1.2 1.7 1.8 2.3 2.9 3.4 3.8 4.4 4.8 0.0326484 0.105308 0.197688 0.273091 0.192095 2.618e-08 0.121948 0.0485426 0.0239384 0.00621712 0.00690909 1.94786e-11 0.0530272 0.136409 0.141609 0.288264 0.00184393 0.192702 0.0918549 0.0643857 0.0234949 0.0122601 0.0199892 2.28846e-11
435.283 1.86019 201.147 158.465 1.0083 1.06604 0.0001 0.6 1.1 1.2 1.6 1.9 2.3 2.9 3.5 3.9 4.3 5.1 0.0353406 0.265794 0.163862 0.112596 0.171716 0.0597325 0.111094 0.0547724 0.0242475 1.47373e-11 0.00914165 0 0.0666561 0.245107 6.38365e-11 0.314619 0.0824784 0.0924159 0.117817 0.0762211 0.00033796 0.056206 2.55049e-11 0.0141854
434.149 1.85534 200.471 157.789 1.00841 1.0344 0.2 0.5 0.7 1.2 1.4 1.8 2.2 2.8 3.4 4.1 4.4 5.8 0.0607831 0.0211878 0.282212 0.136908 0.191152 0.0926235 0.120933 0.0626017 0.029046 0.00656851 0.00439449 2.32686e-11 0.0895402 0.05232 0.203334 0.242978 0.045623 0.164277 0.0929365 0.0706412 0.0353078 0.00325639 0.0218916 0.0122963
433.409 1.85217 200.029 157.347 1.0083 1.04439 0.1 0.4 0.8 1.1 1.5 1.9 2.2 2.8 3.3 3.9 4.4 5 0.0190264 0.120558 0.245734 0.104599 0.264533 0.0173491 0.138042 0.0540132 0.0298522 0.00871919 0.00587413 7.25753e-13 0.0490648 0.129965 0.15262 0.195415 0.198782 0.0412199 0.131122 0.0786269 0.0117597 0.0455248 1.85887e-11 0.0102872
435.54 1.86128 201.299 158.618 1.00861 1.0029 0.0001 0.4 0.7 1.1 1.3 1.7 2 2.5 3.3 3.9 4.3 4.1 0.0184678 0.104425 0.19006 0.195559 0.100361 0.176953 0.0569843 0.109516 0.0456261 0.00031129 0.0103425 3.42712e-08 0.0461211 0.120847 0.115559 0.286291 0.0173612 0.200828 0.0293289 0.131682 0.0301518 0.0229407 0.00179189 9.45864e-11
437.286 1.86874 202.335 159.654 1.00808 0.991568 0.3 0.7 0.8 0.9 1.4 1.7 2.1 2.6 3.1 3.5 4.2 4.4 0.102032 0.170033 1.45526e-07 0.163229 0.263168 0.0551155 0.129411 0.0656416 0.0310991 0.0196272 0.00872618 1.92901e-13 0.156172 0.059984 7.07133e-08 0.243965 0.190144 0.0946713 0.126746 0.0502395 0.0461144 0.00707039 0.0164614 2.43753e-10
434.278 1.85589 200.548 157.866 1.00829 1.05083 0.0001 0.6 1 1.2 1.5 1.6 2.1 2.7 3.4 3.7 4.3 5.2 0.0360162 0.258543 0.10561 0.154941 0.108318 0.0860866 0.139304 0.0753563 0.034884 3.04168e-10 0.00922581 1.35669e-13 0.0685818 0.23094 0.069575 0.214219 0.0516307 0.102244 0.139345 0.0990201 0.00851311 0.0394631 0.0175825 0.0097116
725.729 3.10141 333.542 290.86 1.01109 1.27073 0.1 0.4 0.9 1.1 1.5 1.9 2.6 3.3 3.4 4 4.5 5.4 0.0466085 0.114629 0.152003 0.247865 0.167591 0.100039 0.148765 1.24996e-10 8.20985e-11 0.031102 6.34427e-11 0.00248342 0.0371212 0.162515 0.180131 0.185308 0.0937324 0.243177 0.112712 0.0635295 0.0877631 6.2207e-10 0.104741 1.16219e-09
508.298 2.17222 241.31 198.628 1.0138 1.01697 0.0001 0.4 0.6 1.2 1.7 2 2.3 2.9 3.4 3.9 4.5 5.2 0.074178 1.01458e-12 0.195558 0.355555 0.153595 0.102287 0.00921013 0.0692096 0.0440443 3.31901e-13 4.29656e-14 0.0101611 0.059405 0.000658522 0.26535 0.291081 0.124405 0.106022 0.0586396 0.0681431 0.0313096 1.89777e-08 0.00982008 0.00213923
437.121 1.86804 202.238 159.556 1.00858 1.03425 0.3 0.7 0.9 1.4 1.8 2.1 2.4 3 3.6 3.9 4.4 5.2 0.101814 0.171198 0.161888 0.267273 0.0803193 0.0649317 0.0837461 0.0494192 0.0203584 1.39252e-10 0.00763091 6.60583e-15 0.170961 1.82043e-11 0.290113 0.22172 0.0994312 0.0334452 0.116566 0.049891 1.88847e-05 0.0430125 5.99578e-10 0.00909004
434.707 1.85772 200.803 158.121 1.00845 0.998389 0.3 2.77556e-17 0.6 1 1.4 1.9 2.3 2.7 3.3 3.7 4.3 4.4 0.0171203 0.0294176 0.234219 0.177631 0.241551 0.130699 0.0704202 0.0580751 0.0349811 0.00556663 0.00877011 3.74984e-10 0.0410577 0.0524184 0.175679 0.19685 0.224156 0.119316 0.0715383 0.0737482 0.00828685 0.0284984 0.00683975 3.90799e-13
432.876 1.8499 199.711 157.029 1.00836 1.0416 0.0001 0.4 0.7 1.2 1.5 2 2.4 2.8 3.3 3.9 4.4 5.1 0.0287234 0.0637765 0.261968 0.200361 0.172754 0.12647 0.0639681 0.044423 0.0314653 0.00843333 0.00601741 4.07752e-12 0.0532281 0.0879347 0.188928 0.266506 0.106041 0.145945 0.0545984 0.0724221 0.00995186 0.0458925 4.83825e-10 0.0101478
431.999 1.84615 199.185 156.503 1.00845 1.01752 0.1 0.5 0.7 1.2 1.4 1.8 2.2 2.8 3.4 3.8 4.3 5 0.0410692 0.0643644 0.252931 0.151232 0.180939 0.0947096 0.12061 0.0625227 0.0282918 0.00280006 0.00898026 4.14113e-14 0.0700068 0.101049 0.153273 0.270292 0.0672939 0.112952 0.11645 0.0817401 4.55869e-12 0.0394669 0.00117838 0.00381705
434.64 1.85744 200.764 158.082 1.00843 1.02576 0.2 0.6 0.7 1.2 1.6 2 2.4 2.9 3.4 4.2 4.4 6 0.0590985 0.0976647 0.185518 0.249049 0.157833 0.0939958 0.0840361 0.0421429 0.0288335 0.00651886 0.00374271 5.24171e-11 0.0940487 0.0895199 0.160693 0.249292 0.118012 0.146882 0.0431205 0.0619291 0.0274845 5.5718e-11 0.0211238 0.0136527
440.505 1.8825 204.235 161.553 1.00853 1.00392 0.3 0.7 0.9 1.4 1.5 1.7 2.2 2.7 3.2 3.9 4.4 4.5 0.102212 0.166588 0.170451 0.235845 0.0154008 0.0824344 0.132619 0.0458604 0.0411441 0.0098719 0.00610309 4.84524e-09 0.170918 3.44141e-12 0.290565 0.206565 4.65583e-12 0.0906864 0.127111 0.0650155 0.0231065 0.0299566 1.26398e-09 1.1434e-08
434.149 1.85534 200.471 157.789 1.00841 1.0344 0.2 0.5 0.7 1.2 1.4 1.8 2.2 2.8 3.4 4.1 4.4 5.8 0.0607831 0.0211878 0.282212 0.136908 0.191152 0.0926235 0.120933 0.0626017 0.029046 0.00656851 0.00439449 2.32686e-11 0.0895402 0.05232 0.203334 0.242978 0.045623 0.164277 0.0929365 0.0706412 0.0353078 0.00325639 0.0218916 0.0122963
434.261 1.85582 200.538 157.856 1.00837 1.0498 0.1 0.5 0.9 1.3 1.7 2 2.3 2.9 3.4 3.9 4.3 5 0.0293111 0.175245 0.227259 0.187045 0.181288 4.05231e-15 0.122618 0.0481349 0.0261418 0.00189117 0.00943182 3.52615e-11 0.0651164 0.156645 0.186802 0.242574 0.0964543 0.05696 0.11017 0.0725293 0.00303499 0.0482334 2.8114e-11 0.0112845
434.21 1.8556 200.508 157.826 1.0086 1.00181 0.2 0.5 0.9 1.1 1.4 1.7 2.3 2.5 3.2 3.9 4.4 4.8 0.0396969 0.16496 0.182649 0.133177 0.0906099 0.197959 0.073307 0.0631294 0.0482051 0.00830408 0.00659753 5.3757e-13 0.092678 0.116097 0.152577 0.180757 0.0539587 0.199956 0.0463217 0.100301 0.0319504 0.0272181 3.05311e-13 1.91758e-12
436.306 1.86456 201.755 159.073 1.00841 0.997776 0.2 0.5 0.8 1.2 1.4 1.8 2 2.5 3.1 3.5 4.2 4.3 0.0490798 0.112383 0.228365 0.103025 0.195539 0.0745298 0.0904366 0.092081 0.0343591 0.0198292 7.27682e-09 0.00877781 0.0832018 0.108194 0.183252 0.172818 0.098492 0.112324 0.0887967 0.0751457 0.0495136 0.00777621 0.0182623 7.29694e-10
509.493 2.17732 241.918 199.236 1.01357 1.12485 0.1 0.3 0.9 1.3 1.6 1.9 2.3 2.8 3.4 4 3.9 5.1 0.0278478 0.127677 0.242218 0.22553 0.0946679 0.155356 0.00992128 0.0670115 0.0544192 3.13249e-13 1.84824e-12 0.00892128 0.00899459 0.15779 0.305936 0.0887015 0.222837 0.00651105 0.146631 0.0641425 0.0458509 0.0330931 0.00926749 0.0350923
433.399 1.85213 200.023 157.341 1.00841 1.04416 0.2 0.4 0.8 1.3 1.5 1.9 2.3 2.9 3.5 4.3 4.4 5.8 0.0337385 0.0963766 0.281867 0.162619 0.148336 0.0895949 0.10752 0.0545148 0.0252233 0.00700987 0.00160567 1.36772e-11 0.0697658 0.0895281 0.245304 0.216202 0.0531522 0.155347 0.0752174 0.070553 0.029941 3.71575e-08 0.0264042 0.0127432
432.649 1.84893 199.575 156.893 1.00831 1.04061 0.2 0.4 0.8 1.2 1.4 1.8 2.2 2.8 3.4 3.9 4.3 5 0.0349991 0.0932094 0.287866 0.0224475 0.267656 0.0740614 0.126683 0.0610802 0.0295755 0.0018803 0.00885242 1.0808e-10 0.0842746 0.0753699 0.217622 0.143873 0.161084 0.0859781 0.128344 0.0807425 0.0107989 0.0429932 1.6143e-11 0.00953282
436.163 1.86394 201.669 158.988 1.00836 1.01962 0.2 0.5 0.8 1.2 1.6 2 2.3 2.9 3.4 3.9 4.4 4.9 0.0478599 0.119075 0.209978 0.192186 0.200885 0.0390946 0.113064 0.0492372 0.0248799 0.00581158 0.00629312 1.13631e-13 0.0839118 0.106329 0.18431 0.200626 0.153133 0.104487 0.0691401 0.0658817 0.0230689 0.0117232 0.017008 2.34646e-13
436.312 1.86458 201.758 159.076 1.00846 0.998662 0.2 0.5 0.8 1.2 1.4 1.8 2 2.5 3.1 3.5 4.2 4.4 0.0491417 0.112092 0.228971 0.101495 0.197309 0.073018 0.0914566 0.0918555 0.0345158 0.0196088 0.00440182 0.00459298 0.0831801 0.108322 0.18301 0.173506 0.0977386 0.113081 0.0883454 0.075398 0.049661 0.0079426 0.0184783 3.01238e-08
432.715 1.84921 199.614 156.932 1.00835 1.0384 0.1 0.4 0.7 1.1 1.4 2 2.1 2.7 3.3 3.9 4.4 5 0.036691 0.0457662 0.279045 0.0764677 0.285655 0.0587342 0.107942 0.0706323 0.0332951 0.00801381 0.00610803 2.23771e-11 0.0595075 0.0850187 0.172084 0.17346 0.211254 0.105627 0.0670992 0.0954128 0.0178039 0.0420307 5.74909e-09 0.00910121
435.321 1.86034 201.169 158.487 1.00836 1.00583 0.1 0.5 0.7 1.2 1.4 1.9 2.3 2.8 3.4 4.3 4.4 5.1 0.0405871 0.0675896 0.24857 0.15378 0.18642 0.130892 0.0822362 0.0571198 0.0317985 0.00936908 1.52036e-10 1.62814e-13 0.0617299 0.106828 0.173661 0.228086 0.0853175 0.181437 0.0506886 0.0676389 0.0314103 0.0190363 1.44658e-10 1.19516e-13
436.09 1.86363 201.626 158.944 1.00849 1.00031 0.2 0.5 0.8 1.1 1.4 1.8 2.2 2.7 3.2 3.5 4.2 4.4 0.0489981 0.113728 0.21871 0.0781493 0.232475 0.0992795 0.10623 0.0609744 0.0213913 0.0198671 0.00319597 0.00549261 0.0813439 0.11874 0.148431 0.156563 0.140923 0.146136 0.0909658 0.0540305 0.0402083 0.003799 0.0191729 8.12411e-09
434.79 1.85808 200.853 158.171 1.00829 1.02524 0.1 0.5 1 1.1 1.6 1.7 2.3 2.7 3.2 3.8 4.3 5.2 0.0262933 0.195011 0.299928 0.0103703 0.23868 0.0254259 0.123678 0.0297476 0.0432847 0.00825248 0.00761556 1.06654e-12 0.0640416 0.168141 0.212759 0.102524 0.175478 0.0592803 0.117926 0.0552603 0.0228621 0.0319076 0.00900642 0.00605487
434.935 1.8587 200.939 158.257 1.00838 1.03642 0.1 0.3 0.7 1.2 1.3 1.8 2.2 2.7 3.3 3.9 4.4 5 0.0237802 0.050491 0.294666 8.05491e-10 0.302694 0.124797 0.099952 0.0632299 0.0352052 0.00711097 0.00645562 4.27436e-15 0.0401647 0.0848835 0.209388 0.201846 0.117216 0.130849 0.0977812 0.0836604 0.0209886 0.0402742 9.26925e-13 0.00936433
433.111 1.8509 199.851 157.169 1.0083 1.04177 0.2 0.4 0.8 1.2 1.5 1.8 2.2 2.8 3.4 3.9 4.3 5 0.0317161 0.101577 0.269053 0.114952 0.219288 0.037592 0.133922 0.059406 0.0303556 0.00153669 0.00889792 2.66068e-11 0.0823916 0.0801168 0.20703 0.197581 0.135408 0.0609662 0.134256 0.0793575 0.0113988 0.0432617 1.25853e-10 0.0100053
433.213 1.85134 199.912 157.23 1.00828 1.04839 0.2 0.4 0.8 1.2 1.6 2 2.3 2.9 3.4 3.9 4.3 5 0.0275656 0.111887 0.248926 0.17346 0.213281 0.0296611 0.118207 0.047909 0.0259598 0.00270422 0.00872027 2.34252e-10 0.0813115 0.0830516 0.200231 0.223917 0.15759 0.0531652 0.11659 0.0698201 0.00408971 0.0475405 2.13534e-09 0.0110847
436.854 1.8669 202.08 159.398 1.00821 1.04609 0.1 0.5 0.7 0.9 1.4 1.7 2.1 2.7 3.4 4.3 4.4 4.8 0.0341947 0.134824 0.0741923 0.191973 0.268759 0.0434731 0.142624 0.0735826 0.0356903 0.00889655 1.1719e-11 2.69619e-11 0.0595047 0.156286 1.80511e-12 0.241084 0.196821 0.099373 0.128465 0.081687 0.0527135 0.0129567 0.017202 5.20706e-12
435.667 1.86183 201.375 158.693 1.00833 1.02438 0.3 0.7 0.9 1.1 1.5 1.6 2.2 2.6 3.2 3.7 4.3 4.4 0.099196 0.221059 1.09909e-07 0.219099 0.0298737 0.210704 0.113419 0.0550113 0.0436785 0.00733873 0.00894977 1.21068e-10 0.159376 0.0352557 0.265879 0.0521838 5.426e-06 0.263303 0.104422 0.05992 0.050394 0.0113515 0.0222916 2.42852e-08
438.819 1.87529 203.242 160.56 1.00823 1.01533 0.3 0.4 0.8 1.2 1.5 1.7 2.2 2.8 3.3 3.9 4.4 4.8 0.0834432 0.040317 0.286436 0.0980052 0.227835 0.0316663 0.143266 0.0523454 0.0308861 0.00904045 0.00498829 3.3658e-10 0.156106 2.02255e-12 0.228698 0.193705 0.0178284 0.181782 0.114184 0.0595917 0.0355639 0.0102199 0.0176531 2.84856e-10
436.156 1.86392 201.666 158.984 1.00826 1.003 0.2 0.5 0.7 1.1 1.4 1.8 2.2 2.7 3.2 3.6 4.3 4.4 0.0565419 0.0481982 0.237089 0.132336 0.215294 0.101844 0.107329 0.0584635 0.0281974 0.0154943 0.00747628 1.53949e-11 0.0854159 0.0807861 0.151521 0.202685 0.119802 0.155065 0.087058 0.055448 0.0393259 0.00760911 0.0182827 7.4607e-14
433.906 1.8543 200.326 157.644 1.00842 1.03889 0.2 0.5 0.7 1.2 1.4 1.9 2.2 2.7 3.3 3.9 4.4 5.8 0.0607214 0.021153 0.282918 0.128136 0.210503 0.107527 0.0831125 0.0662454 0.0337767 0.00865185 0.005679 7.50133e-12 0.0907824 0.0448031 0.214968 0.209779 0.099129 0.175952 0.0428009 0.0748239 0.0436842 0.00605294 0.0235345 0.0125797
434.931 1.85868 200.937 158.255 1.00831 1.03651 0.1 0.4 0.8 1.2 1.6 1.7 2.2 2.7 3.3 3.8 4.3 5.2 0.0172497 0.125563 0.242787 0.179482 0.198955 0.0147076 0.12126 0.0586244 0.036373 0.00481579 0.00849607 6.21725e-14 0.0569861 0.106173 0.209407 0.20698 0.149283 0.036376 0.120056 0.0808831 0.0176305 0.0339556 0.0106975 0.00807741
433.841 1.85402 200.287 157.605 1.00852 1.0356 0.2 0.5 0.7 1.1 1.4 1.8 2.2 2.7 3.2 3.7 4.4 5.9 0.0570846 0.0452744 0.241337 0.127556 0.220079 0.0983502 0.109416 0.0568889 0.0313766 0.0144311 0.00672839 3.14193e-14 0.0856908 0.0801992 0.152917 0.20178 0.121158 0.157275 0.0888462 0.0550271 0.0481384 0.00811048 0.0233268 0.0131323
434.459 1.85666 200.656 157.974 1.00847 0.998753 0.2 0.3 0.7 1 1.3 1.4 2 2.6 3.3 3.8 4.3 4.4 0.0233404 0.0637427 0.245752 0.103375 0.00791352 0.270512 0.155879 0.0859002 0.0396635 0.0034202 0.00897133 3.03279e-11 0.0956303 0.0227715 0.192898 0.137864 6.67271e-09 0.254326 0.144467 0.102685 0.0191466 0.0247059 0.00425958 6.27356e-09
432.907 1.85003 199.729 157.047 1.00834 1.0389 0.2 0.3 0.7 1.1 1.4 2 2.1 2.7 3.3 3.9 4.4 5 0.0528148 0.017877 0.295527 0.0682778 0.290163 0.0534655 0.112489 0.070217 0.0334248 0.00799814 0.00609031 7.90683e-11 0.0801955 0.0433597 0.201472 0.158749 0.219541 0.0954803 0.0759662 0.0946162 0.0182038 0.04204 3.90327e-10 0.00927532
435.081 1.85932 201.027 158.345 1.00846 1.01602 0.2 0.5 0.7 1.2 1.6 1.9 2.3 2.9 3.5 4.3 4.4 5 0.0561774 0.0484125 0.242116 0.241832 0.157955 0.0624185 0.111763 0.0535026 0.0262702 0.00230096 0.00571576 1.95732e-13 0.0900878 0.0502822 0.204713 0.253271 0.0925462 0.131283 0.0797065 0.0669333 0.0266692 0.0181128 0.00241832 4.76674e-13
435.081 1.85932 201.027 158.345 1.00846 1.01602 0.2 0.5 0.7 1.2 1.6 1.9 2.3 2.9 3.5 4.3 4.4 5.1 0.0561774 0.0484125 0.242116 0.241832 0.157955 0.0624186 0.111763 0.0535026 0.0262702 0.00230096 0.0057158 9.27036e-15 0.0900877 0.0502822 0.204713 0.253271 0.0925462 0.131283 0.0797065 0.0669334 0.0266693 0.0181127 0.00241841 2.0095e-14
432.294 1.84741 199.362 156.68 1.0085 1.04734 0.1 0.5 0.7 0.9 1.3 1.8 2.2 2.8 3.5 3.9 4.4 5 0.0416707 0.0581636 0.265321 1.09404e-07 0.309925 0.115852 0.112617 0.0677821 0.0291937 1.0145e-10 0.00797238 2.4678e-12 0.0665401 0.141263 0.039072 0.148091 0.273533 0.105291 0.122964 0.0852363 0.0113881 0.0434844 1.05878e-09 0.0104774
437.626 1.8702 202.537 159.855 1.0083 0.993574 0.2 0.5 0.7 1 1.4 1.5 2 2.4 3 3.5 4.3 4.6 0.0471233 0.114254 0.109283 0.223319 1.06784e-09 0.250684 0.0952172 0.0928312 0.0455098 0.0216825 0.00839879 5.05753e-11 0.0811902 0.116101 0.0685116 0.23438 8.6466e-10 0.211746 0.132172 0.061238 0.0581255 0.0132951 0.0168145 3.52989e-11
435.669 1.86183 201.376 158.694 1.00839 1.01527 0.2 0.5 0.7 1.2 1.4 1.8 2.2 2.8 3.4 4.1 4.4 4.4 0.0606948 0.0215106 0.281848 0.13738 0.190672 0.0930227 0.120819 0.0621871 0.0299774 0.0047296 0.00555349 2.75169e-13 0.0898876 0.0506727 0.20497 0.239944 0.0489019 0.161374 0.093521 0.0704887 0.0326575 0.0107862 0.0120648 9.32587e-15
433.906 1.8543 200.326 157.644 1.00842 1.03889 0.2 0.5 0.7 1.2 1.4 1.9 2.2 2.7 3.3 3.9 4.4 5.8 0.0607212 0.0211541 0.282917 0.128138 0.210501 0.107528 0.0831115 0.0662458 0.0337767 0.00865151 0.00567927 6.71235e-12 0.0907825 0.0448026 0.214968 0.209778 0.0991299 0.175951 0.0428016 0.0748244 0.0436842 0.00605409 0.0235342 0.0125791
437.782 1.87086 202.629 159.947 1.00805 0.998437 0.3 0.7 0.8 0.9 1.4 1.5 2 2.6 3.2 3.5 4.2 4.3 0.10165 0.174486 0.0003205 0.154551 0.285083 4.49831e-10 0.154369 0.0857297 0.0248377 0.0187034 0.00831922 3.64309e-10 0.157428 2.13205e-09 0.145831 0.145432 0.200657 0.0471365 0.166304 0.0686852 0.0477212 4.71968e-09 0.019242 3.10145e-10
