Chi2   rChi2   BIC   AIC    Qichtot    Qimtot  R[0]  R[1]  R[2]  R[3]  R[4]  R[5]  R[6]  R[7]  R[8]  R[9]  R[10]  R[11]  Q0ch    Q1ch    Q2ch    Q3ch    Q4ch    Q5ch    Q6ch    Q7ch    Q8ch    Q9ch    Q10ch    Q11ch    Q0m    Q1m    Q2m    Q3m    Q4m    Q5m    Q6m    Q7m    Q8m    Q9m    Q10m    Q11m
437.349 1.86901 202.373 159.691 1.00841 1.01948 0.3 0.7 0.9 1.4 1.5 2 2.1 2.7 3.3 4 4.4 5 0.102395 0.165898 0.171567 0.187379 0.11367 1.39053e-09 0.15114 0.0679772 0.0355237 0.00716888 0.00568677 5.93531e-12 0.156156 0.0600391 0.246309 0.127271 0.120469 0.0988767 0.0684351 0.0743729 0.0408163 0.014949 0.0117885 1.43182e-11
436.234 1.86425 201.712 159.03 1.0084 1.06593 0.0001 0.4 0.8 0.9 1.5 1.9 2.3 2.9 3.4 3.7 4.4 6 0.00915249 0.153872 0.009442 0.305424 0.272129 0.0508083 0.123112 0.0461221 0.0257077 0.00415738 0.00847485 1.66533e-16 0.0355851 0.148866 0.00182757 0.296105 0.235069 0.0974916 0.0990269 0.0614783 0.0426182 0.00145651 0.0332761 0.0131253
507.973 2.17083 241.144 198.463 1.01361 0.980951 0.0001 0.4 0.8 1 1.4 1.7 2.1 2.7 3.2 3.4 2.8 5.2 0.0494405 0.132887 9.49707e-08 0.302622 0.145319 0.181501 0.0738378 0.0346384 0.0531248 0.0192051 0.010529 0.0105072 0.0415155 0.126872 0.184145 0.119563 0.167425 0.111445 0.13478 1.28428e-07 0.0270888 0.0066131 0.0615045 5.94438e-10
511.823 2.18728 243.1 200.418 1.01373 0.990395 0.1 0.5 0.9 1.3 1.7 2.1 2.2 3 3.5 3.4 4.5 5.2 0.0771062 0.111758 0.186607 0.266981 0.152616 0.0984651 0.00275414 0.0793949 0.0245734 0.00351711 1.01974e-13 0.00995806 0.0564679 0.170872 0.201679 0.183868 0.159538 1.01096e-11 0.131927 0.0694182 1.59498e-09 0.0127861 0.00383887 3.7876e-10
435.072 1.85928 201.021 158.339 1.00834 1.02336 0.3 0.7 0.9 1.4 1.5 2 2.4 2.9 3.4 4.2 4.4 5.9 0.102326 0.167411 0.168109 0.217912 0.0740401 0.119179 0.0767764 0.0444468 0.0275339 0.00944034 0.00117057 2.49023e-13 0.156468 0.0595591 0.246557 0.125812 0.118574 0.147979 0.0482713 0.0580979 0.0273852 1.34084e-08 0.0209743 0.0136835
501.313 2.14236 237.726 195.044 1.01364 1.00307 0.2 0.5 0.7 1.1 1.5 1.9 2.1 2.7 3.3 3.2 4.6 5.2 0.111513 0.0333068 0.106866 0.279806 0.17972 0.165513 8.419e-08 0.0602761 0.0638385 0.00249097 1.83958e-12 0.0103129 0.0870317 0.0757655 0.157518 0.209268 0.169561 0.0843411 0.0993248 0.0633276 0.0276884 0.022032 0.00721474 1.81938e-09
508.988 2.17516 241.662 198.98 1.01339 0.985798 0.2 0.3 0.7 0.9 1.3 1.6 2 2.4 3.1 3.5 4.6 5.2 0.0635171 0.087049 5.42605e-09 0.262385 0.171461 0.190433 0.0936157 0.0395709 0.0784067 0.016759 7.9125e-12 0.0101908 0.064587 0.0545188 0.203975 0.0799888 0.216801 0.093759 0.13808 0.0615845 0.0692672 1.5259e-09 0.00323671 5.71298e-10
506.751 2.1656 240.521 197.839 1.01366 1.00325 0.2 0.5 0.7 1 1.4 1.5 2 2.6 3.1 3.5 4.6 5.2 0.108652 0.0616647 0.0304043 0.280754 2.53229e-09 0.272314 0.12928 0.0308551 0.0686383 0.0208876 9.71112e-13 0.010206 0.0903702 0.0590824 0.170869 0.129536 0.243775 1.16013e-09 0.182523 0.0540554 0.0541184 0.0124558 0.00646246 3.20905e-09
432.925 1.85011 199.74 157.058 1.00829 1.04211 0.0001 0.4 0.8 1.3 1.7 2.1 2.4 2.8 3.3 3.9 4.3 5 0.0165558 0.122531 0.261854 0.236867 0.14332 0.070715 0.0702384 0.0382778 0.0350352 0.00466018 0.00823194 4.04965e-12 0.0476003 0.119756 0.214995 0.284862 0.0676118 0.137056 0.0265291 0.0778599 0.0109513 0.0450905 6.41709e-14 0.0097981
435.689 1.86192 201.388 158.706 1.00806 1.00208 0.2 0.3 0.7 0.9 1.4 1.5 2.1 2.7 3.3 3.6 4.2 4.4 4.89183e-07 0.102287 0.166498 0.170607 0.190322 0.111235 0.151185 0.0689105 0.0314836 0.00630866 0.0092245 3.91043e-09 0.0726911 0.0608812 0.109525 0.199818 0.200474 0.0822602 0.145532 0.0872111 1.39282e-10 0.0317133 0.0119704 2.33425e-10
434.675 1.85759 200.785 158.103 1.00859 1.00371 0.0001 0.4 0.7 1.2 1.4 1.9 2.5 2.9 3.3 3.7 4.3 4.4 0.0272466 0.0689768 0.255634 0.184052 0.148129 0.165707 0.0940525 0.0155638 0.0348371 0.00544681 0.00513088 0.00381304 0.0594012 0.0671892 0.214779 0.217497 0.11425 0.156802 0.102375 0.0287888 0.00410609 0.0312693 0.00724748 1.29341e-14
433.467 1.85242 200.064 157.382 1.00828 1.04591 0.2 0.4 0.8 1.1 1.4 1.7 2.2 2.8 3.3 3.9 4.4 5 0.034096 0.0957934 0.278973 0.0337686 0.244421 0.0843627 0.138269 0.0543015 0.0296171 0.00891652 0.00576345 3.15307e-11 0.0792077 0.0888342 0.179036 0.154288 0.158733 0.0998661 0.139478 0.0776493 0.0124897 0.045784 1.03802e-09 0.0105404
435.032 1.85911 200.997 158.315 1.00835 1.02284 0.2 0.4 0.8 1.2 1.6 2 2.3 2.9 3.4 4.2 4.4 5.9 0.0280905 0.110789 0.25026 0.17189 0.214749 0.0284196 0.119008 0.0472562 0.0272581 0.00959021 0.00104091 1.61166e-12 0.0653041 0.101142 0.217512 0.185357 0.161786 0.100914 0.0682647 0.0617035 0.0260507 4.27341e-12 0.0208515 0.0139554
436.226 1.86421 201.707 159.025 1.00829 1.02357 0.2 0.5 0.7 1.1 1.4 1.9 2.1 2.6 3.2 3.8 4.4 5.2 0.0588645 0.0339494 0.259357 0.102729 0.255479 0.0759697 0.0917818 0.0733235 0.0394566 0.0116854 0.00569063 3.88578e-16 0.0872514 0.0696481 0.169905 0.175745 0.162952 0.159466 0.0387111 0.0772037 0.0494105 0.0137601 0.0195203 3.21965e-14
439.324 1.87745 203.54 160.858 1.00815 1.05172 0.3 0.4 0.8 1.2 1.6 1.7 2.2 2.6 3.2 4 4.6 4.7 0.0682046 0.0656941 0.25688 0.171308 0.198871 0.0211442 0.110519 0.0556541 0.0453437 0.0116371 0.00289024 2.5396e-11 0.15589 0.00111395 0.226666 0.202327 5.51793e-11 0.202314 0.0972361 0.0587922 0.0633564 0.027696 0.0163253 3.62004e-11
436.858 1.86692 202.082 159.4 1.00825 1.00063 0.3 0.7 0.9 1 1.4 1.6 2 2.5 3.1 3.6 4.3 4.4 0.101771 0.175202 0.141768 0.0193 0.256978 0.032603 0.131261 0.0843306 0.0408611 0.0168025 0.00736729 3.47043e-09 0.155617 0.0729013 0.188624 0.0525873 0.160165 0.0837743 0.139125 0.0676433 0.0534448 0.00892063 0.017822 8.02718e-10
436.519 1.86547 201.881 159.199 1.0081 0.99363 0.3 0.2 0.7 1 1.3 1.8 2.1 2.6 3.2 3.5 4.2 4.3 0.0285928 0.0453146 0.292467 0.0051115 0.300556 0.112889 0.0899814 0.0795405 0.0289745 0.0157139 0.00895854 1.50004e-11 0.0832604 0.0445277 0.196327 0.0990104 0.213203 0.145979 0.0796757 0.0683373 0.0450773 0.000406087 0.017825 1.49625e-12
434.931 1.85868 200.937 158.255 1.00831 1.03651 0.1 0.4 0.8 1.2 1.6 1.7 2.2 2.7 3.3 3.8 4.3 5.2 0.0172497 0.125563 0.242787 0.179482 0.198955 0.0147078 0.12126 0.0586244 0.036373 0.0048158 0.00849607 6.29496e-14 0.0569861 0.106173 0.209407 0.20698 0.149283 0.0363763 0.120056 0.0808832 0.0176305 0.0339556 0.0106976 0.00807746
435.217 1.8599 201.107 158.425 1.00841 1.02599 0.2 0.5 0.8 1.3 1.7 2 2.4 2.9 3.4 3.8 4.4 5 0.0494029 0.110548 0.234228 0.252208 0.116869 0.0766321 0.0884689 0.0408361 0.0274167 0.00445426 0.00734968 5.77316e-15 0.0861912 0.0947097 0.214745 0.248193 0.0746357 0.13782 0.04974 0.0644284 0.0229533 0.0125175 0.0200589 1.25455e-14
435.469 1.86098 201.257 158.575 1.00861 0.990963 0.1 0.4 0.8 1.1 1.6 2.2 2.5 3 3.2 3.8 4.4 4.9 0.0133237 0.139068 0.196655 0.189167 0.248195 0.0899169 0.0658992 0.0111749 0.0383624 0.0100435 0.00680557 1.74583e-12 0.0528424 0.120177 0.159254 0.211966 0.222995 0.0852751 0.0750417 0.0336504 6.68721e-12 0.0292072 0.000555156 3.02648e-10
434.128 1.85525 200.459 157.777 1.00833 1.03553 0.1 0.5 0.7 1.2 1.4 1.8 2.3 2.8 3.4 3.9 4.3 5 0.038628 0.0823539 0.225815 0.206463 0.112752 0.14629 0.102017 0.0516583 0.0328145 0.000236434 0.00929831 6.89898e-12 0.0681498 0.114169 0.133856 0.309665 0.0185177 0.153857 0.104954 0.0689202 0.0132797 0.0407457 4.64515e-09 0.00941836
440.673 1.88322 204.334 161.652 1.00844 0.988213 0.1 0.5 0.8 1.3 1.8 2.2 2.5 3 3.5 4.3 4.4 5.1 0.033815 0.139763 0.213127 0.274248 0.150326 0.0593512 0.0673046 0.0380423 0.0248178 0.00272265 0.00492639 6.26166e-14 0.0603164 0.138154 0.190281 0.258404 0.133775 0.107106 0.0124122 0.0634492 0.00859117 0.0157252 4.00546e-12 2.37643e-13
431.804 1.84532 199.068 156.386 1.00852 1.0098 0.0001 0.3 0.7 1.2 1.4 2 2.4 2.8 3.4 3.8 4.3 5 0.0210161 0.0523526 0.295708 0.106246 0.238979 0.14822 0.0494517 0.0551972 0.030413 0.00153089 0.00940897 3.34893e-11 0.0379016 0.0825418 0.220711 0.202328 0.149657 0.158415 0.0428044 0.0749741 2.40185e-11 0.0376773 7.4037e-06 0.00278225
436.669 1.86611 201.97 159.288 1.00821 1.00823 0.2 0.5 0.7 1.1 1.5 1.8 2.2 2.7 3.2 3.7 4.3 4.4 0.053618 0.0675033 0.204443 0.192544 0.207104 0.056744 0.119967 0.0528072 0.0342167 0.012346 0.00691343 5.1934e-12 0.0836088 0.0924736 0.132101 0.237616 0.114145 0.131112 0.0937963 0.0547009 0.0418113 0.00873092 0.0181293 4.2239e-12
508.184 2.17173 241.252 198.57 1.01405 1.09207 0.0001 0.3 0.9 1.3 1.5 1.9 2.3 2.8 3.4 3.9 5.1 5.2 0.0237449 0.1315 0.246283 0.19175 0.110417 0.172696 0.00604447 0.0678626 0.0542535 2.68729e-13 5.55363e-10 0.00950097 0.00931051 0.155654 0.316304 0.0101732 0.255273 0.0497805 0.131764 0.0645848 0.034316 0.0359665 0.0289401 3.52037e-09
435.941 1.863 201.538 158.856 1.00837 1.0243 0.2 0.5 0.9 1.4 1.6 1.9 2.2 2.8 3.3 3.8 4.4 4.8 0.0441475 0.145543 0.271068 0.164675 0.143736 2.02473e-09 0.14069 0.0542186 0.0285269 0.00937997 0.00637927 5.23031e-11 0.0805396 0.129765 0.241888 0.225623 0.00894028 0.11804 0.0873834 0.0673309 0.0315135 0.0142065 0.0190746 5.53272e-11
432.623 1.84882 199.559 156.877 1.00835 1.04065 0.1 0.5 0.9 1.2 1.5 2 2.2 2.8 3.4 3.9 4.3 5 0.0306145 0.168764 0.246399 0.0492605 0.257854 0.0336689 0.120256 0.0611101 0.0297572 0.00145862 0.00921112 2.31904e-11 0.064622 0.159452 0.168876 0.159158 0.171205 0.0674585 0.10413 0.0831597 0.0101159 0.0432066 1.19846e-10 0.00926843
436.442 1.86514 201.835 159.153 1.00833 0.996191 0.2 0.5 0.8 1.1 1.4 1.7 2.1 2.6 3.1 3.5 4.3 4.4 0.0489883 0.11392 0.217647 0.0819539 0.21986 0.0770498 0.12107 0.0693565 0.0282674 0.0220777 0.0081345 5.91321e-10 0.0811785 0.120218 0.143284 0.168959 0.10971 0.130148 0.116964 0.0529239 0.0449607 0.0105222 0.0173217 8.32823e-11
433.813 1.8539 200.27 157.588 1.00836 1.02753 0.0001 0.6 0.7 1.2 1.3 1.8 2.1 2.6 3.3 3.8 4.3 5.2 0.0377789 0.189058 0.113403 0.1387 0.181323 0.13448 0.0764787 0.0854368 0.0390301 0.00395185 0.00871569 4.94826e-12 0.0690394 0.201498 0.0527109 0.239373 0.0855508 0.136755 0.0661089 0.108325 0.0221603 0.0297964 0.0100085 0.00620424
508.615 2.17357 241.472 198.79 1.01364 0.983077 0.1 0.3 0.8 1.1 1.6 2 2.2 2.9 3.3 3.4 3.6 5.2 0.0321074 0.11868 0.125463 0.2621 0.252759 0.0510023 0.0534751 0.0552089 0.0392348 0.0131023 1.48398e-12 0.0105052 0.0123638 0.137099 0.227947 0.152559 0.226764 0.0367241 0.102957 0.0645722 0.0195892 1.29166e-07 0.00250172 1.26997e-10
507.652 2.16945 240.981 198.299 1.01356 1.00339 0.2 0.5 0.9 1.2 1.6 2.1 2.2 3 3.4 4.3 4.4 5.2 0.109088 0.0632159 0.199945 0.18044 0.24004 0.0770973 0.0288822 0.0709819 0.0330806 9.84213e-14 4.89053e-14 0.0107928 0.0802012 0.133864 0.218293 0.11159 0.219095 0.00883525 0.138246 0.0695802 0.0169508 0.00278374 0.00392868 2.36474e-05
507.121 2.16718 240.71 198.028 1.0136 1.02457 0.2 0.5 0.9 1.3 1.7 2.1 2.3 3 3.4 4.2 4.6 5.2 0.109812 0.0595722 0.222771 0.235149 0.182859 0.0616749 0.0281401 0.0687367 0.0340222 2.03171e-14 4.31477e-12 0.0108588 0.08011 0.134141 0.226048 0.166932 0.173235 0.0503134 0.0877321 0.0670498 0.0235753 0.00860742 0.0046523 0.00217565
507.121 2.16718 240.71 198.028 1.0136 1.02458 0.2 0.5 0.9 1.3 1.7 2.1 2.3 3 3.4 4.2 4.6 5.2 0.109812 0.0595722 0.222771 0.235149 0.182859 0.0616753 0.0281398 0.0687364 0.0340225 9.76996e-15 3.98304e-12 0.0108589 0.08011 0.134141 0.226049 0.166932 0.173236 0.050312 0.0877348 0.0670507 0.0235766 0.00860902 0.00465238 0.00217664
502.377 2.14691 238.275 195.593 1.01368 1.00879 0.2 0.5 0.9 1.2 1.6 1.8 2.2 2.8 3.3 3.4 4.6 5.2 0.106799 0.0723734 0.170629 0.233425 0.125433 0.131447 0.049203 0.0533543 0.0506731 0.0100208 2.20879e-13 0.0103267 0.0784427 0.141411 0.195045 0.151623 0.141791 0.0795196 0.112159 0.0561229 0.0448239 2.56261e-11 0.0078504 1.71443e-09
433.507 1.85259 200.088 157.406 1.00872 0.998151 0.3 2.77556e-17 0.7 1 1.3 1.7 2 2.5 3 3.5 3.9 4.4 0.0547769 0.0197795 0.294499 5.19775e-06 0.300391 0.0644945 0.12687 0.0775414 0.0378821 0.0229803 0.00138615 0.00811339 0.0884446 0.0366463 0.188006 0.108135 0.217589 0.105794 0.0843994 0.107425 0.0251158 0.0134895 0.0231056 4.21876e-11
434.949 1.85876 200.948 158.266 1.00878 0.990613 0.0001 0.5 0.8 1.1 1.4 1.7 2.1 2.6 3.2 3.8 4.5 5.8 0.0297783 0.150372 0.188004 0.100451 0.212121 0.0785044 0.120672 0.0711464 0.0394851 0.0122804 0.00596909 1.40998e-14 0.060999 0.148231 0.120923 0.174917 0.14826 0.0981915 0.101179 0.0936351 0.0168928 0.0273838 7.19425e-14 9.14269e-14
435.31 1.8603 201.162 158.481 1.00822 1.07441 0.1 0.5 0.9 1.3 1.7 1.9 2.4 3 3.5 3.9 4.3 5 0.0290251 0.176603 0.223265 0.197288 0.144177 0.0532886 0.113133 0.0388276 0.0238048 1.45828e-13 0.00881317 3.27007e-11 0.0646983 0.158976 0.181353 0.257368 0.0426457 0.115278 0.11943 0.0626776 1.93063e-09 0.0562427 1.64331e-09 0.0157454
437.223 1.86847 202.298 159.616 1.00812 0.988884 0.2 0.5 0.8 1.3 1.4 1.5 2 2.6 3.1 3.4 4.2 4.3 0.049907 0.10784 0.240583 0.208386 1.15454e-06 0.110614 0.153295 0.0851711 0.0123799 0.0309764 0.00897199 4.67615e-10 0.0869325 0.0902606 0.222567 0.208826 7.58064e-07 0.0813434 0.174538 0.0585222 0.0413112 0.00834254 0.0162407 6.12855e-11
433.776 1.85374 200.248 157.566 1.00847 1.03222 0.2 0.5 0.8 1.3 1.8 1.9 2.4 3 3.5 4.3 4.4 5.9 0.0489049 0.113041 0.229542 0.265052 0.155401 0.0142811 0.109036 0.0412173 0.023217 0.00740453 0.0013723 2.88658e-15 0.0855702 0.0977284 0.209713 0.259599 0.0301834 0.156787 0.074673 0.0615749 0.0196108 1.68172e-09 0.0231576 0.0136268
435.841 1.86257 201.478 158.796 1.00833 1.02132 0.2 0.5 0.7 1.2 1.4 1.9 2.1 2.7 3.3 3.9 4.4 5.2 0.0626861 0.0096376 0.299246 0.0963861 0.248671 0.0444534 0.129539 0.0701111 0.0338535 0.00793797 0.0058078 1.54876e-14 0.0917172 0.0399067 0.221208 0.197215 0.114318 0.146401 0.0630472 0.0790012 0.0392869 0.0118394 0.0173831 3.72147e-13
432.171 1.84688 199.288 156.606 1.00844 1.02432 0.1 0.6 1.1 1.3 1.6 2.1 2.4 2.8 3.3 3.8 4.3 5 0.0393872 0.255544 0.241695 0.0297114 0.202403 0.0896165 0.0617151 0.040853 0.0333833 0.00522927 0.00889739 3.70204e-13 0.0741247 0.22683 0.167415 0.163514 0.0939441 0.154316 0.0108694 0.0854084 8.80806e-10 0.0411958 0.00208873 0.00461011
440.013 1.8804 203.946 161.264 1.00801 1.00221 0.3 0.4 0.8 1.2 1.6 1.7 2.2 2.7 3.2 3.6 4.2 4.4 0.0690823 0.064222 0.25825 0.168594 0.217691 1.03143e-10 0.123765 0.0546807 0.0301398 0.0136286 0.00795354 5.78359e-09 0.155946 7.70309e-10 0.228629 0.195306 0.0315112 0.165864 0.109487 0.0492555 0.0434904 0.00318069 0.0195386 6.02691e-10
502.697 2.14828 238.44 195.758 1.01337 1.00127 0.0001 0.3 0.7 1 1.5 1.6 2.1 2.6 3.2 3.5 4.6 5.2 0.013324 0.153538 1.03026e-10 0.34945 0.0028619 0.285846 0.075599 0.042042 0.0726326 0.00771504 1.22125e-15 0.0103623 0.000848504 0.152881 0.113293 0.245929 0.0865254 0.150365 0.129586 0.0537311 0.0605813 4.39029e-11 0.0075269 8.10806e-10
433.737 1.85358 200.225 157.543 1.00819 1.06031 0.1 0.4 0.7 1.2 1.6 2 2.4 2.9 3.5 3.9 4.3 5 0.0299349 0.0688969 0.246754 0.244705 0.158959 0.0941426 0.0830514 0.0465258 0.0270996 7.43476e-11 0.00811698 9.50351e-13 0.0609353 0.0790794 0.187995 0.286125 0.10987 0.11261 0.0869244 0.066298 0.00622486 0.0504381 9.48575e-10 0.0138067
502.697 2.14828 238.44 195.758 1.01337 1.00127 0.0001 0.3 0.7 1 1.5 1.6 2.1 2.6 3.2 3.5 4.6 5.2 0.013324 0.153538 1.03027e-10 0.34945 0.0028619 0.285846 0.075599 0.042042 0.0726326 0.00771504 1.22125e-15 0.0103623 0.000848504 0.152881 0.113293 0.245929 0.0865254 0.150365 0.129586 0.0537311 0.0605813 4.39033e-11 0.0075269 8.10804e-10
434.887 1.85849 200.911 158.229 1.00837 1.09445 0.2 0.6 0.8 1.3 1.8 1.9 2.4 3 3.5 4.4 4.5 6 0.0582275 0.161049 0.160428 0.2856 0.112255 0.0523118 0.1035 0.044272 0.021818 0.00890755 3.99365e-10 2.05944e-11 0.0977526 0.110146 0.191557 0.241272 0.137354 0.0583981 0.0952587 0.0621876 0.0424289 0.00526309 0.0359003 0.0169334
435.376 1.86058 201.202 158.52 1.00863 1.04845 0.1 0.5 0.7 1.3 1.8 2 2.2 2.8 3.4 3.8 4.4 5 0.0415537 0.0590666 0.264227 0.31032 0.115316 2.08952e-08 0.113349 0.0652431 0.0255361 0.00600171 0.00801845 8.1829e-13 0.0752053 0.0617893 0.21694 0.343508 4.36989e-12 0.13436 0.0640359 0.0943941 2.33147e-14 0.0475945 0.00361505 0.00701107
436.736 1.86639 202.01 159.328 1.00844 0.994507 0.2 0.5 0.7 0.9 1.3 1.6 2 2.5 3.1 3.5 4.2 4.4 0.0478237 0.11298 0.08641 0.17378 0.191754 0.129569 0.112134 0.0908716 0.0345118 0.0197407 0.0045412 0.00432194 0.0793427 0.134023 1.71071e-08 0.225502 0.156523 0.120225 0.135811 0.0678105 0.0519847 0.00533267 0.0179529 1.42028e-11
505.046 2.15832 239.648 196.966 1.01368 1.05838 0.1 0.3 0.9 1.3 1.6 2 2.3 2.9 3.4 3.7 5.2 5.1 0.0309705 0.122295 0.254063 0.18703 0.171875 0.109198 0.0173605 0.0650818 0.0460554 4.97824e-13 0.00975332 4.21523e-10 0.00963473 0.156344 0.306629 0.0837812 0.225485 6.46061e-12 0.148746 0.0616629 2.04958e-08 0.0445404 0.00300681 0.0185526
431.891 1.84569 199.121 156.439 1.0084 1.03566 0.1 0.4 0.7 1.2 1.4 2 2.5 2.8 3.4 3.9 4.3 5 0.0360033 0.0472185 0.281334 0.12168 0.224811 0.159106 0.0505845 0.0452925 0.0325611 0.000136783 0.00967261 8.33897e-10 0.0634719 0.0694849 0.204056 0.215943 0.139127 0.167592 0.0489439 0.0651588 0.0127177 0.0406038 9.79527e-10 0.00856407
436.488 1.86533 201.862 159.18 1.00838 1.00154 0.2 0.4 0.8 1.3 1.4 1.9 2.2 2.8 3.4 4.3 4.9 5.1 0.0363349 0.0899205 0.294408 8.1539e-10 0.299233 0.0724323 0.112999 0.0629368 0.0305214 0.00959925 5.03181e-12 4.07596e-12 0.0704972 0.0873523 0.248466 0.15925 0.105584 0.140711 0.0726995 0.0693493 0.0296435 0.0179916 5.39779e-12 4.86555e-12
435.027 1.85909 200.994 158.313 1.00839 1.0248 0.2 0.5 0.7 1.2 1.5 1.9 2.2 2.8 3.4 3.8 4.4 5 0.0594184 0.0295423 0.269061 0.19085 0.180687 0.0598729 0.11617 0.0629985 0.0274562 0.00539735 0.00693074 1.72085e-15 0.0911915 0.0440514 0.214212 0.230877 0.0967397 0.138696 0.0730205 0.0747549 0.0321542 0.00795915 0.0211472 4.60743e-15
436.306 1.86456 201.755 159.073 1.00841 0.997782 0.2 0.5 0.8 1.2 1.4 1.8 2 2.5 3.1 3.5 4.2 4.3 0.0490814 0.112376 0.228381 0.102985 0.195586 0.0744904 0.0904646 0.0920744 0.0343632 0.0198265 4.90633e-08 0.0087773 0.0832012 0.108197 0.183245 0.172837 0.0984736 0.112342 0.0887856 0.0751489 0.0495123 0.00777696 0.0182617 9.89642e-12
433.376 1.85204 200.01 157.328 1.00838 1.04939 0.1 0.6 1.1 1.3 1.7 2.1 2.4 2.9 3.4 3.9 4.3 5 0.039024 0.258219 0.210607 0.104359 0.181688 0.0467822 0.0882886 0.0397245 0.0292898 0.000536023 0.00986318 6.01143e-11 0.0741035 0.22711 0.162772 0.182709 0.103107 0.103754 0.0638298 0.0691118 0.00377277 0.0481229 2.79776e-13 0.0109925
435.196 1.85981 201.095 158.413 1.00841 1.03266 0.1 0.5 0.9 1.4 1.8 2.1 2.4 2.9 3.5 4.4 3.6 5.3 0.0303067 0.169841 0.247966 0.244472 0.0961834 0.0616099 0.0749067 0.0474914 0.0281605 0.00747018 2.3194e-11 1.97334e-11 0.0570643 0.166221 0.221132 0.243687 0.0536533 0.14622 0.0116092 0.0789027 0.00653082 0.0236938 0.0239447 1.97789e-10
438.146 1.87242 202.845 160.163 1.0083 0.99593 0.2 0.5 0.7 1.1 1.4 1.3 2 2.6 3.1 3.5 4.3 4.4 0.0573405 0.0420664 0.248583 0.110302 0.25352 2.03769e-07 0.160814 0.0801276 0.0235267 0.0243385 0.00767734 3.84198e-10 0.0929239 0.035678 0.219842 0.119924 0.218836 1.30322e-09 0.180248 0.0556644 0.0462251 0.00926825 0.0173202 1.43469e-12
436.192 1.86407 201.687 159.005 1.00828 1.00383 0.2 0.4 0.7 1.1 1.5 1.8 2.2 2.8 3.3 3.6 4.3 4.4 0.0464218 0.0506079 0.236262 0.178268 0.222565 0.0414715 0.132588 0.0582896 0.0204701 0.0137017 0.00763862 4.30644e-10 0.0731959 0.070871 0.173561 0.220515 0.130962 0.115133 0.106111 0.0599484 0.0294392 0.00587391 0.0182188 5.4814e-11
432.034 1.8463 199.206 156.524 1.00836 1.03769 0.1 0.5 0.7 1.2 1.4 1.9 2.3 2.8 3.4 3.9 4.3 5 0.0404831 0.0682698 0.247693 0.154412 0.186081 0.130684 0.0823043 0.0575598 0.0303677 0.00126487 0.00924429 6.25888e-13 0.0702525 0.0989962 0.156985 0.257376 0.0922923 0.141019 0.0819639 0.0772033 0.0112131 0.0417279 1.38991e-10 0.00866238
435.081 1.85932 201.027 158.345 1.00846 1.01602 0.2 0.5 0.7 1.2 1.6 1.9 2.3 2.9 3.5 4.3 4.4 5.2 0.0561774 0.0484125 0.242116 0.241832 0.157955 0.0624185 0.111763 0.0535026 0.0262702 0.00230117 0.00571559 5.38458e-15 0.0900877 0.0502822 0.204713 0.253271 0.0925462 0.131283 0.0797065 0.0669334 0.0266692 0.0181126 0.00241854 1.02696e-14
435.793 1.86236 201.45 158.768 1.00826 1.00579 0.1 0.3 0.7 1.2 1.4 1.8 2.2 2.7 3.2 3.6 4.3 4.4 0.0201246 0.05808 0.282677 0.156307 0.165925 0.110089 0.104915 0.0591991 0.0278261 0.0156115 0.00750857 1.05976e-12 0.0280633 0.0944358 0.224813 0.239768 0.0429624 0.169191 0.0823407 0.0583478 0.0378764 0.00939009 0.0185965 1.31728e-13
436.973 1.86741 202.15 159.468 1.0081 0.994923 0.2 0.4 0.8 1.2 1.5 1.8 2.2 2.7 3.2 3.5 4.2 4.3 0.0301925 0.10528 0.262145 0.131318 0.193481 0.0613568 0.116705 0.0566598 0.0254247 0.0165616 0.00897721 1.07906e-08 0.064454 0.102565 0.215147 0.183388 0.0905188 0.132698 0.0937109 0.0519191 0.0400379 0.00264674 0.017838 4.16417e-10
438.226 1.87276 202.892 160.21 1.00853 0.996258 0.2 0.5 0.9 1.4 1.8 2.1 2.5 3.1 3.6 4.2 4.4 5.1 0.0429019 0.150334 0.259308 0.234672 0.105839 0.0650388 0.0862572 0.0382603 0.0189719 2.97223e-12 0.00694199 4.21885e-15 0.0807358 0.128474 0.243822 0.218649 0.0893683 0.102412 0.0527173 0.0589566 0.00235401 0.0187685 8.42498e-12 2.59626e-13
432.172 1.84689 199.289 156.607 1.00844 1.0277 0.0001 0.4 0.8 1.3 1.5 2 2.2 2.8 3.4 3.8 4.3 5 0.0191774 0.113875 0.279899 0.144261 0.184276 0.0582745 0.105635 0.0629844 0.0283384 0.00245992 0.00925947 2.22988e-12 0.0480821 0.118228 0.218433 0.260084 0.0607324 0.108777 0.0761523 0.0875855 2.79901e-09 0.0420155 0.00261653 0.00499352
433.382 1.85206 200.013 157.331 1.0083 1.04392 0.1 0.4 0.8 1.2 1.5 1.7 2.2 2.8 3.3 3.9 4.4 5 0.020239 0.116168 0.263932 0.120867 0.201087 0.0474076 0.140225 0.0539213 0.0298652 0.00870944 0.00588271 2.50398e-10 0.0511043 0.122474 0.184967 0.230487 0.0682348 0.104039 0.137148 0.0780856 0.0118433 0.0453495 8.22843e-11 0.0101841
436.675 1.86613 201.973 159.292 1.00837 1.0164 0.2 0.5 0.7 1.2 1.6 1.8 2.3 2.8 3.3 4 4.4 4.9 0.0552722 0.0536805 0.234792 0.252465 0.116019 0.0939309 0.111835 0.042684 0.0349433 0.00743757 0.0053134 2.1888e-13 0.0879501 0.0618195 0.188947 0.275433 0.00954037 0.189959 0.0856408 0.054878 0.0360489 0.0151346 0.0110444 7.90867e-13
444.15 1.89808 206.369 163.688 1.00851 0.994108 0.0001 0.5 0.9 1 1.6 2.1 2.3 2.9 3.4 4.1 4.4 4.5 0.0235153 0.198885 6.54177e-10 0.305207 0.265005 2.37921e-12 0.133204 0.0429752 0.0297105 0.00428937 0.00571875 8.3958e-10 0.0510477 0.183642 0.0169226 0.273612 0.231075 0.0861335 0.0521148 0.0654709 0.0153353 0.0170729 0.00168108 8.773e-10
508.181 2.17171 241.25 198.568 1.01356 1.01055 0.2 0.5 0.8 1.2 1.6 2 2.3 3 3.4 4.3 4.5 5.2 0.113586 0.0349823 0.175072 0.251975 0.195684 0.0967058 0.0314337 0.0699026 0.0334132 3.88023e-14 3.38618e-15 0.0108089 0.0849536 0.103877 0.189696 0.192205 0.167411 0.0927341 0.0830356 0.0672108 0.0198588 0.00650617 0.00209225 0.000973382
434.328 1.8561 200.578 157.896 1.00831 1.11105 0.1 0.4 0.8 1.3 1.6 1.8 2.2 2.8 3.4 4.4 6 5.2 0.0209324 0.113866 0.272777 0.20046 0.147654 0.0183682 0.133525 0.0592985 0.0318962 0.00952863 8.18738e-11 7.24546e-11 0.0503967 0.106857 0.256612 0.198781 0.0757086 0.106561 0.11114 0.0758346 0.058099 0.0436402 0.0189238 0.00850142
433.452 1.85236 200.055 157.373 1.00824 1.04506 0.2 0.6 1 1.4 1.8 2.1 2.4 2.9 3.3 3.9 4.3 5 0.054362 0.215603 0.202651 0.205119 0.128955 0.0293467 0.0956453 0.0316626 0.031557 0.00548712 0.00784656 5.49966e-12 0.101529 0.159943 0.208936 0.222783 0.0607639 0.0961276 0.0667492 0.0663418 0.00387299 0.0473846 1.295e-10 0.0106272
435.57 1.86141 201.317 158.635 1.00835 1.02005 0.2 0.6 1 1.4 1.6 2 2.3 2.9 3.5 4.3 4.4 4.4 0.054828 0.212543 0.214821 0.138975 0.137497 0.0578223 0.103555 0.054386 0.0261592 0.00248992 0.00527471 6.20337e-13 0.0904228 0.18758 0.198931 0.164087 0.0713673 0.131946 0.0549168 0.0709543 0.0273488 0.00895079 0.0135431 0
437.523 1.86976 202.476 159.794 1.0084 1.02367 0.1 0.5 0.6 1 1.4 1.7 2.2 2.8 3.3 3.9 4.4 4.5 0.0395031 0.0152657 0.223547 0.187421 0.206275 0.102904 0.133646 0.0556919 0.02941 0.00870491 0.00603744 8.90342e-11 0.052778 0.190729 2.26888e-11 0.262505 0.108118 0.161242 0.12197 0.0618066 0.0341292 0.0160309 0.014361 1.46086e-10
436.125 1.86378 201.647 158.965 1.00832 1.03323 0.0001 0.4 0.7 0.9 1.4 1.6 2.1 2.6 3.2 3.6 4.3 4.4 0.0179134 0.114591 0.106188 0.206659 0.219766 0.0856069 0.131539 0.0682901 0.0391173 0.00907245 0.00957364 2.15139e-12 0.0347827 0.150166 5.17364e-14 0.294419 0.0955311 0.179223 0.115987 0.076433 0.0448202 0.0170677 0.0247975 1.73966e-11
433.979 1.85461 200.37 157.688 1.00843 1.03884 0.2 0.4 0.7 1.2 1.4 1.9 2.2 2.7 3.3 3.9 4.4 5.8 0.0579143 0.0173875 0.290737 0.125083 0.212649 0.106944 0.0834085 0.0661792 0.0337884 0.00865304 0.00568101 8.99114e-13 0.0848716 0.0367107 0.231712 0.202756 0.104377 0.174094 0.043938 0.0744822 0.0437815 0.00604437 0.0234825 0.0125935
434.818 1.8582 200.87 158.188 1.00836 1.02968 0.0001 0.4 0.8 1 1.5 1.6 2.2 2.7 3.3 3.8 4.3 5.2 0.0101143 0.147916 0.144908 0.198254 0.14617 0.127935 0.125798 0.0570502 0.0372373 0.00419933 0.00878209 8.77076e-13 0.043324 0.140367 0.0875684 0.237024 0.142408 0.109345 0.125775 0.0775979 0.0181718 0.0318445 0.00971123 0.00653807
433.056 1.85067 199.818 157.136 1.00826 1.04683 0.0001 0.5 0.6 1.1 1.5 1.6 2.2 2.8 3.4 3.9 4.3 5.1 0.0352198 0.00764692 0.252968 0.246858 0.060133 0.169091 0.136245 0.0596082 0.0296243 0.00245591 0.00841412 3.1331e-11 0.0578373 0.132704 0.0782357 0.301522 4.23778e-06 0.185838 0.143221 0.0794624 0.00943842 0.046915 2.68113e-11 0.0116521
436.252 1.86432 201.722 159.04 1.00825 1.00464 0.2 0.5 0.8 1.2 1.4 1.8 2 2.5 3.1 3.6 4.3 4.4 0.050307 0.106642 0.240252 0.0728402 0.230777 0.0440806 0.112244 0.0865039 0.0401437 0.0170711 0.00738457 4.49959e-10 0.0831049 0.109096 0.181673 0.175804 0.0953075 0.115024 0.0884054 0.0749729 0.0517667 0.0111827 0.0183019 4.62304e-09
433.845 1.85404 200.29 157.608 1.00845 1.0432 0.2 0.5 0.8 1.3 1.5 1.9 2.3 2.8 3.3 3.8 4.4 5.8 0.0508371 0.104138 0.246315 0.198595 0.113246 0.106121 0.0946986 0.0494857 0.0286796 0.00989481 0.00644241 1.90361e-11 0.0855693 0.0970039 0.211715 0.252293 0.0167546 0.173612 0.0599327 0.063756 0.0363699 0.00972627 0.0245149 0.0119544
433.624 1.85309 200.157 157.475 1.00828 1.0471 0.2 0.4 0.8 1.2 1.5 1.8 2.3 2.9 3.3 3.9 4.4 5 0.0298135 0.106311 0.25998 0.137958 0.177409 0.0885668 0.124329 0.0425656 0.0264938 0.00907868 0.00577068 2.69783e-10 0.0808939 0.083962 0.199346 0.218303 0.0963553 0.110178 0.127461 0.0672134 0.00464467 0.0476934 1.84863e-10 0.0110467
433.12 1.85094 199.856 157.174 1.00825 1.05467 0.2 0.3 0.7 1.1 1.5 1.9 2.3 2.9 3.5 3.9 4.3 5 0.0143012 0.07722 0.240973 0.181727 0.218208 0.077341 0.111001 0.0537538 0.0250568 6.32272e-14 0.00866492 1.89293e-14 0.0616884 0.072354 0.172221 0.231099 0.178646 0.0795099 0.121941 0.0712918 0.00456827 0.0489525 5.55112e-14 0.0123957
432.358 1.84768 199.4 156.718 1.00864 1.0247 0.1 0.5 0.7 1.2 1.4 1.8 2.2 2.8 3.5 3.8 4.4 4.9 0.0405059 0.0682699 0.247234 0.16099 0.17035 0.0997121 0.117476 0.0662069 0.0298903 2.3743e-10 0.00800959 7.62723e-14 0.0702901 0.0991636 0.156222 0.265061 0.0739128 0.109762 0.119029 0.083021 2.82372e-10 0.0429413 9.32216e-09 0.00529529
433.679 1.85333 200.191 157.509 1.00836 1.04022 0.0001 0.4 0.8 1.2 1.4 1.8 2.1 2.7 3.3 3.9 4.4 5 0.019948 0.11107 0.287556 4.13854e-08 0.304448 0.0214622 0.147302 0.068712 0.0339357 0.00764091 0.00628198 2.40086e-13 0.045411 0.127306 0.195124 0.16135 0.157938 0.0557304 0.134214 0.0920012 0.0192949 0.0421038 3.55022e-12 0.00974225
436.122 1.86377 201.645 158.963 1.00824 1.00449 0.2 0.5 0.7 1.1 1.3 1.7 2 2.5 3.1 3.6 4.3 4.4 0.0584634 0.0341006 0.264153 0.0415512 0.258378 0.0891543 0.110656 0.0873621 0.0398837 0.0172004 0.0073394 2.17883e-10 0.0859103 0.0770959 0.158978 0.170797 0.117755 0.128566 0.110286 0.0737605 0.0519669 0.0110676 0.0183045 1.88697e-10
433.111 1.8509 199.851 157.169 1.0083 1.04177 0.2 0.4 0.8 1.2 1.5 1.8 2.2 2.8 3.4 3.9 4.3 5 0.0317161 0.101577 0.269053 0.114952 0.219288 0.037592 0.133922 0.059406 0.0303556 0.00153669 0.00889792 2.66065e-11 0.0823916 0.0801168 0.20703 0.197581 0.135408 0.0609662 0.134256 0.0793575 0.0113988 0.0432617 1.25854e-10 0.0100053
436.028 1.86337 201.59 158.908 1.0084 1.02051 0.2 0.4 0.7 1.2 1.7 2.1 2.3 2.8 3.3 3.9 4.4 4 0.045526 0.0510916 0.245969 0.262739 0.197712 9.70468e-12 0.115486 0.0421907 0.0342939 0.00705225 0.00634302 6.37081e-10 0.0825573 0.0436811 0.220092 0.256128 0.161154 0.0919095 0.0389077 0.062672 0.0338495 0.0138619 0.0156964 6.24381e-11
434.389 1.85636 200.614 157.932 1.00856 1.0011 0.2 0.6 0.8 1 1.3 1.4 2 2.6 3.3 3.8 4.3 4.4 0.0571737 0.178325 0.0970877 0.107875 1.10084e-08 0.273986 0.156071 0.0858542 0.0392757 0.00434027 0.00500731 0.00356402 0.106761 0.104479 0.118756 0.117747 0.000103232 0.256184 0.144422 0.103491 0.0195448 0.0252973 0.00431463 1.11657e-08
432.532 1.84843 199.504 156.822 1.00836 1.03747 0.0001 0.5 0.7 1.1 1.4 2 2.1 2.7 3.3 3.9 4.4 5 0.0364493 0.0749365 0.242343 0.0894961 0.278897 0.0663041 0.101429 0.0712198 0.0331128 0.00803244 0.00614073 7.4133e-11 0.060105 0.136692 0.105741 0.197158 0.198703 0.120268 0.0543386 0.0965055 0.0172144 0.0419432 1.89868e-11 0.00880278
433.382 1.85206 200.013 157.331 1.0083 1.04391 0.1 0.4 0.8 1.2 1.5 1.7 2.2 2.8 3.3 3.9 4.4 5 0.0202391 0.116168 0.263932 0.120866 0.201088 0.0474063 0.140225 0.0539211 0.0298653 0.00870935 0.00588275 2.17107e-10 0.0511043 0.122474 0.184966 0.230487 0.0682333 0.10404 0.137146 0.0780844 0.0118419 0.0453477 1.36395e-10 0.0101828
436.258 1.86435 201.726 159.044 1.00838 1.01292 0.2 0.5 0.9 1.3 1.5 1.9 2.3 2.9 3.4 4 4.4 4.9 0.0437667 0.147093 0.266143 0.0608364 0.219138 0.0699541 0.115457 0.0486284 0.0260971 0.00553446 0.00572801 1.4666e-13 0.0798284 0.132454 0.23108 0.124747 0.118255 0.1324 0.0837221 0.0618818 0.0239668 0.011565 0.0130153 3.7953e-13
433.467 1.85242 200.064 157.382 1.00828 1.0459 0.2 0.4 0.8 1.1 1.4 1.7 2.2 2.8 3.3 3.9 4.4 5 0.034107 0.0957662 0.279028 0.0336824 0.244504 0.0843169 0.138284 0.0542945 0.0296205 0.00891771 0.00576115 3.1798e-11 0.079205 0.0888413 0.179022 0.15431 0.158712 0.0998793 0.139473 0.0776493 0.0124854 0.0457799 2.43337e-10 0.010541
434.995 1.85895 200.975 158.293 1.00863 0.993416 0.0001 0.4 0.8 1.1 1.4 1.8 2.2 2.6 3.2 3.8 4.4 4.5 0.016208 0.124362 0.249945 0.0686075 0.229482 0.108538 0.0899023 0.0628602 0.0415067 0.0104952 0.00672048 2.03217e-09 0.0483279 0.120109 0.189279 0.129507 0.183412 0.114253 0.0740902 0.0866994 0.0195163 0.0268085 0.001413 1.11129e-08
434.458 1.85666 200.655 157.973 1.00856 1.00265 0.2 0.3 0.7 1 1.3 1.8 2.1 2.5 3.2 3.9 4.4 4.5 0.0264295 0.058069 0.261386 0.0478357 0.265847 0.148581 0.0446424 0.0945134 0.0458552 0.00908122 0.00631957 4.4964e-15 0.0861959 0.0365658 0.187856 0.112467 0.222034 0.158391 0.0191275 0.121215 0.0307028 0.0280935 1.28064e-13 7.88591e-13
434.469 1.8567 200.662 157.98 1.00835 1.0393 0.2 0.4 0.8 1.2 1.4 1.6 2.1 2.7 3.3 3.9 4.4 5 0.0365981 0.0892413 0.295668 9.22196e-09 0.286367 0.0314599 0.153196 0.0677023 0.0343057 0.00754768 0.00626787 6.99569e-11 0.082563 0.0794069 0.210264 0.172555 0.0975185 0.0876687 0.148649 0.0894029 0.0201707 0.041445 3.78412e-09 0.00965726
434.862 1.85839 200.896 158.214 1.00843 1.0021 0.0001 0.4 0.7 1.1 1.4 1.9 2.4 2.8 3.3 3.7 4.3 4.4 0.0256321 0.0765628 0.236571 0.137217 0.219222 0.144026 0.084271 0.0372986 0.0327536 0.00612207 0.00875319 5.00881e-09 0.0570615 0.0778036 0.18954 0.165774 0.194564 0.134009 0.088682 0.0526565 0.00358141 0.031522 0.00690534 2.33399e-09
437.633 1.87023 202.541 159.859 1.00858 1.00082 0.2 0.5 0.9 1.4 1.8 2.1 2.5 3.1 3.6 4.1 4.4 4.6 0.0428768 0.150396 0.259217 0.234861 0.105314 0.0655872 0.0859612 0.0384175 0.0187098 2.63289e-13 0.00724519 2.17715e-13 0.0807592 0.128313 0.244375 0.21857 0.0904881 0.100833 0.0553655 0.0595624 0.00115114 0.0181889 0.00321644 3.18079e-14
432.563 1.84856 199.523 156.841 1.00833 1.03998 0.2 0.4 0.8 1.3 1.4 1.8 2.2 2.8 3.4 3.9 4.3 5 0.0352017 0.0926606 0.289524 0.0441543 0.24256 0.0768884 0.125711 0.0613713 0.0294873 0.00179661 0.00897262 2.07093e-11 0.0863734 0.0699215 0.231353 0.263955 0.0213134 0.0979138 0.125055 0.0815115 0.0104934 0.0428408 1.03252e-08 0.00925207
435.54 1.86128 201.3 158.618 1.00831 1.00102 0.2 0.5 0.7 1.1 1.4 1.7 2.1 2.7 3.2 3.5 4.3 4.4 0.0582063 0.0380125 0.252719 0.113822 0.23247 0.0530607 0.142359 0.0706845 0.0164303 0.0225999 0.00794615 2.2746e-08 0.08582 0.0787884 0.153687 0.20478 0.101095 0.126203 0.126475 0.0622295 0.0336567 0.0099944 0.0182895 1.01199e-09
434.829 1.85825 200.876 158.195 1.00846 1.02275 0.1 0.5 0.7 1.2 1.6 2 2.4 2.9 3.5 4.4 4.3 5.3 0.0377811 0.0894085 0.213783 0.252638 0.15306 0.0986946 0.0800774 0.0474251 0.0280488 0.0075444 5.95655e-10 6.79118e-12 0.0619176 0.107196 0.171859 0.256217 0.112731 0.14934 0.0443862 0.0676966 0.0287713 0.00923175 0.013404 4.9527e-12
436.296 1.86451 201.749 159.067 1.00845 0.998023 0.2 0.5 0.7 1 1.3 1.7 2 2.5 3.1 3.5 4.2 4.4 0.0547673 0.0589337 0.218349 0.0723522 0.244118 0.105014 0.100122 0.0916489 0.0346118 0.0195367 0.00449751 0.00449805 0.0836821 0.0947436 0.116546 0.152312 0.170459 0.1178 0.112999 0.0734519 0.0500982 0.00753554 0.0183965 3.58059e-09
432.266 1.84729 199.345 156.663 1.00865 1.01629 0.2 0.3 0.7 1.1 1.4 1.9 2.2 2.8 3.4 3.8 4.4 4.9 0.0478206 0.0255724 0.288564 0.0812503 0.272658 0.0777946 0.111383 0.0635764 0.0269326 0.00524973 0.0078425 1.2234e-11 0.0804993 0.0430333 0.200716 0.162512 0.209619 0.0857391 0.109175 0.0816857 9.64636e-09 0.0395819 9.28446e-09 0.00372908
434.368 1.85627 200.602 157.92 1.00868 1.00507 0.0001 0.4 0.8 1.2 1.4 2 2.5 2.7 3.3 3.6 4.2 4.4 0.0183127 0.116556 0.275216 0.0319405 0.273646 0.152607 0.0432296 0.0476473 0.0325209 0.00788058 0.0015224 0.00760467 0.0517798 0.107484 0.230895 0.089045 0.221972 0.149348 0.0385242 0.0703741 0.000583278 0.0335059 0.0115577 7.73936e-13
