Chi2   rChi2   BIC   AIC    Qichtot    Qimtot  R[0]  R[1]  R[2]  R[3]  R[4]  R[5]  R[6]  R[7]  R[8]  R[9]  R[10]  R[11]  Q0ch    Q1ch    Q2ch    Q3ch    Q4ch    Q5ch    Q6ch    Q7ch    Q8ch    Q9ch    Q10ch    Q11ch    Q0m    Q1m    Q2m    Q3m    Q4m    Q5m    Q6m    Q7m    Q8m    Q9m    Q10m    Q11m
483.396 2.0658 228.3 185.618 1.00934 1.05416 0.0001 0.5 0.7 1.1 1.6 1.8 2.2 2.9 3.2 3.7 4.5 5.2 0.0437066 0.180116 0.0540756 0.229305 0.268482 0.0807502 0.0315609 0.0540389 0.0618132 1.44501e-10 8.48288e-12 0.00549301 0.0495977 0.164315 0.0868454 0.253739 0.146168 0.0809269 0.124611 0.0315572 0.0731692 0.00393162 0.0369658 0.0023351
460.75 1.96902 215.873 173.191 1.00884 1.12754 0.0001 0.4 0.9 1.1 1.5 1.7 2.3 2.7 3.2 3.8 4.1 5 0.0472162 0.135803 0.0932249 0.281956 0.0299665 0.251255 0.0705952 0.00493202 0.0903484 1.26316e-12 3.76805e-11 0.00354668 0.0432766 0.145862 0.212014 0.120366 0.157391 0.106473 0.123628 0.0767872 0.0194788 0.074821 2.13747e-08 0.0474404
467.934 1.99972 219.88 177.198 1.00943 1.10927 0.0001 0.4 0.7 1 1.3 1.8 2.1 2.9 3.3 3.5 4.5 5.3 0.0593074 0.0845793 0.110488 0.135436 0.26866 0.167116 0.0708006 0.0494561 0.0595193 5.13482e-10 7.25237e-12 0.00406784 0.0556794 0.0576672 0.251646 0.0297422 0.250071 0.128401 0.127176 0.0964767 1.79275e-08 0.0493738 0.0478223 0.0152158
395.685 1.69096 176.443 133.762 1.00816 1.06665 0.2 0.5 0.7 1.1 1.5 1.9 2.2 2.8 3.3 3.9 4.4 4.7 0.0575089 0.0503817 0.225502 0.172637 0.241446 0.034896 0.122236 0.0641316 0.0188019 0.0206208 6.4761e-12 1.30262e-10 0.0846214 0.081496 0.15321 0.211169 0.155779 0.126783 0.0828088 0.0595881 0.0634849 5.96375e-10 0.0477115 1.17687e-10
396.498 1.69444 176.975 134.294 1.00829 1.07567 0.2 0.6 0.7 1.1 1.4 1.8 2.1 2.7 3.3 4 4.4 5 0.0635351 0.0324613 0.264076 0.0792224 0.279846 0.0321102 0.137446 0.0730077 0.0295666 0.017018 4.7462e-14 2.64344e-13 0.0977624 0.0376448 0.21494 0.137136 0.164416 0.127189 0.103781 0.0712993 0.071111 1.34232e-12 0.0503919 4.78781e-11
396.392 1.69398 176.906 134.224 1.00828 1.07383 0.3 0.6 0.9 1.4 1.6 2.1 2.4 3 3.5 4 4.4 4.5 0.0977115 0.100512 0.262539 0.15863 0.152789 0.0729304 0.0862124 0.0482668 0.0126229 0.0160646 6.15144e-10 1.23754e-11 0.152924 0.0405539 0.278414 0.124119 0.14478 0.143823 0.0266479 0.0827998 0.0323841 1.03467e-09 0.0473866 1.33717e-07
426.987 1.82473 196.163 153.481 1.00853 1.10576 0.1 0.5 0.7 1.2 1.4 1.9 2.3 2.8 3.4 3.9 4.5 5.1 0.0625467 0.0287461 0.219972 0.355617 0.00477152 0.138407 0.124095 0.0173589 0.0508847 7.94226e-12 0.00613106 7.21645e-16 0.0745693 0.0678501 0.203717 0.153184 0.217036 0.060842 0.145478 0.0666866 0.0126178 0.0735981 1.03011e-10 0.0301783
396.203 1.69318 176.782 134.101 1.00819 1.06759 0.3 0.7 0.9 1.4 1.5 2 2.2 2.8 3.3 3.8 4.4 5.1 0.10442 0.153432 0.187055 0.14373 0.160547 0.0456191 0.108514 0.0668624 0.0143979 0.0215673 0.00204779 1.01724e-12 0.155061 0.0660598 0.241752 0.101895 0.14482 0.128727 0.0572975 0.0602956 0.0638414 3.4171e-12 0.0478396 7.32747e-15
396.79 1.69568 177.166 134.484 1.00833 1.07707 0.2 0.5 0.8 1.3 1.6 2 2.5 3 3.5 4.1 4.4 5 0.0512771 0.104813 0.241007 0.230781 0.11251 0.11513 0.0849499 0.0342779 0.0213495 0.0122391 1.59928e-13 9.58289e-13 0.085414 0.0955242 0.217612 0.231725 0.0662221 0.180968 0.0392471 0.0772779 0.0350493 1.69614e-12 0.0480282 8.71803e-13
396.742 1.69548 177.135 134.453 1.00819 1.06537 0.2 0.4 0.7 1.2 1.3 1.8 2 2.5 3.2 3.9 4.4 4 0.0529575 0.0330436 0.267872 0.119741 0.178154 0.166161 0.0235972 0.108573 0.0389248 0.0181927 0.000968987 6.60847e-10 0.0795082 0.049138 0.219194 0.213888 0.0604639 0.158868 0.0740096 0.0761978 0.08401 0.0038956 0.046199 6.76645e-10
401.612 1.71629 180.294 137.612 1.00857 1.08456 0.1 0.6 0.9 1.1 1.6 1.9 2.3 2.9 3.4 4.3 4.4 5.1 0.0400541 0.251206 0.00487924 0.254159 0.227059 0.0210368 0.125124 0.043607 0.0302258 0.0112158 2.23155e-14 1.12388e-12 0.0672075 0.238899 2.62512e-13 0.243789 0.172598 0.0995328 0.0897918 0.0671915 0.0543907 5.26801e-14 0.0511607 8.34663e-11
399.174 1.70587 178.717 136.035 1.00805 1.1242 0.2 0.6 1 1.3 1.7 1.8 2.4 2.9 3.6 4 5.1 5 0.0551923 0.216523 0.177095 0.173195 0.138579 0.0578083 0.114254 0.0410828 0.0241294 0.0101945 1.72085e-15 6.06324e-11 0.100434 0.167981 0.162495 0.222915 0.0225346 0.124722 0.146341 0.0503787 0.0316703 0.0615829 0.0331505 2.8587e-10
394.423 1.68557 175.617 132.935 1.00812 1.11714 0.1 0.6 1.1 1.3 1.6 1.9 2.3 2.8 3 3.8 3.9 5 0.0400562 0.253606 0.241157 0.0338281 0.195935 0.0387097 0.117077 0.0186023 0.0433419 0.0112807 0.0145282 5.18436e-11 0.0747814 0.225289 0.154232 0.202967 0.0384275 0.111493 0.103671 0.091086 6.32202e-09 0.0370857 0.0475361 0.0305761
396.091 1.6927 176.709 134.027 1.00822 1.06278 0.2 0.5 0.8 1.2 1.4 1.8 2.2 2.7 3.2 3.8 4.4 4.7 0.0519419 0.103055 0.241784 0.0751183 0.222725 0.0987551 0.101008 0.0651065 0.0252064 0.0213621 0.0021541 8.7087e-12 0.0819538 0.111425 0.181468 0.180197 0.0759386 0.170144 0.0922301 0.043185 0.0752623 0.00556646 0.0454114 1.21947e-11
394.09 1.68415 175.398 132.716 1.00829 1.08992 0.1 0.4 0.8 1.1 1.5 1.8 2.2 2.7 3 3.8 4.2 5.1 0.0205379 0.118038 0.246135 0.104403 0.265198 0.0171208 0.133821 0.0360708 0.0397668 0.0246879 0.00251268 3.58047e-14 0.0574125 0.107052 0.188643 0.158929 0.221871 0.0240423 0.12793 0.0971805 0.00315364 0.0685577 0.010205 0.0249411
395.895 1.69186 176.581 133.899 1.00828 1.07789 0.2 0.6 0.8 1.1 1.4 1.7 2.1 2.7 3.3 4 4.4 4.5 0.0605881 0.143241 0.182763 0.0462944 0.280987 0.0325572 0.142768 0.0723469 0.0297665 0.0169666 1.61709e-10 2.24739e-11 0.0947066 0.136111 0.130171 0.138616 0.120493 0.141208 0.123981 0.0689663 0.0726698 5.21594e-10 0.0509677 1.22817e-10
395.582 1.69052 176.376 133.694 1.0083 1.11108 0.3 0.7 1 1.5 1.6 2.2 2.4 3 3.8 3.9 4.1 5.1 0.102686 0.190832 0.195102 0.205101 0.0836689 0.0928027 0.0592731 0.0529595 0.0200061 5.15166e-08 0.00586507 3.35698e-12 0.169906 0.0517461 0.306585 0.0577353 0.187857 0.0430266 0.132227 0.0550256 2.36877e-09 0.0762284 0.00168759 0.0290521
396.693 1.69527 177.102 134.42 1.00831 1.06154 0.2 0.5 0.8 1.2 1.6 1.8 2.3 2.7 3.2 3.8 4.3 4.4 0.048664 0.119283 0.203766 0.206911 0.155356 0.0735094 0.100456 0.0474095 0.0307918 0.018311 0.00384967 1.08928e-08 0.0799576 0.120539 0.162709 0.233116 0.033417 0.187204 0.0885658 0.0274522 0.0817047 2.01012e-08 0.018756 0.0281218
429.944 1.83737 197.95 155.268 1.00835 1.05607 0.1 0.5 0.9 1.1 1.5 1.8 2.3 3.1 3.4 3.6 4.4 4.5 0.0516053 0.131239 0.127085 0.286011 0.0744004 0.118092 0.15377 0.0152372 0.0452447 6.87628e-08 0.0056683 4.99927e-09 0.0572603 0.167091 0.169149 0.13678 0.106586 0.178859 0.0944934 0.0921119 6.88123e-08 0.00685644 0.0468874 3.60875e-10
397.714 1.69963 177.768 135.086 1.00816 1.0688 0.3 0.4 0.8 1.2 1.6 1.7 2.2 2.6 3.2 3.9 4.4 4.7 0.0736108 0.058858 0.256817 0.175492 0.173553 0.0521631 0.0926341 0.0691363 0.0362133 0.0190266 0.000657251 6.29328e-11 0.151097 0.0069578 0.227284 0.194228 4.55959e-09 0.206559 0.106823 0.0390902 0.0856645 0.00426796 0.0468308 8.15332e-11
396.811 1.69577 177.179 134.497 1.00827 1.0607 0.3 0.7 0.8 1.1 1.5 1.9 2.2 2.9 3.3 3.7 4.4 4.5 0.105286 0.0922763 0.187238 0.0979602 0.281656 9.39604e-12 0.148617 0.0663552 5.45897e-13 0.0251528 0.00372601 2.32544e-10 0.155546 7.59387e-12 0.223929 0.126342 0.19382 0.098767 0.101322 0.0608116 0.0503441 0.00206232 0.0477523 2.3816e-10
395.749 1.69123 176.485 133.803 1.00816 1.06376 0.2 0.5 0.7 1.2 1.5 1.9 2.2 2.8 3.3 3.9 4.4 4.5 0.0629979 0.0152512 0.284257 0.174128 0.204255 0.0432678 0.120562 0.0638551 0.0191495 0.0204374 8.63582e-11 1.90873e-10 0.0896102 0.0477784 0.212652 0.228733 0.0896524 0.155726 0.0686057 0.06265 0.0610687 0.000114955 0.0471642 2.1699e-10
395.904 1.6919 176.587 133.905 1.00819 1.066 0.2 0.5 0.7 1.2 1.6 2 2.2 2.8 3.3 3.8 4.4 4.9 0.0586513 0.0398431 0.250323 0.231612 0.190504 0.00988596 0.123263 0.0660882 0.014307 0.0217955 0.00191603 9.4666e-11 0.0897782 0.047427 0.21234 0.237813 0.123246 0.139977 0.0414299 0.0647388 0.0607533 0.000898056 0.0475981 1.01769e-10
396.38 1.69393 176.898 134.216 1.00812 1.07262 0.2 0.4 0.8 1.3 1.5 2 2.2 2.9 3.4 3.9 4.4 4.9 0.0415035 0.079841 0.302363 0.0914312 0.247291 7.4737e-10 0.15153 0.0637103 0.00982466 0.0205369 9.21544e-05 1.88605e-10 0.0705938 0.0859621 0.25518 0.16643 0.12158 0.147231 0.0521173 0.0781026 0.046684 2.82619e-11 0.0487375 2.86691e-11
398.267 1.702 178.128 135.446 1.00835 1.05889 0.2 0.5 0.8 1.1 1.5 1.6 2.1 2.7 3.2 3.6 4.4 4.8 0.0491844 0.117861 0.197458 0.134941 0.251401 2.37595e-09 0.135473 0.0778585 0.0119287 0.0267467 0.0054959 3.11612e-12 0.079949 0.123393 0.138878 0.188396 0.0552263 0.153245 0.151072 0.0450102 0.0737875 0.00387747 0.0460523 1.16451e-12
425.448 1.81815 195.228 152.546 1.0086 1.07821 0.2 0.3 0.7 0.9 1.3 1.5 2.1 2.6 3.4 3.8 4.5 5 0.0641842 0.038919 0.0964206 0.228402 0.23342 0.0477804 0.192493 0.0494555 0.0515026 1.26298e-07 0.00602753 1.46161e-13 0.0253539 0.137815 0.00172927 0.305509 0.0302087 0.244532 0.102892 0.130228 0.00088801 0.0746892 2.3275e-07 0.0243667
397.614 1.69921 177.703 135.021 1.00822 1.07025 0.3 0.4 0.8 0.9 1.4 1.8 2.2 2.8 3.1 3.7 4.4 4.5 0.0906496 0.029638 0.292875 0.0104547 0.288774 0.0686669 0.123445 0.0632907 0.0103438 0.0268657 0.00321833 2.01755e-10 0.156987 1.55268e-05 0.148075 0.146462 0.210779 0.121943 0.121733 0.0209228 0.0785352 0.018903 0.03284 0.0130548
394.087 1.68413 175.396 132.714 1.00837 1.10889 0.3 0.7 0.9 1.3 1.6 2.1 2.2 2.8 3.3 4 4.4 5.7 0.102572 0.173308 0.146617 0.170385 0.18004 5.56832e-08 0.133751 0.0588864 0.0244385 0.0183721 1.93734e-09 1.6786e-11 0.15862 0.0307439 0.297596 0.0313795 0.254665 0.00596864 0.128835 0.0557116 0.0729978 4.28291e-09 0.0579307 0.0144392
399.607 1.70772 178.998 136.316 1.00868 1.05953 0.1 0.5 0.7 1.2 1.5 1.9 2.3 2.9 3.3 4.1 4.4 5.4 0.0427391 0.0571058 0.258067 0.188465 0.181597 0.0833911 0.108942 0.0468042 0.0249917 0.0165737 3.19311e-12 6.37518e-12 0.0610512 0.108015 0.174216 0.241742 0.0793679 0.171591 0.0679607 0.0579928 0.0516166 0.00252052 0.0434544 1.91438e-09
401.314 1.71502 180.102 137.42 1.00833 1.03671 0.1 0.5 0.7 1.2 1.5 2 2.4 3 3.8 4.3 4.7 5.2 0.041927 0.0625545 0.25152 0.1889 0.192072 0.107017 0.0852581 0.053767 0.0231123 0.00220358 4.51861e-14 2.01522e-12 0.0638062 0.0940066 0.187287 0.241064 0.086017 0.216236 0.00218077 0.102876 0.00592511 0.0373159 1.0873e-12 3.9968e-15
396.807 1.69576 177.177 134.495 1.0082 1.0594 0.2 0.5 0.7 1.1 1.4 1.8 2.2 2.8 3.2 3.8 4.4 4.2 0.0649306 0.00504018 0.29623 0.0709593 0.276719 0.0641495 0.12825 0.0599537 0.0172968 0.0230144 0.00165496 1.9984e-15 0.0860529 0.0723883 0.167266 0.185973 0.127867 0.154721 0.104379 0.0424508 0.0672503 0.00694803 0.044106 8.88178e-16
398.116 1.70135 178.03 135.348 1.00844 1.08791 0.2 0.4 0.8 1.1 1.5 1.6 2.3 2.8 3.5 3.9 4.1 5.1 0.0236452 0.124896 0.203592 0.181765 0.00320059 0.257193 0.122446 0.0516517 0.0287284 9.28926e-10 0.0113178 2.22045e-15 0.0731456 0.104287 0.139724 0.23066 0.03914 0.18058 0.150938 0.0654486 0.0127741 0.0655669 2.69988e-07 0.0256421
395.645 1.69079 176.418 133.736 1.00818 1.06713 0.2 0.4 0.7 1.2 1.4 1.8 2.2 2.8 3.3 3.9 4.4 4.9 0.0614052 0.010735 0.294481 0.123857 0.206949 0.0889239 0.117097 0.0658812 0.0179508 0.0208967 3.55971e-12 9.7749e-11 0.0808823 0.0456887 0.22259 0.233069 0.0446261 0.174973 0.09481 0.0587703 0.063852 1.11186e-10 0.0478703 8.24597e-11
394.165 1.68446 175.447 132.765 1.00841 1.08474 0.0001 0.4 0.7 1.1 1.4 1.9 2 2.6 3.2 3.8 4.1 5.1 0.0293217 0.0645461 0.254227 0.107944 0.256537 0.0214639 0.133351 0.0884772 0.0293535 0.015888 0.00730451 4.03289e-13 0.0586473 0.0733321 0.193682 0.156277 0.218765 0.023166 0.122038 0.131494 0.00887533 0.0615932 0.0129293 0.0239438
398.644 1.70361 178.373 135.691 1.00812 1.13875 0.2 0.6 1 1.3 1.7 1.8 2.4 2.8 3.4 4 4.5 5.1 0.0547389 0.217972 0.17366 0.180797 0.101185 0.0943177 0.104157 0.0381696 0.0282162 0.0149097 2.19713e-13 9.91984e-14 0.100139 0.169412 0.159471 0.229044 2.80889e-08 0.147562 0.138989 0.047477 0.0367283 0.0739691 5.65936e-11 0.0359609
396.369 1.69388 176.891 134.209 1.00821 1.06213 0.0001 0.5 0.7 1.2 1.6 1.8 2.2 2.7 3.2 3.8 4.4 5.1 0.0340595 0.0988527 0.205237 0.257484 0.137319 0.0578637 0.103514 0.0654698 0.0246991 0.0216733 0.00204238 1.94289e-13 0.0523913 0.136351 0.144376 0.280843 0.00399764 0.188723 0.0845018 0.0461297 0.0736333 0.00614597 0.0450359 6.19471e-12
398.136 1.70143 178.043 135.361 1.00835 1.0952 0.1 0.4 0.8 0.9 1.5 2 2.2 2.8 3.4 4.1 4.4 4.9 0.0133077 0.14353 0.0483095 0.266556 0.291735 0.0121416 0.131096 0.0607777 0.0268895 0.0140067 4.05289e-11 1.23082e-10 0.0421915 0.135356 0.047754 0.251101 0.251078 0.101615 0.0699279 0.0774755 0.0656814 9.18882e-11 0.0530247 8.16403e-13
401.992 1.71791 180.539 137.857 1.00822 1.03606 0.3 0.7 0.9 1.4 1.5 2 2.2 2.6 2.9 3.7 3.8 5.1 0.104719 0.151235 0.19151 0.109434 0.201116 0.0227066 0.120738 0.0233215 0.0537666 0.00616646 0.0235081 3.89133e-14 0.170931 9.682e-09 0.287949 0.126846 0.149601 0.039111 0.0807282 0.106665 0.000546997 0.0159654 0.0439566 0.013765
425.789 1.81961 195.435 152.753 1.00847 1.11174 0.1 0.5 1 1.4 1.6 1.9 2.3 2.8 3.4 3.9 4.5 5.1 0.0518783 0.132393 0.353646 0.119458 0.050175 0.0878405 0.143088 0.0120477 0.0520484 2.8759e-11 0.00589518 3.21965e-15 0.0631709 0.171346 0.256417 0.141607 0.120849 0.018698 0.150911 0.0694558 0.0110315 0.0767308 8.28274e-10 0.0315282
396.41 1.69406 176.918 134.236 1.00816 1.06548 0.2 0.5 0.7 1 1.5 1.6 2.1 2.6 3.2 3.9 4.4 4 0.0491524 0.10865 0.112353 0.224335 0.22532 0.0400168 0.115887 0.0775969 0.0348582 0.0196046 0.000385839 1.38123e-11 0.0748026 0.151084 0.0153964 0.27952 0.0387099 0.188487 0.135086 0.0497368 0.0824654 0.0043468 0.045843 7.0717e-11
399.094 1.70553 178.666 135.984 1.00831 1.10858 0.1 0.5 0.8 1.3 1.6 1.9 2.3 2.9 3.5 3.9 4 5.1 0.0381143 0.120332 0.244459 0.200961 0.162737 0.0295181 0.126892 0.050993 0.0188598 1.41184e-09 0.0154483 6.73466e-11 0.0697619 0.122096 0.183816 0.286423 0.0607105 0.0558218 0.149963 0.07171 4.44598e-05 0.078595 7.91457e-06 0.0296307
401.567 1.7161 180.265 137.583 1.00827 1.04269 0.0001 0.5 0.7 1 1.3 1.6 2.1 2.8 3.1 3.7 4.3 4.6 0.0385012 0.0603852 0.268272 3.31577e-09 0.28707 0.0873976 0.153762 0.0811453 5.10542e-10 0.0286829 0.00305916 3.24646e-12 0.0534868 0.156793 0.0548745 0.23923 0.0375568 0.196795 0.154692 0.0254552 0.0810652 1.55584e-10 0.0427377 1.38778e-14
397.13 1.69714 177.388 134.706 1.00823 1.06379 0.1 0.5 0.8 1.2 1.5 1.7 2.1 2.6 3.2 3.8 4.4 4.7 0.0335982 0.146301 0.187277 0.203349 0.0955488 0.109656 0.0956972 0.0836385 0.0308288 0.0196863 0.00265045 3.60286e-11 0.0559865 0.161244 0.140301 0.237573 1.52801e-09 0.16645 0.119021 0.0520911 0.0809984 0.00360495 0.0465233 4.20271e-11
395.798 1.69145 176.518 133.836 1.00824 1.07878 0.0001 0.5 0.8 1.2 1.5 1.8 2.2 2.7 3.3 4 4.4 5 0.0307918 0.146119 0.200035 0.166149 0.17504 0.0699547 0.107572 0.0645655 0.0315328 0.0164805 1.46327e-13 6.29008e-12 0.0537421 0.152159 0.168658 0.196943 0.0681977 0.169086 0.0800489 0.0651561 0.0736593 3.8558e-13 0.05113 3.93124e-12
395.69 1.69098 176.447 133.765 1.00827 1.07924 0.0001 0.4 0.8 0.9 1.4 1.7 2.1 2.7 3.3 4 4.4 5.2 0.0209942 0.10909 0.28813 3.38093e-09 0.300479 0.0271616 0.14334 0.0723706 0.029723 0.0169853 1.86412e-12 1.20015e-13 0.0376968 0.137124 0.0963634 0.187763 0.17932 0.118656 0.129512 0.067927 0.0735478 9.49241e-14 0.0513332 4.4631e-14
396.717 1.69537 177.118 134.436 1.00821 1.06819 0.0001 0.4 0.8 1.3 1.5 1.9 2.3 2.8 3.3 3.8 4.4 4.8 0.0195881 0.114543 0.27392 0.173821 0.13944 0.0980248 0.0908086 0.0574525 0.0181965 0.0198823 0.00253369 2.37954e-12 0.036455 0.134699 0.226003 0.240444 0.0199032 0.184514 0.0572574 0.0560195 0.0649624 9.45355e-14 0.0479293 2.32692e-12
399.972 1.70928 179.235 136.553 1.00864 1.07501 0.0001 0.4 0.7 1.2 1.4 1.9 2.3 2.9 3.4 4.2 4.4 5.2 0.033749 0.0456543 0.288472 0.113915 0.224199 0.114716 0.0966368 0.0538948 0.023895 0.0135038 4.996e-15 1.52434e-13 0.0453934 0.0903891 0.216057 0.200477 0.104991 0.185265 0.0620852 0.0734902 0.0486766 2.99882e-12 0.0481841 8.0928e-12
400.371 1.71099 179.493 136.811 1.00851 1.09317 0.1 0.5 0.7 1.1 1.5 2 2.3 2.8 3.4 4.3 4.4 5.1 0.0381767 0.0927526 0.196973 0.181696 0.234573 0.0858705 0.0810163 0.05339 0.0331316 0.0109335 3.42152e-11 8.61416e-11 0.0653662 0.0906238 0.181416 0.176785 0.194317 0.161243 0.0258386 0.0813797 0.0631183 6.90276e-11 0.0530808 5.62605e-10
394.054 1.68399 175.374 132.692 1.00828 1.08965 0.1 0.4 0.8 1 1.4 1.7 2.2 2.7 3 3.8 4.2 5.1 0.0218862 0.113631 0.254441 0.0484496 0.249759 0.0867414 0.128946 0.0386707 0.0384026 0.0250243 0.00232819 6.10623e-15 0.0572485 0.108205 0.168111 0.125892 0.219932 0.0797899 0.126005 0.098324 0.00247556 0.0686564 0.0100777 0.0249327
401.937 1.71768 180.504 137.822 1.00851 1.09566 0.0001 0.6 0.7 1.1 1.4 1.9 2.2 2.8 3.4 4.3 4.4 5.1 0.0395896 0.157408 0.146929 0.107134 0.2636 0.0825659 0.106991 0.0619951 0.0309809 0.0113142 6.75732e-12 2.25752e-11 0.0621996 0.213663 0.0563492 0.156593 0.179514 0.16665 0.0593249 0.0838751 0.0632452 1.8769e-11 0.0542444 1.80157e-10
396.647 1.69507 177.072 134.39 1.00823 1.06682 0.1 0.5 0.9 1.3 1.7 2.1 2.5 3.1 3.6 4.4 4 5.2 0.0301134 0.173949 0.225017 0.19404 0.170486 0.058409 0.0934609 0.0370467 0.0118 2.4008e-12 0.0139049 8.38658e-11 0.054913 0.174158 0.19846 0.186258 0.14213 0.12423 0.0402421 0.084079 0.0160988 0.0462465 5.38007e-11 1.38085e-10
402.808 1.7214 181.065 138.383 1.00837 1.09035 0.1 0.6 0.9 1.1 1.5 1.9 2.3 2.9 3.5 4.4 4.5 5 0.0415911 0.23419 0.0779076 0.151443 0.236422 0.0638861 0.11625 0.0497228 0.0290929 0.00786465 3.21576e-13 8.93674e-12 0.068211 0.230752 0.0324379 0.195814 0.158437 0.149781 0.071787 0.0812237 0.0505431 0.0304179 0.0209471 2.65581e-10
464.107 1.98336 217.753 175.071 1.00949 1.09877 0.2 0.4 0.7 1 1.5 1.6 2.1 2.6 3.2 4 4.3 5.1 0.0854211 0.0880067 9.3539e-05 0.337593 0.0573154 0.224745 0.101228 0.0209615 0.0888729 6.74028e-11 6.36094e-11 0.00525821 0.0577873 0.116324 0.0849875 0.25787 0.0607291 0.172254 0.141994 0.049055 0.0954032 1.48462e-10 0.0437567 0.0186088
429.708 1.83636 197.808 155.126 1.00854 1.06547 0.1 0.3 0.8 1.2 1.7 2 2.3 3 3.4 4.4 4.5 4.6 0.0259806 0.0865045 0.242333 0.288841 0.100278 0.0590598 0.136574 0.0149802 0.0481094 3.70408e-11 0.00588209 4.90586e-11 0.0121084 0.134558 0.252316 0.174914 0.198072 0.0605676 0.0754742 0.0783345 0.0309774 0.0481472 3.03091e-13 2.76679e-12
401.682 1.71659 180.34 137.658 1.00808 1.07633 0.3 0.7 0.8 1.2 1.6 2 2.3 2.9 3.3 3.9 4.4 4.3 0.105489 0.101816 0.175673 0.176299 0.224873 0.0146359 0.123377 0.0506319 0.0147849 0.0204951 1.50336e-09 7.50511e-11 0.154332 5.56423e-09 0.239579 0.16508 0.17053 0.111746 0.0639563 0.0533013 0.0617569 2.71426e-09 0.0560445 4.44042e-08
401.937 1.71768 180.504 137.822 1.00851 1.09566 0.0001 0.6 0.7 1.1 1.4 1.9 2.2 2.8 3.4 4.3 4.4 5.1 0.0395896 0.157409 0.146929 0.107134 0.2636 0.0825659 0.106991 0.0619951 0.0309809 0.0113142 6.75821e-12 2.25776e-11 0.0621996 0.213663 0.0563492 0.156593 0.179514 0.16665 0.0593249 0.0838751 0.0632452 1.87711e-11 0.0542444 1.80034e-10
397.329 1.69799 177.518 134.836 1.00844 1.08637 0.3 0.4 0.8 1.1 1.6 1.7 2.3 2.7 3.3 4.1 4.4 5.1 0.0479704 0.101655 0.193634 0.201539 0.187286 0.0696495 0.107986 0.0466078 0.0374435 0.0146705 2.42573e-12 1.33671e-13 0.156604 0.00214793 0.199451 0.192173 0.010776 0.250009 0.093502 0.0492983 0.0795818 1.85563e-12 0.0528275 7.11315e-11
398.02 1.70094 177.968 135.286 1.00827 1.06403 0.0001 0.4 0.7 0.9 1.4 1.7 2.1 2.6 3.2 3.8 4.4 4.1 0.0217339 0.100496 0.138653 0.173301 0.264297 0.0614501 0.116539 0.0769003 0.0331653 0.0186339 0.00309973 1.70469e-11 0.0364801 0.141086 0.0259358 0.26668 0.150959 0.143435 0.111798 0.0593802 0.0765878 0.00646259 0.0452276 8.86002e-12
397.353 1.69809 177.533 134.851 1.00814 1.09479 0.2 0.5 0.7 1.1 1.4 1.9 2.2 2.8 3.4 4 4.4 4.5 0.0628706 0.0142798 0.285639 0.0746769 0.282672 0.0740322 0.108987 0.0668774 0.0222722 0.0158314 5.75962e-09 8.06831e-10 0.0995746 0.00233299 0.262158 0.102191 0.209234 0.150867 0.0698876 0.0790529 0.0648508 1.95237e-11 0.042427 0.0122152
394.642 1.6865 175.76 133.078 1.00853 1.07964 0.0001 0.5 0.8 1 1.3 1.8 2.1 2.6 3.3 3.8 4 5.1 0.0307725 0.145526 0.207471 1.4302e-07 0.2806 0.136793 0.0643878 0.0931861 0.0317463 1.80359e-08 0.0180432 1.79171e-10 0.0623384 0.141284 0.132727 0.0658298 0.26076 0.114136 0.0693324 0.130591 0.00931076 0.0522565 0.0182835 0.022794
464.177 1.98366 217.793 175.111 1.00977 1.05742 0.1 0.3 0.8 1.1 1.6 1.7 2.2 2.8 3.3 3.2 4.5 5.2 0.0256143 0.128455 0.111196 0.291001 0.0992527 0.170025 0.0753556 0.0258961 0.0362947 0.0420404 2.24296e-11 0.00463667 0.00882268 0.14176 0.228904 0.147068 0.18395 0.068031 0.121988 0.0487882 0.054077 0.0139531 0.0338753 0.00620541
422.91 1.80731 193.678 150.996 1.00853 1.09294 0.1 0.3 0.9 1 1.5 1.7 2.3 2.7 3.4 3.8 4.5 5 3.94173e-10 0.139519 0.126252 0.287294 0.117808 0.102526 0.17218 0.00230049 0.0549545 5.70908e-11 0.00569508 3.2006e-10 0.0053981 0.165521 0.201252 0.1341 0.183569 0.0916822 0.116926 0.0900247 2.09849e-09 0.078304 0.000354769 0.0258058
398.444 1.70275 178.243 135.561 1.00831 1.10229 0.3 0.6 0.9 1.3 1.7 1.4 2.4 3 3.7 3.9 4.1 5.1 0.0958827 0.114207 0.225325 0.16725 0.19707 0.012452 0.126707 0.0393199 0.0229109 3.3515e-08 0.00718933 9.9365e-14 0.171015 0.00501492 0.265568 0.170234 0.163533 0.0130895 0.163364 0.0449867 0.00313284 0.0736245 1.52087e-11 0.028723
398.666 1.7037 178.387 135.705 1.00818 1.06149 0.3 0.6 0.9 1.4 1.5 2.1 2.4 3 3.6 4.4 4 5 0.0985505 0.0956702 0.27448 0.00320255 0.293506 0.0815304 0.0849169 0.0488578 0.0144824 1.80916e-12 0.0129821 4.16476e-10 0.154079 0.0343383 0.289616 1.10244e-10 0.249125 0.165066 0.0104397 0.0893696 0.0257865 0.0436694 3.84313e-10 3.67434e-10
398.434 1.70271 178.237 135.555 1.0084 1.08783 0.0001 0.6 1.1 1.3 1.7 1.9 2.4 2.8 3.5 3.9 4.1 5.1 0.0357747 0.266095 0.175838 0.155159 0.118899 0.0802842 0.0878776 0.0490293 0.0276163 0.00166086 0.0101624 0 0.0667636 0.243421 0.100555 0.270269 8.49072e-10 0.132713 0.111117 0.0586385 0.0127497 0.065795 2.42527e-08 0.0258093
395.032 1.68817 176.016 133.334 1.00834 1.10577 0.1 0.5 0.8 1.2 1.5 1.8 2.3 2.8 3.2 3.9 4 5.1 0.0338078 0.144276 0.193219 0.187243 0.138704 0.109767 0.108037 0.045915 0.0252284 0.0169453 0.00520272 5.33925e-11 0.066168 0.145028 0.125362 0.271403 0.0634615 0.117418 0.124332 0.078234 0.0062834 0.0785882 4.68034e-10 0.02949
393.101 1.67992 174.747 132.065 1.00816 1.09966 0.1 0.5 0.7 1.2 1.4 2 2.1 2.7 3.1 3.8 3.9 5 0.0445391 0.0430722 0.282729 0.0847594 0.27141 0.0468832 0.116907 0.0660089 0.026296 0.012992 0.0125611 4.47505e-10 0.0721613 0.089147 0.1685 0.226886 0.141529 0.111014 0.0636362 0.118037 2.90804e-05 0.0483709 0.0321372 0.0282091
395.767 1.69131 176.498 133.816 1.00815 1.06377 0.2 0.5 0.9 1.4 1.5 2 2.2 2.8 3.3 3.9 4.4 4.3 0.0462259 0.140262 0.278684 0.040684 0.254248 0.0199394 0.125634 0.0625182 0.0196598 0.0202972 4.2216e-09 2.28711e-12 0.0793325 0.131815 0.243278 0.171495 0.0716284 0.158409 0.0356401 0.0640663 0.0607606 0.000189621 0.04716 6.70213e-09
397.003 1.6966 177.305 134.623 1.00845 1.09288 0.2 0.4 0.8 1.2 1.6 1.7 2.3 2.8 3.5 3.9 4.1 5.1 0.0282599 0.11231 0.243217 0.184885 0.151586 0.0776234 0.117427 0.0534304 0.028087 1.99137e-06 0.0116182 2.42029e-14 0.0792961 0.0880128 0.189068 0.241746 0.0898585 0.085326 0.14385 0.0698072 0.0114401 0.0680421 1.21967e-09 0.0264299
401.276 1.71485 180.078 137.396 1.00837 1.04326 0.2 0.5 0.7 1.2 1.3 1.8 2 2.5 3 3.7 4.3 4.6 0.0611651 0.0209697 0.283789 5.76212e-10 0.309831 0.0961202 0.0811121 0.087159 0.0383926 0.0255791 0.00425613 2.60792e-11 0.0981847 0.0032729 0.270238 0.0213369 0.269007 0.00682177 0.223162 4.49834e-11 0.104772 0.00678875 0.0396733 1.36708e-11
396.73 1.69543 177.127 134.445 1.00818 1.09051 0.2 0.6 0.9 1.3 1.7 1.9 2.3 2.9 3.4 4 4.4 4.8 0.0570717 0.192889 0.161238 0.218868 0.168614 1.0745e-08 0.123346 0.0502394 0.0195839 0.0163261 3.79141e-14 1.89778e-11 0.0938997 0.156698 0.181104 0.175343 0.140742 0.0717801 0.0948231 0.065031 0.0583242 3.88578e-16 0.0527697 1.75793e-11
397.422 1.69839 177.578 134.896 1.00831 1.075 0.3 0.7 0.9 1.4 1.5 2.1 2.5 3.1 3.8 4.4 4.9 5.8 0.105744 0.139569 0.210952 0.0569178 0.247947 0.101238 0.0811462 0.0406504 0.0216012 0.00254337 1.47743e-11 3.13638e-13 0.155529 0.0556662 0.261845 0.00933427 0.246846 0.161247 0.0253241 0.0934523 0.00977799 0.0446396 1.13343e-08 0.0113414
397.171 1.69731 177.414 134.732 1.00829 1.05294 0.3 0.7 0.8 0.9 1.4 1.8 2.1 2.7 3.2 3.9 4.4 5.3 0.10609 0.0536489 0.257414 4.74202e-09 0.306683 0.0262617 0.138817 0.0710816 0.0264534 0.021842 5.52114e-13 3.69893e-12 0.156298 1.97852e-08 0.159924 0.130964 0.222024 0.0864131 0.130789 0.047832 0.0718412 0.00406057 0.0427928 2.59371e-10
395.614 1.69066 176.397 133.715 1.00832 1.10742 0.1 0.6 1.1 1.2 1.6 1.9 2.4 2.9 3.2 3.9 4 5.1 0.039681 0.256711 0.179458 0.103071 0.162981 0.0856131 0.103686 0.0317193 0.0232301 0.0175574 0.00461085 1.16573e-15 0.0738923 0.22915 0.0309351 0.292952 0.0740698 0.112593 0.121922 0.0627303 5.24503e-07 0.0793608 1.01491e-10 0.0298159
396.459 1.69427 176.95 134.268 1.00823 1.06385 0.3 0.6 0.8 0.9 1.4 1.5 2 2.6 3.2 3.8 4.4 4.7 0.103651 0.0378012 0.248454 0.032934 0.298123 9.64572e-11 0.146634 0.0883124 0.029582 0.0202562 0.00247854 9.41753e-11 0.156339 1.01809e-09 0.163592 0.126995 0.197028 0.0501042 0.181194 0.0586836 0.0793895 0.00429843 0.0462309 6.70301e-11
401.743 1.71685 180.379 137.697 1.00823 1.04728 0.2 0.5 0.7 1 1.5 1.6 2.1 2.6 3.1 3.8 4.3 4.6 0.0502495 0.100468 0.127819 0.209008 0.268167 3.18253e-09 0.121818 0.0727605 0.0323999 0.0239083 0.00163518 2.76946e-10 0.0882122 0.0856856 0.0954688 0.247842 0.0360252 0.190663 0.144635 0.0245262 0.090619 5.20012e-12 0.0436044 1.46028e-10
395.4 1.68974 176.257 133.575 1.00813 1.07678 0.3 0.7 0.9 1.4 1.6 2.1 2.2 2.8 3.3 3.9 4.4 4.5 0.103994 0.157014 0.181035 0.212684 0.11131 0.0157304 0.124905 0.0604963 0.0212507 0.0190516 0.000663059 4.59945e-11 0.159232 0.0267505 0.303789 0.0377479 0.243567 0.00267801 0.130757 0.0510285 0.0702132 2.14614e-11 0.0510166 5.73236e-11
402.574 1.7204 180.914 138.232 1.00839 1.07993 0.3 0.4 0.8 1.2 1.6 1.7 2.2 2.8 3.3 4 4.4 4.7 0.076095 0.0540711 0.263022 0.165368 0.220276 2.06654e-11 0.125619 0.062053 0.0233726 0.0185144 1.47932e-12 2.21934e-13 0.155222 0.000506361 0.234777 0.177738 0.085109 0.123307 0.130159 0.0517128 0.0710733 0.0025056 0.0478217 5.34145e-12
396.75 1.69551 177.14 134.458 1.00828 1.06828 0.2 0.4 0.7 1.1 1.5 1.7 2.2 2.6 3.2 3.9 4.4 4.1 0.0418131 0.0659965 0.210356 0.215913 0.134946 0.122987 0.0912852 0.0684248 0.0370452 0.0152575 1.34459e-11 0.00425473 0.0653377 0.0902238 0.151247 0.252892 0.0203819 0.208032 0.103619 0.041224 0.0854589 3.19588e-11 0.0425693 0.0072924
425.516 1.81845 195.269 152.587 1.0086 1.07359 0.1 0.4 1 1.5 1.6 2.1 2.4 2.9 3.4 3.8 4.5 5 0.0333064 0.127937 0.408332 0.0295638 0.149323 0.0983432 0.10181 5.98152e-11 0.0543272 1.17034e-10 0.00565459 1.68252e-11 0.038353 0.167579 0.32135 0.0477116 0.203492 0.00170863 0.167464 0.0327251 5.75993e-09 0.0709228 1.99747e-10 0.0222863
396.499 1.69444 176.976 134.294 1.00823 1.06399 0.1 0.4 0.8 1.2 1.6 1.8 2.2 2.7 3.2 3.8 4.4 4.8 0.0190122 0.122159 0.245106 0.175171 0.219039 4.15709e-09 0.116715 0.0610211 0.0270285 0.0205027 0.00247426 1.20942e-10 0.0392146 0.136571 0.201432 0.2016 0.0969263 0.115779 0.105287 0.0385701 0.077925 0.00463845 0.0460492 1.20719e-10
