Chi2   rChi2   BIC   AIC    Qichtot    Qimtot  R[0]  R[1]  R[2]  R[3]  R[4]  R[5]  R[6]  R[7]  R[8]  R[9]  R[10]  R[11]  Q0ch    Q1ch    Q2ch    Q3ch    Q4ch    Q5ch    Q6ch    Q7ch    Q8ch    Q9ch    Q10ch    Q11ch    Q0m    Q1m    Q2m    Q3m    Q4m    Q5m    Q6m    Q7m    Q8m    Q9m    Q10m    Q11m
458.177 1.95802 214.423 171.741 1.01473 1.02897 0.0001 0.5 0.7 1.3 1.6 2 2.1 2.8 3.3 3.4 4.7 5.2 0.0674019 0.0900204 0.14494 0.39592 0.0282604 0.126455 0.0432791 0.0348584 0.0705977 1.80697e-10 6.92357e-12 0.0129946 0.0596132 0.0848547 0.226169 0.28088 0.0642484 0.0615789 0.120654 0.0566789 0.0440891 0.0112374 0.0189677 6.71507e-10
452.693 1.93458 211.304 168.622 1.01421 1.12726 0.1 0.4 0.9 1.3 1.6 2 2.4 2.9 3.5 4 4.2 5.1 0.0624035 0.102931 0.225488 0.218651 0.144522 0.129848 0.00807103 0.066155 0.0463821 5.88418e-15 1.00031e-13 0.00976375 0.0504817 0.133363 0.269382 0.138053 0.170013 0.0743542 0.11146 0.0587433 0.0452288 0.0346244 0.000847321 0.0407064
382.766 1.63575 167.846 125.164 1.01047 1.03216 0.2 0.4 0.7 1.2 1.6 2 2.5 2.8 3.2 3.7 4.3 5.2 0.0473989 0.0453634 0.251378 0.245527 0.151105 0.11371 0.0852812 0.00496571 0.0471206 1.27386e-10 0.0186208 1.32672e-14 0.108623 0.00307536 0.230761 0.257877 0.129421 0.113939 0.084083 0.0349878 0.0144749 0.0328934 0.0181331 0.00389196
444.52 1.89966 206.585 163.903 1.01478 1.04648 0.2 0.4 0.7 1 1.5 1.9 2.3 2.9 3.4 3.6 4.8 5.2 0.096329 0.0586526 0.0439912 0.282503 0.259874 0.107184 0.0516331 0.0483271 0.0542494 2.84343e-09 3.30497e-10 0.0120362 0.0781701 0.0714598 0.128413 0.231926 0.184975 0.147413 0.0641678 0.0757343 0.0183025 0.0226784 0.0232448 5.56888e-13
446.164 1.90668 207.541 164.859 1.01499 1.07651 0.2 0.5 0.9 1.2 1.7 2.2 2.5 3.1 3.5 3.8 4.8 5.2 0.105305 0.0739825 0.165218 0.242892 0.245378 0.0422573 0.0400575 0.0541252 0.033621 2.81941e-13 3.59773e-12 0.01215 0.085821 0.120686 0.229099 0.135671 0.237441 0.0787564 0.0482599 0.0823306 0.00160053 0.0279152 0.0289241 1.27661e-06
446.644 1.90873 207.82 165.138 1.01449 0.997951 0.2 0.3 0.7 1 1.5 1.6 2.2 2.3 3.1 3.5 4.3 5.1 0.0397097 0.120184 0.0147682 0.333395 9.47132e-11 0.307686 0.0288931 0.0651513 0.0643015 0.028845 5.88418e-15 0.0115519 0.00912703 0.141274 0.120077 0.243004 0.0466966 0.210966 0.102446 0.0401441 0.0708438 0.0057077 0.00100874 0.00665613
387.783 1.65719 171.219 128.537 1.01044 0.989052 0.2 0.6 0.7 1.2 1.6 2 2.3 2.9 3.4 4.3 4.8 5.3 0.0590185 0.0951135 0.186237 0.248978 0.158299 0.080358 0.0857757 0.0586249 0.0207412 0.017295 1.69309e-14 4.85167e-14 0.0949283 0.0755415 0.177985 0.240591 0.132066 0.111749 0.0642619 0.0561229 0.0197825 0.0160231 1.92624e-14 5.25691e-14
380.038 1.62409 165.994 123.312 1.01051 1.09354 0.2 0.6 0.7 1.2 1.7 2.1 2.3 2.9 3.4 4.1 4.6 6 0.0583412 0.112098 0.163224 0.273486 0.186554 0.022065 0.0994691 0.0560895 0.0206142 0.0109815 0.00758569 7.32536e-11 0.094473 0.0971425 0.152322 0.261775 0.168412 0.0832778 0.0579463 0.0657113 0.04572 0.0123758 0.0374568 0.0169278
453.85 1.93953 211.965 169.283 1.01441 1.00406 0.2 0.6 0.7 1.1 1.5 1.6 2 2.4 3 3.5 4.1 5.1 0.112413 0.077602 0.0506305 0.30498 3.73265e-07 0.233107 0.0895925 0.0353196 0.0613734 0.0389214 1.54321e-14 0.0104724 0.0979408 0.0900273 0.130194 0.232937 6.68232e-07 0.185481 0.119893 0.0530102 0.0664107 0.0177558 1.15936e-09 0.0104111
458.049 1.95747 214.35 171.668 1.01241 1.21472 0.1 0.5 0.8 1 1.4 1.8 2.2 2.7 3.3 3.8 3.9 5 0.0733717 0.130106 1.97843e-09 0.248172 0.229177 0.153446 0.05612 0.0397258 0.0722675 1.03988e-10 1.16723e-11 0.0100268 0.0633097 0.157888 0.0909815 0.139098 0.259537 0.0869337 0.107786 0.11883 0.0307115 0.0575185 0.0381696 0.0639565
448.524 1.91677 208.908 166.226 1.01335 1.06928 0.2 0.5 0.8 1 1.5 1.9 2.2 2.7 3.3 3.4 4.1 5 0.103919 0.0828484 4.32793e-12 0.297887 0.254294 0.11032 0.0340271 0.0531666 0.0345576 0.0321675 1.01896e-11 0.0101605 0.07877 0.141109 0.0522195 0.232964 0.209278 0.0983433 0.0868104 0.0598805 0.0690859 9.77456e-09 0.0174646 0.0233578
447.74 1.91342 208.455 165.773 1.01502 1.01985 0.2 0.5 0.9 1.3 1.7 2.2 2.3 3 3.5 3.1 4.8 5.2 0.108194 0.0610993 0.219855 0.233631 0.19359 0.075719 0.00977003 0.062185 0.0396306 2.47043e-10 7.93032e-13 0.0113429 0.0807003 0.133323 0.227392 0.162063 0.187264 0.0528142 0.0755 1.57114e-07 0.0116712 0.0734149 0.015709 1.57985e-12
383.585 1.63925 168.4 125.718 1.01044 1.01618 0.3 0.7 0.9 1.3 1.5 1.8 2.3 3 3.5 3.7 4.3 4.5 0.10112 0.177263 0.139908 0.168368 0.105029 0.109557 0.121814 0.0574533 0.0121099 0.000223634 0.017599 1.06667e-10 0.156259 0.0660558 0.230394 0.113129 0.102763 0.130297 0.114924 0.0633047 3.69449e-09 0.0212308 0.0178229 1.03262e-09
443.017 1.89323 205.708 163.026 1.01472 1.03789 0.1 0.4 0.9 1 1.5 1.8 2.2 2.7 3.3 3.5 4.8 5.2 0.055793 0.123566 8.29845e-09 0.312657 0.222909 0.115312 0.0571363 0.045286 0.0593586 0.0105091 2.60097e-12 0.012189 0.0337891 0.167416 0.0751008 0.26047 0.0946708 0.203377 0.0434282 0.0827738 0.0314173 0.0243026 0.0211432 3.2685e-13
444.321 1.89881 206.469 163.787 1.01479 1.04925 0.2 0.4 0.8 1.2 1.7 2.1 2.3 2.9 3.4 3.6 4.8 5.2 0.102112 0.0434286 0.168675 0.280282 0.233949 0.0151604 0.0578702 0.0462888 0.0550828 7.09588e-10 7.22256e-12 0.0119416 0.0766252 0.0808264 0.23336 0.193376 0.204967 0.0714535 0.0454671 0.0778369 0.0166136 0.024644 0.0240837 3.9787e-11
444.828 1.90097 206.765 164.083 1.01482 1.04068 0.2 0.4 0.8 1.3 1.7 1.9 2.2 2.8 3.4 3.5 4.8 5.2 0.110315 0.0226447 0.214441 0.314584 0.0682671 0.127187 0.0296366 0.0580441 0.0579837 1.67458e-08 1.78946e-12 0.011713 0.0806944 0.0699556 0.26038 0.226545 0.051314 0.156384 0.0445142 0.0828596 0.0233576 0.0226073 0.0220699 3.28904e-13
451.941 1.93137 210.873 168.191 1.01431 1.16257 0.2 0.5 0.9 1.3 1.7 2.1 2.4 3.1 3.5 4 4.1 5.2 0.108177 0.06242 0.217126 0.236559 0.187263 0.0575607 0.0397604 0.0659273 0.0274941 1.95599e-12 1.87073e-14 0.012024 0.0905238 0.119547 0.213521 0.21799 0.154815 0.0218951 0.155218 0.0555819 0.0275082 0.0433914 0.0134688 0.0491118
453.485 1.93797 211.757 169.075 1.01431 1.11404 0.0001 0.4 0.8 1.1 1.6 1.8 2.3 2.9 3.5 4 3.6 5.1 0.0497766 0.126848 0.0645869 0.315616 0.159811 0.128844 0.0515613 0.0586148 0.04936 2.64068e-11 1.12761e-10 0.00929057 0.0461203 0.13109 0.155076 0.218275 0.227695 0.0137243 0.144668 0.0679513 0.0242362 0.0285637 0.0182248 0.0384139
450.083 1.92343 209.806 167.124 1.01502 1.07332 0.1 0.5 0.7 1.2 1.6 2 2.1 2.9 3.5 4.6 4.7 5.2 0.0808531 0.0598197 0.145673 0.309382 0.156096 0.124832 0.0129828 0.0691102 0.0450839 1.13231e-10 4.15085e-12 0.0111891 0.063867 0.0992106 0.184722 0.240755 0.153596 3.92375e-08 0.166649 0.0837819 0.0465227 0.0225371 0.0022901 0.00939267
450.956 1.92716 210.308 167.627 1.01511 1.07872 0.1 0.5 0.8 1.3 1.9 1.8 2.4 2.9 3.5 3.6 4.7 5.2 0.0793748 0.085736 0.167863 0.349032 0.186812 0.00769039 0.0162039 0.0648985 0.0462897 5.55495e-12 1.75578e-11 0.0112109 0.0650989 0.123519 0.209232 0.257071 0.200706 0.0124077 0.0463025 0.0826193 0.0274242 0.0212822 0.0274102 0.00564291
444.511 1.89962 206.58 163.898 1.01478 1.0489 0.0001 0.4 0.8 1.1 1.6 1.9 2.3 2.9 3.4 3.6 4.8 5.2 0.051864 0.119017 0.0870922 0.283365 0.235155 0.0645728 0.0607914 0.0456196 0.0554399 7.27612e-12 2.96448e-11 0.0118654 0.0383275 0.139445 0.169138 0.204129 0.169929 0.116517 0.0704885 0.074621 0.0195119 0.02265 0.0241424 3.27516e-13
556.001 2.37607 264.543 221.861 1.01081 1.25783 0.2 0.3 0.7 1 1.4 1.6 2 2.6 3.2 3.5 4.1 4.7 0.008585 0.145082 5.03296e-07 0.38187 0.0475483 0.202081 0.0388164 0.152671 0.001566 5.12873e-12 0.0325907 5.48117e-13 0.0220544 0.123665 0.151037 0.190389 0.146589 0.0938004 0.175612 0.0920556 0.0728092 0.0677447 0.0273534 0.0947222
392.03 1.67534 174.04 131.358 1.01073 1.02907 0.0001 0.5 0.8 1.3 1.4 1.6 2 2.5 3.1 3.7 4.4 4.3 0.0302877 0.143388 0.212696 0.255811 1.27288e-08 0.0809566 0.138399 0.074261 0.0503735 0.00900009 0.0155557 5.5549e-11 0.0599589 0.146456 0.165061 0.299023 3.89247e-08 0.0396728 0.134338 0.0971711 0.0376934 0.0299362 0.0197552 8.89181e-11
379.165 1.62036 165.398 122.716 1.01033 1.08273 0.1 0.5 0.8 1.3 1.7 2 2.3 2.9 3.5 4.3 4.5 6 0.0348033 0.133807 0.219855 0.258166 0.114541 0.0635277 0.0884492 0.0613202 0.0198628 0.0119857 0.00400938 1.99856e-11 0.0604105 0.141716 0.187688 0.263266 0.06839 0.136916 0.0512223 0.07621 0.0430317 2.08319e-11 0.0391935 0.014685
383.618 1.63939 168.422 125.74 1.0101 1.0401 0.2 0.5 0.8 1.3 1.4 2 2.2 2.8 3.4 4.2 4.5 4.6 0.0526121 0.0946269 0.261841 0.0378776 0.271949 0.112003 0.0675502 0.0691031 0.0262383 0.0113709 0.00493292 8.68366e-11 0.0885639 0.087874 0.229966 0.118147 0.167512 0.172014 0.0259861 0.0728111 0.0435064 0.00199829 0.0317172 2.781e-12
381.804 1.63164 167.195 124.513 1.01036 1.03676 0.0001 0.5 0.7 1.1 1.3 1.8 2.2 2.7 3.2 3.7 4.3 5.2 0.0357082 0.0778354 0.239911 0.0298243 0.282674 0.129268 0.101362 0.0540984 0.0389122 0.00310721 0.0176547 1.23265e-11 0.0661641 0.0924968 0.174527 0.0924168 0.234398 0.128305 0.0927887 0.0845524 0.011808 0.035414 0.018653 0.00523283
443.112 1.89364 205.763 163.081 1.01437 1.10424 0.2 0.3 0.9 1.3 1.5 1.9 2.3 2.8 3.4 3.9 5.1 5.2 0.0595005 0.0914167 0.257519 0.150137 0.159609 0.14558 0.0257788 0.0543444 0.059736 3.64486e-13 0.00408861 0.00666029 0.0215893 0.142951 0.315189 0.0228313 0.239045 0.0633064 0.118273 0.0692215 0.0322795 0.0421783 0.0239858 0.0133855
383.227 1.63772 168.158 125.476 1.01001 1.13516 0.0001 0.6 0.8 1.2 1.3 1.9 2.3 2.8 3.4 4 4.3 5.2 0.0377642 0.220281 0.106548 2.87262e-09 0.314312 0.157793 0.0652703 0.0658203 0.0249047 9.93919e-09 0.0173194 1.94892e-09 0.0667983 0.242458 0.0106954 0.222734 0.133843 0.150973 0.087334 0.0919939 0.0200037 0.0778179 4.7411e-12 0.0305131
700.402 2.99317 324.342 281.66 1.01607 1.1459 0.2 0.4 0.7 0.9 1.4 1.8 2.1 2.8 3.3 3.8 3.4 5 0.0451645 0.117405 0.00759195 0.291502 0.137115 0.275115 0.0269698 0.00443575 0.101188 1.03584e-12 2.02962e-10 0.00958143 0.105136 0.00560858 0.236998 0.0534152 0.344612 2.08649e-09 0.159663 0.119336 6.11111e-07 0.0570507 0.0110661 0.053019
383.868 1.64046 168.591 125.909 1.01052 1.00971 0.2 0.4 0.8 1.3 1.5 1.8 2.2 2.8 3.3 3.9 4.3 4.5 0.0332665 0.0967067 0.27812 0.175667 0.123176 0.0733504 0.124687 0.05651 0.0306494 0.000436102 0.0179462 4.33265e-13 0.0701348 0.0889399 0.245559 0.227051 0.0232845 0.131187 0.106965 0.0612913 0.0279314 0.0137542 0.0136144 7.91089e-13
383.507 1.63892 168.347 125.665 1.01049 1.01544 0.2 0.6 0.7 1.2 1.6 1.8 2.2 2.8 3.3 3.8 4.3 4.6 0.0591279 0.0925781 0.18935 0.248094 0.147929 0.0420178 0.125755 0.0568051 0.030301 0.000526741 0.0180008 2.95097e-13 0.0935146 0.0965565 0.152182 0.262401 0.0649855 0.117651 0.106145 0.0639361 0.0262878 0.0148169 0.016969 1.10926e-11
497.663 2.12676 235.833 193.151 1.01401 1.16029 0.1 0.5 0.9 1.4 1.9 2.1 2.5 3.1 3.6 3.7 4.8 5.2 0.0727121 0.123842 0.183735 0.371332 1.27103e-10 0.153026 1.80584e-09 0.0796759 0.0178123 1.62274e-09 6.4392e-10 0.01188 0.0684522 0.138551 0.246173 0.254472 0.0801941 0.0926196 0.0870642 0.0600085 2.54301e-08 0.0751602 0.0441326 0.0134654
733.327 3.13388 336.24 293.558 1.01383 1.09807 0.1 0.5 0.9 1.1 1.5 1.9 2.2 2.7 3.3 4.3 4.7 4.8 0.0513139 0.119448 0.194558 0.196155 0.149743 0.0337868 0.188018 1.20737e-13 0.0643827 4.44089e-16 0.0164188 1.10432e-11 0.056777 0.175024 0.143752 0.168303 0.123811 0.201441 0.0181578 0.0893803 0.0693332 0.0478418 0.0042498 8.64409e-12
406.527 1.73729 183.445 140.763 1.01105 1.00972 0.3 0.4 0.9 1 1.6 2 2.5 2.7 3.4 3.9 4.4 4.6 0.0526976 0.101919 0.263125 0.099373 0.258108 0.0706807 0.0750427 0.0390612 0.0352998 1.25154e-10 0.0157454 1.49759e-09 0.136413 0.0442116 0.167332 0.185067 0.201086 0.129623 0.00211366 0.0923246 0.0247286 0.017088 0.00972767 1.23251e-09
463.886 1.98242 217.63 174.948 1.01479 1.04166 0.0001 0.3 0.8 1.3 1.4 2 2.2 2.7 3.3 4 4.7 5.2 0.0272233 0.115329 0.205089 0.143517 0.245633 0.116887 0.0443328 0.026886 0.0775596 3.4972e-12 6.63092e-12 0.0123368 0.011109 0.134633 0.278043 0.00661791 0.276904 0.148547 0.0373807 0.0584599 0.065785 0.0013881 0.0227929 1.59334e-08
383.28 1.63795 168.194 125.512 1.01003 1.05377 0.1 0.6 1.1 1.4 1.6 2 2.3 2.9 3.5 4.3 4.5 4.6 0.0394494 0.252652 0.248418 0.0372548 0.180145 0.063553 0.0933623 0.0589032 0.0215792 0.012559 0.00215794 5.28577e-13 0.0667166 0.247946 0.193201 0.135495 0.0665815 0.146218 0.0489413 0.0732758 0.0394001 2.40562e-09 0.0359935 6.56697e-14
383.22 1.63769 168.153 125.471 1.01045 1.01794 0.2 0.5 0.8 1.3 1.4 1.9 2.2 2.7 3.2 3.7 4.3 4.6 0.0517376 0.0982954 0.255188 0.0856541 0.214512 0.0985639 0.0922451 0.0545091 0.03875 0.00331098 0.0176839 1.87393e-09 0.0860762 0.0953075 0.215389 0.223998 0.0469988 0.155966 0.0571101 0.0679911 0.0318637 0.0182677 0.0189755 1.30122e-07
386.472 1.65159 170.342 127.66 1.01044 1.03348 0.1 0.4 0.9 1.4 1.5 2 2.3 2.9 3.3 4.1 4.3 5.2 0.0100623 0.152967 0.313144 0.00726862 0.264482 0.0718261 0.0972608 0.049438 0.0253492 2.40861e-07 0.0186405 1.22866e-11 0.0464977 0.140303 0.270897 0.120245 0.166252 0.0383548 0.140633 0.037958 0.0323038 0.0346207 2.09244e-09 0.00541753
388.726 1.66122 171.848 129.166 1.01023 1.10472 0.0001 0.6 0.8 1.2 1.5 1.9 2.3 2.9 3.6 3.9 4.6 5.1 0.0371449 0.233279 0.0728931 0.229451 0.131109 0.119567 0.088913 0.0637301 0.0211476 0.00200741 0.0109904 6.08402e-14 0.0640113 0.226899 0.0615167 0.236799 0.0800233 0.182154 0.0584559 0.0939653 0.0412257 0.014399 0.045275 1.95344e-13
607.607 2.59661 287.531 244.849 1.0108 1.59281 0.0001 0.6 0.7 1.2 1.4 1.9 2.3 2.8 3.5 4.3 5 5.1 0.0398234 0.188072 0.114899 0.198524 0.136484 0.146575 0.0792782 0.0716498 0.00641617 0.0290743 1.87425e-11 1.36461e-11 0.0604994 0.156991 0.115727 0.209327 0.219036 0.151016 0.0101375 0.212172 0.187719 0.0352447 0.0665455 0.168397
449.49 1.9209 209.465 166.783 1.01436 0.997262 0.1 0.3 0.7 1 1.5 1.7 2.2 2.7 3.2 3.5 4 5.1 0.0249655 0.131137 0.0295924 0.309616 0.179577 0.14207 0.0765805 0.0311362 0.0571478 0.0209361 3.73035e-13 0.0116042 2.34459e-08 0.159463 0.0820459 0.298533 0.0351121 0.226066 0.0835179 0.0536603 0.0424105 0.00842998 2.54457e-07 0.00802355
444.132 1.898 206.359 163.677 1.01485 1.0326 0.0001 0.4 0.8 1.3 1.8 1.9 2.2 2.7 3.3 3.4 4.8 5.2 0.0591948 0.0908383 0.186896 0.341657 0.0276514 0.170464 7.76828e-11 0.0625103 0.0116789 0.0525013 4.82581e-12 0.0114604 0.0378201 0.13425 0.224356 0.253086 0.115873 0.0520003 0.0752199 0.0564951 0.0631027 4.3282e-13 0.020399 1.93734e-13
624.471 2.66868 294.622 251.94 1.0106 1.64796 0.3 0.7 1 1.4 1.5 1.9 2.2 2.8 3.4 4.3 4.7 5.2 0.104559 0.199603 0.170902 0.0709781 0.181822 0.0434174 0.133189 0.0680157 0.0096551 0.0284584 1.316e-10 1.0289e-12 0.139003 0.108757 0.282948 9.25128e-10 0.245022 0.145373 0.022 0.173548 0.228145 0.0250346 0.106849 0.171283
404.276 1.72768 182.007 139.325 1.01102 1.0176 0.3 0.4 0.8 1.1 1.7 1.9 2.5 3 3.4 3.8 4.4 4.6 0.0724548 0.0635629 0.211746 0.210231 0.271037 3.3237e-06 0.122355 0.00844328 0.0355707 7.15039e-12 0.0156126 2.70582e-09 0.159169 0.00211556 0.179926 0.228676 0.181455 0.0896668 0.0868676 0.0470964 0.00523577 0.025047 0.0123456 2.78495e-09
382.174 1.63322 167.445 124.763 1.01054 1.01085 0.0001 0.5 0.8 1.1 1.3 1.7 2.1 2.6 3.2 3.8 4.3 4.6 0.0305346 0.142351 0.213824 2.90001e-09 0.261744 0.114134 0.11591 0.0678629 0.0448836 0.000998127 0.0182967 1.9148e-12 0.0614891 0.145687 0.135802 0.114148 0.174928 0.129106 0.0951225 0.0944679 0.0230286 0.0272976 0.00976926 3.53439e-13
384.86 1.6447 169.259 126.577 1.01063 1.0679 0.0001 0.5 0.8 1.3 1.7 1.9 2.3 2.9 3.5 4.3 4.6 6 0.030568 0.14285 0.212406 0.264549 0.0917232 0.0722051 0.100139 0.0589793 0.0213682 0.0131667 0.00267765 3.50411e-11 0.0579 0.135541 0.203331 0.254473 0.0171686 0.179343 0.0559411 0.0758038 0.032088 0.00197755 0.0332898 0.0210446
382.204 1.63335 167.465 124.784 1.00978 1.08302 0.0001 0.4 0.7 1.2 1.4 1.8 2.2 2.8 3.3 3.7 4.3 4.6 0.0298385 0.0588712 0.267544 0.159181 0.166956 0.105275 0.116017 0.0589354 0.0280752 0.00348946 0.015602 2.39642e-09 0.0454331 0.0952675 0.206852 0.235321 0.0574886 0.162664 0.099853 0.0695032 0.0426434 0.0231106 0.0111077 0.0337723
392.221 1.67616 174.166 131.485 1.01065 1.012 0.0001 0.3 0.6 0.8 1.3 1.8 2 2.6 3.1 3.6 4.4 4.6 0.0339427 0.00908437 0.207913 0.115289 0.310774 0.0575439 0.134892 0.0785602 0.0305464 0.0182374 0.013869 1.88138e-12 0.0151949 0.128576 4.69623e-08 0.268999 0.22508 0.125417 0.0989944 0.0721776 0.0404698 0.0176582 0.0194286 3.46628e-07
3005.29 12.8431 701.569 658.887 1.00859 2.66189 0.2 0.5 0.8 1.3 1.7 2 2.4 3.1 4.1 4 4.5 5.1 0.0519995 0.109047 0.238481 0.247752 0.102497 0.0787309 0.0858675 0.0625275 0.0316884 5.93502e-08 1.69318e-11 5.14588e-14 0.0395909 0.0184934 0.196693 0.387462 0.298499 0.3173 0.176066 0.0392247 0.0678694 0.217145 0.389399 0.514145
3228.69 13.7978 720.14 677.458 1.00875 2.5534 0.3 0.7 0.8 1.2 1.6 1.9 2.3 2.4 3.3 3.9 4.3 5.1 0.132129 0.100139 0.128227 0.188349 0.161741 0.178682 1.10607e-05 1.31923e-08 0.119466 6.10335e-09 1.94789e-07 1.38806e-08 0.0620396 0.0462061 0.0892583 0.353198 0.284464 0.362627 2.47405e-05 0.230994 1.02704e-10 0.0813191 0.500912 0.542361
2999.75 12.8195 701.091 658.409 1.00843 2.69615 0.3 0.2 0.7 1.1 1.5 1.8 2.3 3 3.2 4 4.5 5.2 0.0880053 0.00993621 0.227891 0.208197 0.161254 0.102751 0.1045 0.0651556 0.00417127 0.0365679 4.44076e-09 2.97595e-13 0.0593533 7.93878e-10 0.0912506 0.313036 0.268827 0.401978 0.304645 0.0416503 4.83063e-10 0.238683 0.487212 0.489515
3043.31 13.0056 704.825 662.143 1.0068 2.49222 0.2 0.3 0.7 1.1 1.5 1.9 2.3 2.7 3.4 4 4.5 5.1 0.0962229 0.0330933 0.134728 0.260464 0.19704 0.139071 0.00870557 0.0562626 0.0812123 2.81358e-11 2.14629e-10 5.39013e-14 0.0182187 0.0395107 0.104392 0.259346 0.414497 0.293766 0.268664 7.65713e-09 1.83122e-10 0.241632 0.406628 0.445563
2972.28 12.7021 698.708 656.026 1.00894 2.69547 0.1 0.6 0.7 1.2 1.6 1.9 2.2 2.8 3.2 4.1 4.5 5.1 0.0441002 0.186072 0.103656 0.276319 0.105595 0.0809965 0.0867247 0.0618949 0.0293217 0.034261 1.19127e-13 2.22045e-16 0.0282606 0.0534719 0.113372 0.33112 0.405945 0.133551 0.343121 0.0562621 0.029707 0.345939 0.315237 0.539487
3030.15 12.9494 703.703 661.021 1.01004 2.44375 0.2 0.5 0.9 1.3 1.5 1.8 2.3 3 3.3 4 4.3 5.1 0.0473268 0.143957 0.263997 0.0999435 0.146271 0.0938772 0.107766 0.0669068 0.00354497 0.036452 4.39373e-11 1.97514e-12 0.0302791 0.0620744 0.177293 0.336641 0.0656959 0.450859 0.264343 0.000903465 1.47505e-10 0.0448185 0.464562 0.546285
2970.24 12.6933 698.531 655.849 1.00796 2.71351 0.2 0.5 0.9 1.4 1.6 2 2.4 3 3.1 4 4.4 5.1 0.0475868 0.143541 0.270645 0.197346 0.0724466 0.104552 0.0711403 0.0563441 0.00839071 0.0359688 3.4734e-08 7.48995e-12 0.0320995 0.0599235 0.212113 0.436967 0.121928 0.421363 0.148898 0.0609589 1.7305e-11 0.224166 0.432905 0.562187
3099.71 13.2466 709.581 666.899 1.01091 2.55882 0.2 0.6 0.8 1.2 1.4 1.6 2.1 2.6 3.2 3.9 4.3 5.1 0.108996 0.0904523 0.119598 0.180844 0.182411 0.0761172 0.127293 0.0141816 0.0776352 0.0333805 2.18714e-14 2.10942e-15 0.0456449 0.0146151 0.208474 1.37753e-09 0.42478 0.202382 0.509161 0.00838421 5.59404e-11 0.134229 0.382258 0.628895
3147.71 13.4517 713.561 670.879 1.00696 2.38957 0.0001 0.3 0.7 1 1.5 1.7 2.2 2.4 3.3 4 4.4 5 0.00941109 0.162665 0.000517735 0.337983 0.142338 0.175849 3.09505e-08 0.0811683 0.0904183 0.0066069 1.2169e-09 9.10327e-13 4.62225e-10 0.0676287 0.0554891 0.257685 0.399026 0.212848 0.379106 4.98559e-09 5.36015e-06 0.198046 0.319588 0.500145
3088.23 13.1976 708.62 665.938 1.00667 2.88543 0.0001 0.5 0.9 1.3 1.6 1.9 2.3 2.7 3.4 4 4.4 5.1 0.0597484 0.15896 0.127895 0.313754 0.0868171 0.0714413 0.0782478 0.0204203 0.0799805 0.00940268 3.71925e-14 8.27528e-11 0.021053 0.096147 0.143724 0.354002 0.206483 0.389806 0.279379 1.0506e-09 0.0879198 0.29242 0.348821 0.665678
3153.92 13.4783 714.071 671.389 1.00908 2.54187 0.0001 0.5 0.9 1.3 1.5 1.8 2.2 2.8 3.5 3.9 4.2 5.1 0.065059 0.136591 0.167387 0.279585 0.0280703 0.151218 0.0532839 0.0461721 0.0773038 0.00441381 9.64495e-12 7.03881e-14 0.0217676 0.0855499 0.154864 0.273261 0.204407 0.32726 0.355535 6.78735e-13 0.0343862 1.0145e-09 0.463628 0.621214
3553.03 15.1839 744.933 702.251 1.00812 2.40516 0.2 0.5 0.9 1 1.5 1.8 2.2 2.9 3.2 3.8 4.2 4.8 0.0500866 0.141082 0.272465 0.0154316 0.274287 5.24701e-09 0.142591 0.0639123 0.0200783 0.00096154 0.0272256 9.1499e-13 0.044132 0.0805692 0.0909113 0.184614 0.349949 0.26348 0.390223 4.104e-10 4.79783e-13 0.102806 0.475007 0.423471
2980.47 12.7371 699.421 656.739 1.01075 2.54317 0.3 0.5 0.9 1.3 1.5 2 2.4 3 3.4 4.2 4.6 5.1 0.0863325 0.0910039 0.294261 0.0405581 0.221692 0.0976575 0.0768155 0.0550257 0.0157939 0.0316118 1.20837e-12 3.3773e-13 0.0583691 0.0214692 0.224058 0.146085 0.406084 0.40573 0.145685 0.0255253 3.37386e-11 0.422073 0.167954 0.520138
3031.36 12.9545 703.806 661.124 1.00748 2.56821 0.0001 0.4 1 1.2 1.5 1.8 2.2 2.9 3.5 4.1 4.5 5.1 0.0498199 0.134242 0.312394 1.04139e-07 0.222477 0.105191 0.0582269 0.0606682 0.0644624 7.73283e-11 7.21645e-15 3.70598e-12 0.00620727 0.0904208 0.301729 3.54808e-10 0.41147 0.237585 0.338492 0.0477971 2.24871e-08 0.320507 0.325055 0.488947
394.206 1.68464 175.474 132.792 1.01051 1.08737 0.3 0.7 0.8 1 1.5 2 2.4 2.9 3.2 4 4.3 5.3 0.100459 0.19708 3.76454e-10 0.184259 0.267478 0.0805892 0.104984 0.0106803 0.0467527 1.99669e-11 0.0182231 1.92763e-10 0.1698 1.59078e-12 0.104307 0.23611 0.226002 0.0867099 0.113497 0.0448488 0.0155762 0.064366 4.56004e-11 0.0261554
381.739 1.63136 167.15 124.468 1.01045 1.01216 0.0001 0.5 0.7 1.1 1.3 1.6 2.1 2.6 3.1 3.7 4.2 4.3 0.0358906 0.0780744 0.236052 0.0620211 0.214045 0.118276 0.142821 0.0505731 0.0493564 0.00600945 7.56928e-09 0.0173319 0.0630244 0.121876 0.119532 0.214139 0.0662129 0.16286 0.113736 0.085273 0.0243131 0.0257648 0.0154252 1.52196e-09
383.445 1.63865 168.305 125.624 1.0105 1.01353 0.1 0.5 0.8 1.2 1.4 2 2.1 2.7 3.3 3.9 4.3 4.5 0.0353278 0.129716 0.22918 0.0583852 0.261242 0.105988 0.0654856 0.0730263 0.0341975 7.34667e-11 0.0179489 4.17333e-13 0.059511 0.143485 0.179405 0.118061 0.187214 0.186614 6.0184e-09 0.0773827 0.0343497 0.0118437 0.015667 3.26128e-13
382.593 1.63501 167.729 125.047 1.01046 1.01431 0.0001 0.4 0.7 1 1.3 1.8 2.2 2.6 3.1 3.7 4.3 4.4 0.0319326 0.0503672 0.283316 0.000109 0.303926 0.123785 0.10091 0.0418761 0.0513138 0.00545216 0.0174724 1.20707e-07 0.0570597 0.0790999 0.184504 0.0864842 0.249683 0.135735 0.0736147 0.0799119 0.0256285 0.0279207 0.0146702 2.88011e-09
387.093 1.65424 170.758 128.076 1.00992 1.04911 0.0001 0.6 1.1 1.2 1.6 2 2.4 3 3.5 4.3 4.6 5.2 0.0353754 0.26373 0.159199 0.118749 0.171453 0.0950623 0.0825633 0.0531479 0.0151067 0.0155302 7.37432e-12 2.2693e-13 0.060202 0.264422 0.042843 0.228342 0.120022 0.143348 0.0565355 0.0652723 0.0292956 0.0107583 0.0280667 9.14824e-14
386.894 1.65339 170.625 127.943 1.01041 1.02762 0.2 0.4 0.7 0.9 1.5 2 2.2 2.8 3.2 3.9 4.3 4.7 0.0245331 0.120171 0.0476539 0.276957 0.291342 0.00298763 0.147533 0.0407067 0.0388115 0.00221845 0.0174939 2.68721e-09 0.0729533 0.0897678 0.0368483 0.282798 0.245413 0.0895105 0.0744222 0.0698074 0.0221938 0.0332807 1.9034e-08 0.0106255
446.187 1.90678 207.555 164.873 1.01451 0.998516 0.0001 0.5 0.6 1.2 1.7 1.8 2.3 2.6 3.2 3.4 3.8 5.1 0.0717642 0.0209565 0.171784 0.366566 0.00253641 0.228829 0.00681101 0.0608981 0.0286514 0.0441964 2.44249e-15 0.011514 0.0584829 0.0144155 0.249101 0.300988 6.62881e-12 0.19721 0.0776269 0.028302 0.0656585 3.22131e-12 3.04284e-11 0.00673249
384.15 1.64167 168.781 126.099 1.01034 1.03466 0.3 0.7 0.8 1.1 1.5 1.9 2.1 2.6 3.2 4 4.3 4.6 0.101116 0.152256 0.103595 0.141098 0.248146 0.000921062 0.135095 0.0632799 0.0458692 0.00230937 0.0166571 6.43846e-10 0.157256 1.40512e-10 0.216779 0.1405 0.19366 0.074557 0.0889194 0.071876 0.0517948 0.0269254 2.48981e-08 0.0123906
386.539 1.65187 170.387 127.705 1.01071 1.03576 0.1 0.3 0.7 0.9 1.4 1.9 2.1 2.8 3.4 3.9 4.4 4.6 0.0149705 0.0704917 0.227795 0.102476 0.309625 0.0101468 0.161534 0.070453 0.0259256 0.00132746 0.0159605 8.18655e-11 0.0347638 0.0894125 0.15757 0.162348 0.245961 0.0898932 0.106348 0.0870242 0.0191459 0.0297615 1.36473e-08 0.0135322
383.703 1.63976 168.48 125.798 1.01052 1.01118 0.1 0.4 0.7 1.2 1.5 1.9 2.3 2.8 3.3 3.9 4.3 4.5 0.0315483 0.0626055 0.253907 0.219281 0.137974 0.118294 0.0855765 0.0512135 0.0320058 7.6337e-09 0.0181178 3.43541e-10 0.0531422 0.0804556 0.215225 0.236435 0.0901803 0.152099 0.0688344 0.0578868 0.029331 0.0133846 0.0142048 3.78533e-10
385.799 1.64871 169.89 127.208 1.01037 1.08835 0.1 0.5 0.9 1 1.6 1.7 2.3 2.9 3.4 4.3 4.5 6.1 0.0267479 0.190995 0.0130797 0.292968 0.267914 1.10068e-08 0.130544 0.0441148 0.0281313 0.0122422 0.00363139 3.22442e-10 0.0560434 0.182464 5.8642e-13 0.293419 0.147371 0.122323 0.121836 0.0508054 0.0567417 4.08673e-13 0.0440114 0.0133321
444.758 1.90068 206.724 164.042 1.01481 1.04178 0.2 0.4 0.8 1 1.4 1.9 2.1 2.8 3.4 3.6 4.8 5.2 0.10456 0.038953 0.145589 0.131834 0.289951 0.134034 0.040886 0.0597081 0.0574997 4.55208e-12 6.35048e-13 0.0117979 0.0790977 0.075101 0.228948 0.0733165 0.222853 0.139257 0.0703406 0.0840205 0.0348239 0.0118929 0.0221333 1.94889e-12
