Chi2   rChi2   BIC   AIC    Qichtot    Qimtot  R[0]  R[1]  R[2]  R[3]  R[4]  R[5]  R[6]  R[7]  R[8]  R[9]  R[10]  R[11]  Q0ch    Q1ch    Q2ch    Q3ch    Q4ch    Q5ch    Q6ch    Q7ch    Q8ch    Q9ch    Q10ch    Q11ch    Q0m    Q1m    Q2m    Q3m    Q4m    Q5m    Q6m    Q7m    Q8m    Q9m    Q10m    Q11m
410.298 1.75341 185.837 143.155 1.0142 1.03503 0.2 0.3 0.8 1 1.6 2.1 2.4 3 3.4 4 3.9 5.1 0.0341822 0.130614 0.00792134 0.341904 0.301722 0.0502017 0.0499598 0.0430654 0.0488991 7.10543e-15 5.9952e-15 0.00572846 0.00760932 0.150365 0.150858 0.209727 0.240482 0.0977423 0.0482131 0.0755875 0.00295869 0.0297298 1.64636e-10 0.0217542
414.432 1.77108 188.433 145.751 1.01374 1.10605 0.0001 0.5 0.9 1.2 1.6 2 2.2 2.9 3.4 4.2 4.3 5.2 0.0671707 0.136256 0.127551 0.251035 0.188587 0.101951 0.0264757 0.0610368 0.0480695 1.21569e-14 1.16573e-14 0.00560853 0.0534411 0.170459 0.199042 0.138278 0.173974 0.0949849 0.0722708 0.0854461 0.0353321 0.0302896 0.0189439 0.0335907
426.265 1.82165 195.725 153.043 1.01396 1.06976 0.1 0.3 0.9 1.4 1.5 2 2.4 2.8 3.4 4 4 5.1 0.0336539 0.117543 0.271789 0.210797 0.114918 0.141557 0.0037385 0.0578585 0.0575186 6.58107e-10 6.58107e-10 0.00458959 8.62393e-12 0.165045 0.325432 3.59913e-10 0.224249 0.148502 0.0247449 0.085074 0.0244099 0.0279123 0.0100841 0.0343034
362.082 1.54736 153.458 110.776 1.01109 1.06956 0.0001 0.6 0.7 1.2 1.3 1.8 2.1 2.6 3 3.7 4.2 5.1 0.0401678 0.133775 0.186703 1.09904e-08 0.322812 0.0859052 0.12218 0.0461776 0.0474388 0.0161117 0.00981356 3.45645e-11 0.0699537 0.183729 0.0756033 0.195295 0.132694 0.115687 0.082316 0.0968807 0.0202241 0.0457605 0.0269741 0.0244458
364.62 1.5582 155.267 112.585 1.01156 0.999811 0.2 0.6 0.9 1.2 1.6 2 2.4 3 3.2 4.1 4.5 5.3 0.055603 0.20414 0.122986 0.193373 0.18573 0.0785046 0.0971291 0.0263 0.0302679 0.0175269 7.22433e-12 2.12413e-12 0.0950553 0.150448 0.169008 0.142413 0.166974 0.112702 0.0580781 0.0631241 1.8829e-08 0.0303729 0.000151567 0.0114842
407.312 1.74065 183.945 141.263 1.01361 1.11042 0.0001 0.5 1 1.3 1.6 1.8 2.4 2.6 3.3 3.8 4.2 5.1 0.0651169 0.148219 0.20209 0.230807 7.26239e-09 0.22097 0.0161881 0.0515104 0.0729835 2.68012e-11 1.2681e-12 0.00572699 0.0536609 0.193257 0.208345 0.172667 0.0577144 0.119812 0.121778 0.0384437 0.0465176 0.0330045 0.0249445 0.0402736
370.93 1.58517 159.711 117.029 1.01093 1.05084 0.2 0.7 1.1 1.3 1.4 1.9 2.3 3 3.3 4 4.1 5.1 0.064896 0.311422 1.3594e-08 0.224298 0.0980895 0.128653 0.0969727 0.065718 0.000834767 0.0200471 2.49329e-09 9.21485e-15 0.107776 0.242609 0.0935954 3.30153e-08 0.272698 0.0548908 0.147306 0.0348407 0.0299767 1.63424e-09 0.0460309 0.0211155
579.264 2.47549 275.159 232.477 1.01576 0.96432 0.0001 0.4 0.7 1.1 1.5 1.7 2.1 2.6 3.1 4.1 4.3 4.6 0.0421071 0.114519 0.0613261 0.393653 5.22961e-11 0.212015 0.000586838 0.158089 9.38249e-13 0.0334601 1.35625e-12 1.82993e-12 0.0464901 0.105327 0.161554 0.216664 0.0928943 0.163347 0.0426678 0.0953317 0.023236 0.0166849 0.000123303 8.83738e-14
366.221 1.56505 156.402 113.72 1.01092 1.04063 0.2 0.4 0.8 1.3 1.6 1.9 2.1 2.7 3.2 4 4.1 5.1 0.033314 0.0984626 0.275863 0.210582 0.134667 1.77225e-09 0.1428 0.0628967 0.0343913 0.0119463 0.00599467 7.77111e-11 0.0813513 0.0655112 0.265024 0.217409 0.0406239 0.144543 0.0525127 0.0751999 0.0376231 0.0116639 0.0310392 0.018129
365.5 1.56196 155.891 113.209 1.01108 1.03106 0.2 0.5 0.6 1 1.4 1.6 2.2 2.9 3.2 3.9 4.1 4.9 0.0556037 1.78791e-07 0.209674 0.222491 0.120354 0.164397 0.145625 0.0528892 0.0208262 0.00692816 0.0122881 1.08936e-10 0.0952011 0.0741653 0.0669447 0.263219 0.110701 0.1366 0.148124 0.0712706 1.03334e-07 0.046847 7.22801e-09 0.0179897
411.175 1.75716 186.389 143.707 1.01381 1.1211 0.0001 0.4 0.7 1.1 1.5 1.9 2.3 2.9 3.4 4.2 4.6 5.2 0.0593423 0.0897972 0.104987 0.270638 0.202122 0.139598 0.035477 0.0565456 0.0497227 8.9373e-15 3.09475e-13 0.00558208 0.0480287 0.0923744 0.184584 0.21547 0.141407 0.160308 0.0684955 0.0823232 0.0385094 0.0499621 0.00347045 0.0361713
383.689 1.6397 168.47 125.788 1.01166 0.983343 0.3 0.5 0.9 1.1 1.7 2 2.6 2.9 3.6 3.8 4.5 4.6 0.090552 0.0798292 0.241542 0.150062 0.252478 0.0444465 0.0982854 0.0179026 0.028583 0.00185905 0.00611962 8.09215e-10 0.151073 0.0344907 0.212412 0.16058 0.201992 0.0851774 0.0531212 0.0467711 0.00168968 0.0244768 0.00383621 0.00772203
432.678 1.84905 199.592 156.91 1.01332 0.947057 0.2 0.4 0.6 1.1 1.6 1.7 2.3 2.5 3.3 3.8 4.4 5 0.104168 0.0216828 0.09624 0.35173 0.00118844 0.277251 0.0109182 0.0714679 0.075028 4.48358e-12 6.01963e-13 0.00364425 0.0810217 0.025172 0.175443 0.285224 2.88095e-09 0.217595 0.0651994 0.0485203 0.0343358 1.91422e-10 9.78946e-09 0.0145448
410.313 1.75347 185.846 143.164 1.0139 1.13674 0.2 0.6 0.8 1.1 1.4 1.9 2 2.8 3.4 4.2 4.9 5.2 0.116297 0.0552252 0.136116 0.146655 0.254351 0.130403 0.0503895 0.0641184 0.055123 6.62248e-14 1.12194e-12 0.00521915 0.0993651 0.104892 0.185094 0.0736752 0.228567 1.12209e-05 0.202765 0.0977596 0.0492251 0.0534537 0.00629222 0.0356406
409.834 1.75143 185.544 142.862 1.0137 1.06115 0.1 0.4 0.7 1 1.5 1.8 2.3 2.8 3.3 3.9 3.8 5.1 0.056717 0.123732 8.06259e-08 0.315872 0.22087 0.126357 0.0647735 0.0297624 0.0697296 8.13083e-11 1.82741e-11 0.00588635 0.0503447 0.119626 0.0924157 0.227099 0.261594 0.010334 0.160697 0.0341205 0.0315953 0.0405169 1.42175e-07 0.0328023
432.1 1.84658 199.246 156.564 1.01375 1.18585 0.1 0.5 0.9 1.4 1.5 2 2.2 3 3.5 4.2 4.3 5.2 0.0780823 0.106554 0.213475 0.341282 5.59552e-13 0.141509 0.0223637 0.0723433 0.0325717 2.16493e-15 2.9976e-15 0.00557402 0.0580401 0.164042 0.233145 0.144267 0.135069 0.0637084 0.135569 0.0984606 0.0360627 0.045074 0.0245587 0.0478508
415.528 1.77576 189.117 146.435 1.01342 1.1103 0.2 0.6 0.9 1 1.4 1.8 2.3 2.7 3.3 3.8 4.3 5.1 0.112469 0.102427 2.32157e-09 0.237782 0.230785 0.165778 0.0525606 0.0336417 0.0725249 3.88578e-16 7.09488e-13 0.00545687 0.100896 0.15928 0.0603331 0.130363 0.253465 0.0765504 0.139289 0.0472556 0.0429529 0.038442 0.0228888 0.0385884
413.678 1.76785 187.961 145.279 1.01381 1.08832 0.2 0.4 0.9 1.3 1.7 2 2.4 3.1 3.5 4 5 5.1 0.0972892 0.0623037 0.238451 0.228349 0.185308 0.0519951 0.0533772 0.0641518 0.0271439 3.27492e-11 2.81839e-09 0.00544364 0.0666542 0.121519 0.24631 0.187685 0.170276 5.30483e-10 0.157971 0.0323773 0.0314012 0.0366567 0.016477 0.0209894
385.483 1.64736 169.678 126.996 1.01152 0.999732 0.3 0.4 0.8 1 1.5 1.9 1.7 2.7 3.2 3.7 4.2 4.7 0.0804948 0.0576176 0.155542 0.233012 0.141315 0.162914 0.0393603 0.107257 5.36201e-09 0.0304492 1.28616e-09 0.00356123 0.143704 0.0294227 0.0925208 0.264302 0.113416 0.184237 0.02325 0.0881136 0.0176427 0.0198433 0.0138116 0.009468
362.889 1.55081 154.034 111.352 1.01117 0.989998 0.0001 0.6 1 1.3 1.4 1.9 2.3 2.9 3.2 4 4.3 5.3 0.036995 0.250793 0.16613 2.66071e-08 0.252959 0.118406 0.09726 0.046291 0.0230032 0.0193342 6.80477e-08 1.11022e-16 0.0624009 0.23727 0.139569 0.128238 0.0859594 0.173855 0.0510214 0.0691874 0.00330265 0.0227734 0.00657766 0.00984343
363.753 1.5545 154.651 111.969 1.01121 1.08712 0.2 0.3 0.7 1.2 1.3 1.7 1.9 2.5 3.1 3.5 4.1 5.2 0.0457988 0.0283258 0.293008 0.00877206 0.303398 1.53503e-08 0.176844 0.0897287 0.0407824 0.00823548 0.016317 7.15337e-11 0.0738964 0.0498492 0.212251 0.188176 0.130946 0.0477392 0.118994 0.136345 0.0128657 0.0375456 0.0478512 0.0306605
362.229 1.54799 153.563 110.881 1.0113 1.08518 0.2 0.4 0.8 1.3 1.5 2 2.2 2.8 3 3.8 4.1 5.2 0.0388922 0.0850081 0.298465 0.107334 0.227393 0.0139922 0.149696 0.00625591 0.06202 0.00760592 0.0146423 1.72085e-15 0.0883423 0.0647776 0.238099 0.246977 0.071374 0.0910339 0.0922596 0.0891751 3.74009e-11 0.0429494 0.0288992 0.0312909
362.179 1.54777 153.527 110.845 1.01089 1.06765 0.2 0.6 0.8 1.2 1.5 2 2.2 2.9 3.5 4.1 4.3 5.2 0.0595647 0.151075 0.170932 0.146045 0.220339 0.04528 0.122432 0.0648493 0.0165626 0.0138086 8.19e-12 1.29341e-14 0.0993032 0.0972507 0.199798 0.137889 0.171995 0.131232 0.0541325 0.0851829 0.0206497 0.0296719 0.0186207 0.0219255
365.964 1.56395 156.22 113.538 1.01086 1.05835 0.1 0.5 0.8 1.1 1.3 1.8 2.2 2.7 3.2 4 4.1 5.1 0.0345843 0.137316 0.215944 1.92813e-09 0.276411 0.142609 0.0929013 0.0578014 0.0356829 0.0103496 0.00725731 1.68476e-13 0.0610805 0.144184 0.143496 0.141024 0.126796 0.195758 0.0635768 0.0691747 0.0437857 0.00817237 0.0398124 0.0214923
363.155 1.55194 154.224 111.542 1.01062 1.10033 0.1 0.6 0.8 1.3 1.4 1.9 2.2 2.8 3.4 4 4.6 5.2 0.0430965 0.198891 0.135309 0.24717 0.0703585 0.125238 0.0833154 0.0710654 0.0197763 0.0160377 0.000363587 5.37604e-11 0.076939 0.172975 0.128638 0.137093 0.214381 0.00777534 0.171962 0.0638647 0.0305944 0.0555349 0.0106792 0.0298932
411.061 1.75667 186.318 143.636 1.01382 1.11805 0.1 0.4 0.7 1.1 1.5 1.9 2.3 2.9 3.4 4.2 4.5 5.2 0.0692711 0.0745273 0.112542 0.267161 0.204147 0.138445 0.0359965 0.0563289 0.0498374 7.38298e-15 1.08247e-14 0.00556563 0.0559377 0.0803403 0.190226 0.212931 0.142732 0.159262 0.0687191 0.0818869 0.0379122 0.0484733 0.0035291 0.0361038
413.887 1.76875 188.092 145.41 1.01388 1.07237 0.1 0.5 0.9 1.1 1.6 1.7 2.3 2.4 3.1 3.5 4.1 5.1 0.0718576 0.143138 0.00393925 0.356787 1.05673e-11 0.272744 0.0144323 0.0562732 0.0604984 0.0288483 1.18794e-14 0.00536593 0.058179 0.170529 0.130315 0.201314 4.44517e-11 0.244233 0.0882036 0.0267497 0.0834127 1.02235e-12 0.0409479 0.0284876
409.784 1.75121 185.512 142.83 1.0138 1.09881 0.0001 0.5 1 1.2 1.6 1.8 2.4 3 3.4 3.8 4.4 5.1 0.0648859 0.150207 0.158021 0.217865 0.10223 0.165004 0.0575936 0.0450483 0.0475648 1.18519e-10 1.72269e-11 0.0053828 0.0535057 0.194614 0.177188 0.158845 0.138621 0.0746056 0.151441 0.032025 0.0230207 0.0434907 0.0159223 0.0355295
361.775 1.54605 153.238 110.556 1.01101 1.07581 0.0001 0.6 0.7 1.2 1.3 1.9 2.3 2.9 3.5 3.9 4.3 5.2 0.0400926 0.136074 0.183676 1.63702e-09 0.32705 0.149571 0.0804867 0.0638186 0.0140036 0.010034 0.00620611 2.06168e-13 0.0649202 0.157621 0.131505 0.12893 0.167749 0.192952 0.0516241 0.0867047 0.0140982 0.026443 0.0307562 0.0225076
363.366 1.55285 154.375 111.693 1.01102 1.02702 0.0001 0.6 0.7 1.2 1.3 1.9 2.2 2.8 3.3 4 4.2 5.1 0.0401804 0.13608 0.18316 5.97242e-08 0.329025 0.135031 0.0805753 0.0667655 0.0225628 0.014682 0.00295888 2.84006e-12 0.064441 0.167362 0.117317 0.151104 0.14533 0.190036 0.0372686 0.0801744 0.0193397 0.0270968 0.0121266 0.01542
408.516 1.7458 184.709 142.027 1.01357 1.0672 0.0001 0.4 0.9 1 1.5 1.9 2.4 2.7 3.3 3.8 4.4 5.1 0.0491464 0.133552 2.5518e-09 0.30921 0.246899 0.128601 0.034537 0.0344936 0.0715321 5.63112e-11 1.77213e-11 0.00560282 0.0343103 0.1679 0.0944254 0.204095 0.231814 0.0641831 0.137211 0.0185611 0.0368529 0.0358298 0.0116062 0.030412
364.656 1.55836 155.293 112.611 1.01131 1.05028 0.3 0.7 0.9 1.1 1.4 1.7 2.1 2.7 3.2 3.7 4.2 5.2 0.102112 0.177512 0.135428 0.0373552 0.23994 0.0617382 0.141203 0.0640178 0.0310732 0.00905485 0.0118741 4.94377e-12 0.158425 0.0642152 0.166107 0.162253 0.0191541 0.209865 0.0858297 0.0845134 0.0269138 0.0194261 0.0343342 0.0192465
362.118 1.54751 153.484 110.802 1.01118 1.03511 0.2 0.4 0.7 1.1 1.4 1.9 2.1 2.8 3.3 4.1 5.1 5.2 0.06222 0.00761466 0.298075 0.0662729 0.293675 0.0137368 0.162666 0.0653247 0.025207 0.0163926 1.49286e-12 4.59688e-13 0.101216 1.00424e-10 0.254444 0.123558 0.19333 0.116532 0.085734 0.0772479 0.024699 0.0408321 0.0126651 0.00485172
364.596 1.5581 155.25 112.568 1.01105 1.069 0.0001 0.5 0.7 1.2 1.3 1.9 2.3 2.8 3.2 3.9 4.1 5.1 0.0370149 0.0697173 0.256371 3.79109e-10 0.322088 0.154458 0.0722121 0.052527 0.0266742 0.00922981 0.010762 4.57856e-12 0.0629064 0.111058 0.153492 0.187321 0.155608 0.14385 0.0815219 0.0764465 0.0050186 0.0602964 0.00323421 0.0282504
362.808 1.55046 153.976 111.295 1.01091 1.06808 0.1 0.6 0.9 1.3 1.7 1.9 2.2 2.9 3.5 4.1 4.4 5.2 0.0416625 0.230008 0.126154 0.249636 0.133041 6.10919e-09 0.134996 0.0651906 0.0161893 0.0140297 7.25292e-11 1.58801e-12 0.0705436 0.207676 0.129765 0.234227 0.0457164 0.125248 0.0789034 0.0853406 0.0198048 0.036946 0.012457 0.0214504
365.309 1.56115 155.756 113.074 1.01141 1.05753 0.1 0.6 0.7 1.2 1.6 2 2.4 2.9 3.4 4.2 4.4 5.3 0.0419322 0.183606 0.107875 0.268052 0.142031 0.111211 0.0712275 0.0480867 0.0233827 0.0140035 1.47845e-08 1.34659e-11 0.0666542 0.21331 0.0527702 0.27192 0.0980098 0.156757 0.0400975 0.066001 0.0278552 0.0384402 0.00575688 0.0199631
411.915 1.76032 186.855 144.173 1.01381 1.11484 0.0001 0.4 0.7 1 1.5 2 2.3 2.9 3.4 4.2 4.7 5.2 0.052766 0.120342 0.0219953 0.288117 0.275491 0.123807 0.0178814 0.0588007 0.0489641 2.14978e-12 8.48738e-12 0.00564443 0.0443632 0.110625 0.128795 0.219631 0.210454 0.149773 0.0426148 0.0856043 0.0355414 0.0497097 0.00249564 0.0352341
429.141 1.83394 197.466 154.784 1.0137 1.15567 0.2 0.5 0.7 1.2 1.4 2 2.1 2.7 3.3 4.2 4.4 5.1 0.111493 0.00050045 0.199295 0.139014 0.295702 0.0635085 0.0931349 0.0290778 0.0769281 4.90441e-13 4.48697e-13 0.00505068 0.0989846 2.20758e-10 0.281926 0.0809092 0.252043 0.071484 0.117421 0.0723406 0.0775557 0.0602102 5.99351e-10 0.0427931
410.381 1.75377 185.889 143.207 1.01384 1.14957 0.1 0.5 0.8 1.1 1.6 1.9 2.3 2.9 3.4 4.1 4.6 5.2 0.0739479 0.129849 0.0356951 0.313912 0.218143 0.081908 0.0518355 0.051141 0.0519517 2.43827e-12 4.60743e-15 0.00545822 0.0603677 0.154063 0.11308 0.232314 0.158503 0.11757 0.0834677 0.0846607 0.0403924 0.0508428 0.0164996 0.0378048
408.188 1.74439 184.501 141.819 1.01355 1.10125 0.1 0.5 0.7 1.1 1.6 1.8 2.4 2.7 3.3 3.8 4.3 5.2 0.0729385 0.134555 0.0156302 0.344226 0.142593 0.149056 0.0454678 0.0323565 0.0709781 1.23457e-10 3.03751e-12 0.0057537 0.0571706 0.164282 0.0580528 0.311914 2.29666e-12 0.256484 0.0404794 0.0749579 0.0517769 0.0129352 0.0406739 0.0325227
362.627 1.54969 153.848 111.166 1.01082 1.07588 0.1 0.6 0.8 1.2 1.6 2 2.2 2.9 3.5 4.1 4.3 5.2 0.0419501 0.21717 0.0926368 0.231216 0.187292 0.00652568 0.139944 0.0633476 0.0172605 0.0134739 7.60541e-08 1.37224e-13 0.0709189 0.194412 0.0959192 0.224818 0.13144 0.117126 0.058453 0.0862271 0.0229818 0.02744 0.023104 0.0230443
362.229 1.54799 153.563 110.881 1.0113 1.08518 0.2 0.4 0.8 1.3 1.5 2 2.2 2.8 3 3.8 4.1 5.2 0.0388922 0.0850081 0.298465 0.107334 0.227393 0.013992 0.149696 0.00625585 0.0620201 0.00760591 0.0146423 1.60982e-15 0.0883423 0.0647776 0.238099 0.246977 0.071374 0.0910338 0.0922596 0.089175 4.0055e-11 0.0429493 0.0288992 0.0312908
363.767 1.55456 154.661 111.979 1.01127 1.02711 0.1 0.6 0.7 1.2 1.3 1.9 2 2.6 3.1 3.7 4.2 5 0.0445074 0.119726 0.195552 5.23069e-10 0.3294 0.0757126 0.11241 0.0730981 0.0367655 0.0135409 0.0105535 2.04228e-11 0.0787229 0.129929 0.128889 0.133609 0.19594 0.128475 0.0442449 0.106761 0.0098504 0.0395697 0.0155897 0.0155331
362.817 1.5505 153.983 111.301 1.01106 1.11089 0.1 0.4 0.7 1.2 1.4 1.9 2 2.6 3.2 3.9 4.1 5.1 0.036342 0.046803 0.281462 0.125098 0.222298 8.1688e-08 0.165769 0.0760943 0.0397593 0.0015105 0.0159228 2.91517e-11 0.0616807 0.0763992 0.193423 0.248037 0.106229 0.0485329 0.124163 0.109494 0.0325283 0.0515307 0.0225908 0.0362844
362.794 1.5504 153.966 111.285 1.01142 1.07713 0.1 0.5 0.6 1 1.4 1.9 2.1 2.6 3.2 3.7 4.1 5.2 0.0406289 2.0662e-07 0.244261 0.170464 0.251917 0.0940381 0.0787512 0.0732972 0.0403033 1.33804e-08 0.0177603 2.95497e-12 0.0726742 0.0522096 0.14052 0.203195 0.228391 0.086859 0.0680733 0.110608 0.0152008 0.0335249 0.0364268 0.0294471
361.471 1.54475 153.02 110.338 1.01133 1.06239 0.0001 0.4 0.7 1.1 1.3 1.8 2.2 2.7 3.1 3.7 4.1 5.2 0.0324169 0.0501197 0.285664 1.27648e-09 0.306702 0.122059 0.108269 0.0443689 0.0393984 0.00709479 0.0152347 5.55112e-17 0.060771 0.0619698 0.219611 0.0672774 0.254581 0.113024 0.0982847 0.0907117 0.000617993 0.0390631 0.0293706 0.0271081
364.874 1.55929 155.447 112.765 1.01112 1.06346 0.2 0.5 0.8 1.3 1.8 2.1 2.5 3.1 3.4 4.1 4.5 5.3 0.0490802 0.113119 0.229142 0.269802 0.147499 0.0537372 0.0828444 0.0391844 0.0108304 0.0158845 1.72867e-11 6.876e-12 0.0858789 0.0942683 0.215987 0.251296 0.129707 0.0837649 0.0624193 0.0611904 0.00776147 0.0383039 0.0132611 0.019626
410.475 1.75417 185.948 143.266 1.01402 1.10843 0.0001 0.4 0.9 1.1 1.5 1.7 2.2 2.8 3.4 3.9 5.1 5 0.0482237 0.135959 0.0850268 0.287793 0.0463892 0.233483 0.0585094 0.0557725 0.0580366 2.26344e-11 0.00482764 7.50006e-09 0.038395 0.157845 0.192003 0.134655 0.190071 0.0457958 0.148248 0.0800156 0.0235515 0.0551971 0.00733399 0.0353145
412.629 1.76337 187.303 144.621 1.01337 1.11617 0.0001 0.4 0.9 1.3 1.6 1.8 2.2 2.8 3.4 3.9 4.4 5 0.0534793 0.118055 0.209614 0.274109 4.40991e-08 0.199158 0.0386289 0.0594324 0.0568433 2.14262e-12 2.06335e-13 0.00404682 0.0403017 0.151488 0.242994 0.180136 0.126285 0.0209813 0.145523 0.0813513 0.024615 0.0580612 6.77964e-11 0.0444303
364.07 1.55586 154.876 112.195 1.01151 0.98609 0.2 0.4 0.7 1.1 1.3 1.7 2 2.5 3.1 3.7 4.2 4.6 0.0591037 0.014153 0.297015 2.26505e-05 0.300062 0.0675985 0.127297 0.0777123 0.0464635 0.0102719 0.0118068 3.03679e-09 0.0899027 0.0471475 0.181945 0.131581 0.187105 0.100287 0.0791509 0.109037 0.0160531 0.0330198 5.75435e-05 0.0108033
363.887 1.55507 154.746 112.064 1.01096 1.0382 0.2 0.6 0.9 1.3 1.7 2 2.3 3 3.1 4 4.4 5.2 0.0568215 0.193171 0.163788 0.218718 0.161815 0.0106258 0.125789 0.0319496 0.0289844 0.0193024 2.2362e-11 3.43625e-12 0.0963009 0.143588 0.196848 0.170767 0.146094 0.065635 0.0787759 0.0751695 1.93743e-08 0.0337613 0.0141053 0.0171555
394.48 1.68581 175.653 132.972 1.01032 1.08003 0.3 0.4 0.8 0.9 1.4 1.8 2.3 2.8 3.3 3.8 4.2 5.2 0.0824769 0.0576617 0.0238788 0.327549 0.147246 0.205042 0.053177 0.0851966 2.8106e-11 0.0280885 8.72715e-11 1.00475e-13 0.14726 0.0165182 0.113986 0.176939 0.211344 0.132082 0.113043 0.0407276 0.0534704 1.78997e-08 0.05 0.0246647
364.8 1.55898 155.395 112.713 1.01112 1.03909 0.1 0.4 0.8 1.3 1.4 2 2.2 2.8 3.3 4 4.3 5 0.0233805 0.106678 0.288236 0.0140456 0.292111 0.111166 0.06915 0.0652922 0.0236142 0.0139109 0.00353402 7.77733e-11 0.0588463 0.096315 0.25201 0.00175796 0.323964 1.27295e-10 0.167916 0.0484803 0.0314392 0.037009 0.00409458 0.0172622
361.873 1.54646 153.308 110.626 1.01096 1.04908 0.2 0.6 0.8 1.3 1.4 1.9 2.3 2.9 3.3 4 4.4 5.2 0.060092 0.14311 0.19123 0.153798 0.154468 0.124167 0.0945515 0.052577 0.0192234 0.0166034 0.00113852 2.61435e-11 0.0995974 0.0914214 0.215 0.183592 0.0718073 0.170591 0.0607858 0.0726818 0.0152385 0.0350597 0.0147994 0.018509
362.292 1.54826 153.608 110.926 1.01112 1.07696 0.0001 0.6 1 1.3 1.4 1.9 2.3 2.9 3.5 4.2 4.7 5.2 0.0366912 0.252521 0.161721 0.00714845 0.248606 0.119318 0.094349 0.0578754 0.0207944 0.0120929 7.98023e-10 6.04156e-12 0.0625011 0.239977 0.136365 0.141106 0.079939 0.178685 0.0595115 0.080992 0.0265799 0.0481672 3.3038e-07 0.0231376
361.748 1.54593 153.219 110.537 1.01099 1.0533 0.2 0.6 0.7 1.2 1.4 1.9 2.3 2.8 3 3.9 4.1 5.1 0.0639026 0.0166116 0.289394 0.112425 0.226329 0.112207 0.105162 2.43626e-07 0.063205 0.015131 0.00662617 7.24598e-12 0.105703 0.0484841 0.178175 0.2434 0.101217 0.131052 0.0849936 0.0717031 0.00309391 0.0592083 2.17859e-07 0.0262672
363.454 1.55322 154.438 111.756 1.01071 1.05094 0.0001 0.5 0.7 1.1 1.3 1.7 2.1 2.7 3 3.8 4.2 5.1 0.0380509 0.0621422 0.266459 1.80418e-09 0.30648 0.0759867 0.15215 0.0399864 0.0452562 0.0184128 0.00578472 1.35653e-11 0.058931 0.10519 0.167096 0.15798 0.118754 0.144206 0.129043 0.0374846 0.0596117 0.0240329 0.0299892 0.0186192
366.74 1.56726 156.768 114.086 1.01119 1.0281 0.1 0.5 0.9 1.3 1.5 2 2.2 2.7 3.3 4 4.1 5 0.030387 0.170465 0.243849 0.102377 0.188048 0.105312 0.0540929 0.0686389 0.0325576 2.4563e-09 0.0154616 2.20658e-11 0.0651693 0.153442 0.205767 0.128077 0.186914 1.8368e-10 0.149248 0.0542207 0.0322657 0.0368657 5.61873e-09 0.0161339
365.362 1.56138 155.794 113.112 1.01005 1.11065 0.0001 0.3 0.7 1.2 1.3 1.8 2.2 2.8 3.2 3.9 4.8 5.3 0.021092 0.0525076 0.296138 1.42066e-07 0.304694 0.121907 0.112571 0.0581315 0.0231772 0.0198313 1.21245e-09 2.80472e-11 0.0391773 0.0805103 0.222297 0.150075 0.174003 0.107918 0.123429 0.086402 0.0055726 0.0734721 0.0240065 0.023791
409.049 1.74807 185.047 142.365 1.01395 1.1246 0.0001 0.3 0.9 1 1.5 1.7 2.3 2.9 3.4 3.8 4.7 5.2 0.0124264 0.155211 1.6168e-08 0.345312 0.128302 0.197008 0.0712513 0.0440442 0.055585 1.01574e-12 2.58277e-10 0.0048053 0.00896201 0.156754 0.290743 0.034751 0.226841 0.0613229 0.151678 0.0668982 0.00798991 0.0633481 0.0267653 0.0285412
412.469 1.76269 187.203 144.522 1.01366 1.08222 0.2 0.4 0.9 1.3 1.7 1.9 2.4 3.1 3.4 4 5.1 5.2 0.0966807 0.0636965 0.236315 0.232939 0.163815 0.0638717 0.0620572 0.0528547 0.0354053 1.11022e-16 0.00602495 3.81567e-12 0.0664183 0.121582 0.246317 0.187407 0.16948 7.44182e-13 0.157973 0.0241779 0.0326728 0.0394138 0.036779 4.50306e-12
408.011 1.74363 184.388 141.706 1.01392 1.07771 0.1 0.4 1 1.1 1.6 2 2.4 3 3.4 3.9 4 5.1 0.0555311 0.127297 0.245866 0.101057 0.269548 0.0648207 0.0513964 0.0448808 0.048198 7.89591e-13 1.11022e-16 0.00532923 0.0362541 0.171668 0.3127 0.0155279 0.243813 0.00941227 0.158398 0.0184204 0.0394781 5.259e-07 0.0366188 0.0354214
361.182 1.54351 152.814 110.132 1.01125 1.09688 0.0001 0.5 0.8 1.1 1.4 2 2.1 2.7 3 3.7 4.2 5.2 0.0333821 0.127326 0.248636 0.00608814 0.318078 0.00246239 0.167443 0.0363426 0.0458788 0.0144552 0.0111559 3.59046e-13 0.0637329 0.129263 0.173154 0.0905758 0.258301 0.0447631 0.116154 0.101697 0.00202203 0.0512571 0.0337278 0.0322304
364.219 1.55649 154.982 112.3 1.01039 1.17826 0.1 0.6 1.1 1.4 1.6 2.1 2.3 2.9 3.6 4.1 4.8 5.6 0.039763 0.254087 0.252656 0.0295439 0.193247 0.0822444 0.0660315 0.0637871 0.0178799 0.0111555 1.4989e-10 2.52065e-12 0.0736032 0.229387 0.208709 0.118432 0.136999 0.0182969 0.155021 0.0644514 0.0540763 0.0452903 0.0453926 0.0285971
361.823 1.54625 153.273 110.591 1.01094 1.06197 0.2 0.6 0.8 1.3 1.4 1.9 2.2 2.9 3.5 4.1 4.3 5.2 0.0610147 0.133593 0.208253 0.0729023 0.243863 0.0725399 0.122898 0.065772 0.0160387 0.0140644 1.01343e-07 8.59868e-14 0.0999867 0.0873435 0.222917 0.145451 0.115248 0.142057 0.0782373 0.083571 0.0194884 0.0305045 0.0160984 0.0210679
361.515 1.54494 153.052 110.37 1.01095 1.03762 0.1 0.5 0.7 1.2 1.4 2 2.2 2.9 3.3 4 4.4 5.1 0.0451581 0.0359334 0.294625 0.0743084 0.278267 0.0834928 0.103242 0.062569 0.0147318 0.0180178 0.000607269 1.36046e-10 0.0656395 0.0849746 0.19875 0.202728 0.119014 0.209421 3.94925e-09 0.0915514 0.000971397 0.0427701 0.00374508 0.0180506
363.495 1.5534 154.467 111.785 1.01133 1.01237 0.0001 0.4 0.8 1.3 1.4 2 2.1 2.7 3.1 3.7 4.2 4.7 0.0207439 0.109367 0.289334 2.28768e-08 0.308497 0.0521469 0.117438 0.0551209 0.0350269 0.0123374 0.0113188 2.63193e-11 0.0539295 0.100698 0.245266 0.119413 0.183248 0.0889026 0.0692338 0.0913727 2.41437e-10 0.0423218 0.00460287 0.0133872
363.513 1.55348 154.48 111.798 1.01107 1.08143 0.1 0.6 0.9 1.3 1.8 2 2.3 2.9 3.5 4.2 4.4 5.2 0.0410821 0.234515 0.115821 0.271169 0.153917 1.60631e-06 0.105338 0.0557831 0.0216013 0.0118461 2.016e-08 4.57039e-11 0.0703303 0.209639 0.126241 0.24107 0.103412 0.0988299 0.0481432 0.0836001 0.0268842 0.0487128 0.000814255 0.0237566
363.312 1.55262 154.337 111.655 1.01064 1.13888 0.1 0.6 0.7 1.3 1.4 1.9 2.3 2.9 3.4 4 4.6 5.3 0.0451324 0.110426 0.206124 0.324256 1.75256e-08 0.151441 0.078952 0.064732 0.0107012 0.0188791 1.28754e-10 8.7319e-14 0.0780249 0.100994 0.182038 0.252723 0.100584 0.0683642 0.152179 0.0551849 0.0306142 0.0630262 0.0196115 0.0355353
607.554 2.59638 287.509 244.827 1.01426 1.04072 0.2 0.5 0.8 1.2 1.6 1.7 2.5 2.7 3.7 4 4.6 5 0.0939345 0.0494667 0.173542 0.322807 1.02898e-11 0.173766 0.117927 0.0496799 1.47045e-11 0.0331377 1.28239e-11 9.35974e-13 0.0911673 0.0998694 0.174114 0.214805 1.15818e-08 0.236829 0.0805336 0.0660868 0.0482368 1.30334e-09 0.0241499 0.00492382
