Chi2   rChi2   BIC   AIC    Qichtot    Qimtot  R[0]  R[1]  R[2]  R[3]  R[4]  R[5]  R[6]  R[7]  R[8]  R[9]  R[10]  R[11]  Q0ch    Q1ch    Q2ch    Q3ch    Q4ch    Q5ch    Q6ch    Q7ch    Q8ch    Q9ch    Q10ch    Q11ch    Q0m    Q1m    Q2m    Q3m    Q4m    Q5m    Q6m    Q7m    Q8m    Q9m    Q10m    Q11m
321.69 1.37474 122.823 80.141 1.00454 1.04685 0.3 0.7 1 1.4 1.6 2 2.5 3.1 3.6 4 4.5 5 0.100404 0.207897 0.153758 0.207112 0.0669418 0.120897 0.0883535 0.030243 0.020645 3.9746e-14 0.00828481 1.51684e-12 0.169424 0.049467 0.313431 0.0224293 0.19792 0.0817358 0.125821 0.0375125 0.0244956 0.0246118 2.30865e-12 1.4061e-13
306.694 1.31066 110.459 67.7769 1.01817 1.04409 0.3 0.7 1 1.4 1.7 2.1 2.5 3.1 3.7 4.1 4.6 7.4 0.100564 0.206362 0.156113 0.211333 0.0972147 0.0951302 0.0761752 0.0365835 0.0181281 6.30551e-13 0.00316531 0.0173978 0.16924 0.052293 0.303756 0.0790243 0.183995 0.047291 0.122095 0.0387031 0.031076 0.0166121 3.50651e-10 1.58196e-09
321.488 1.37388 122.66 79.9779 1.00446 1.04193 0.3 0.7 0.9 1.2 1.6 1.7 2.3 2.9 3.5 3.9 4.5 4.6 0.100069 0.20781 0.0656563 0.209389 0.106024 0.108371 0.128393 0.0426385 0.0264405 0.00120456 0.00846682 2.29877e-12 0.171068 0.00460305 0.258393 0.126671 0.153779 0.0653504 0.144698 0.0656363 0.0179678 0.0332017 0.000560305 1.27931e-12
428.681 1.83197 197.188 154.506 1.00843 1.12183 0.0001 0.5 0.9 1.2 1.4 2.1 2.3 3 3.3 3.8 4.6 5 0.0456562 0.124945 0.259336 0.10581 0.166022 0.198993 0.0317625 2.38143e-13 0.0624178 0 0.0134829 5.55112e-17 0.0580478 0.168185 0.197702 0.00234758 0.316273 0.0802321 0.139847 0.0791934 5.85532e-13 0.0656837 3.89269e-10 0.0143147
322.037 1.37623 123.102 80.4203 1.00443 1.04488 0.1 0.6 1.1 1.2 1.6 1.7 2.3 2.8 3.4 3.9 4.5 4.7 0.0392412 0.258645 0.170546 0.121007 0.0531522 0.159995 0.117301 0.0416411 0.0308994 0.0038854 0.00812229 4.68181e-13 0.0747919 0.220363 0.147131 0.157706 0.00433346 0.183827 0.127746 0.0647516 0.0300727 0.030361 0.00379576 7.06657e-14
322.036 1.37622 123.101 80.419 1.00423 1.04127 0.3 0.5 0.9 1 1.5 1.8 2.3 2.9 3.5 3.9 4.4 4.5 0.0784352 0.103986 0.229475 0.0787951 0.242306 0.064724 0.128499 0.041966 0.0270446 1.11854e-09 0.00899895 1.96644e-10 0.169991 0.00530635 0.191857 0.135787 0.209978 0.0702067 0.14074 0.0666212 0.0169373 0.0338468 6.08029e-10 3.36037e-12
321.323 1.37317 122.527 79.8451 1.00457 1.04507 0.2 0.4 0.8 1.1 1.5 1.6 2.2 2.8 3.5 3.9 4.5 6 0.0271346 0.114192 0.235193 0.127309 0.192901 0.0727059 0.140987 0.0556122 0.0297516 2.98272e-11 0.00878546 3.90709e-11 0.076182 0.0955136 0.15569 0.214753 0.0579143 0.156477 0.145236 0.0821523 0.0246304 0.0285753 0.00347279 0.00447019
321.69 1.37474 122.823 80.1407 1.00423 1.04754 0.0001 0.4 0.8 1.2 1.5 2 2.5 3 3.4 3.8 4.4 4.5 0.0159126 0.125655 0.251788 0.139036 0.202489 0.122384 0.0877521 0.0187607 0.028258 0.00286464 0.00932785 3.04601e-09 0.0448478 0.12838 0.18832 0.210191 0.136862 0.145143 0.0914393 0.0547915 1.48487e-08 0.0436527 0.00391256 1.47858e-07
324.773 1.38792 125.294 82.6117 1.00443 1.06847 0.2 0.4 0.7 1.1 1.5 1.7 2.2 2.8 3.4 4 4.5 4.9 0.0468067 0.0501829 0.23705 0.179114 0.212579 0.0455508 0.13938 0.053063 0.0282453 0.00424538 0.0082138 2.62568e-14 0.0707186 0.0782651 0.160998 0.243467 0.0636422 0.166769 0.124313 0.0836231 0.0416625 0.0266146 0.00839691 9.99201e-16
323.405 1.38207 124.2 81.5177 1.00419 1.11529 0.3 0.7 0.8 0.9 1.4 1.7 2.1 2.6 3.3 3.9 4.3 4.5 0.102372 0.169718 4.59061e-05 0.163781 0.264192 0.0565832 0.124157 0.072195 0.0366524 0.00630718 2.35407e-10 0.00818892 0.160718 5.06513e-08 0.0719244 0.244843 0.149235 0.164029 0.0938426 0.112887 0.0721072 0.0167929 0.0289137 2.21594e-10
321.702 1.3748 122.833 80.1508 1.00446 1.06582 0.3 0.7 0.8 1 1.4 1.7 2 2.5 3.1 3.6 4.2 4.5 0.10218 0.147652 0.105822 0.0855786 0.265203 0.0259631 0.126384 0.0858177 0.0312812 0.0202481 5.52561e-10 0.00833435 0.154317 0.100235 0.0188767 0.229927 0.112755 0.147463 0.0891226 0.102757 0.05863 0.0263125 0.0254279 1.27821e-07
323.483 1.38241 124.263 81.5808 1.00474 1.0591 0.3 0.7 0.8 0.9 1.4 1.6 2.1 2.7 3.2 3.6 4.1 4.5 0.103567 0.1226 0.109725 0.0926966 0.273569 0.0398653 0.151209 0.0663044 0.0141921 0.022756 9.89798e-11 0.00826038 0.156746 0.0544977 9.80039e-07 0.253676 0.156649 0.11945 0.153553 0.0765006 0.045178 0.0160651 0.0252731 0.00151158
429.826 1.83686 197.879 155.197 1.00882 1.08184 0.0001 0.5 0.8 1.2 1.4 2.1 2.2 2.9 3.3 3.8 3.7 4.6 0.0490657 0.0930366 0.221876 0.219469 0.114494 0.190667 0.0414411 0.00296679 0.0612838 2.47163e-12 1.28726e-11 0.0145234 0.0604146 0.143848 0.169149 0.0880092 0.277351 3.38187e-10 0.203438 0.080995 8.25151e-12 0.0263618 0.0322782 2.03945e-09
321.552 1.37416 122.712 80.0301 1.00448 1.03737 0.2 0.4 0.8 1.1 1.5 1.6 2.2 2.8 3.5 3.9 4.5 4.9 0.027308 0.113812 0.235951 0.126164 0.195519 0.0705044 0.141347 0.0554566 0.0298565 2.74699e-11 0.00856195 6.37834e-12 0.0762073 0.0955264 0.155867 0.213987 0.0617478 0.152766 0.145882 0.0815152 0.0231387 0.0300912 0.000643158 6.76875e-12
318.837 1.36255 120.515 77.8335 1.00431 1.05856 0.0001 0.6 1 1.3 1.7 2.1 2.5 2.9 3.4 3.8 4.4 4.5 0.0365578 0.25552 0.135776 0.207403 0.147789 0.077828 0.0827636 0.0156484 0.0350128 2.10022e-09 0.0100096 2.78264e-08 0.0595298 0.258529 0.0761636 0.261358 0.075202 0.175074 0.00241861 0.0966538 0.00587435 0.0371759 0.0105786 0
321.379 1.37341 122.572 79.89 1.00455 1.03822 0.3 0.7 0.9 1 1.4 1.6 2.1 2.6 3.1 3.6 3.9 4.5 0.102126 0.176108 0.134524 0.02956 0.236402 0.0705464 0.135791 0.063252 0.0268424 0.0212191 6.49585e-10 0.00817761 0.171422 4.3273e-10 0.244286 0.0653128 0.141761 0.119865 0.126482 0.0905293 0.0341379 0.0136465 0.0306711 0.000104348
322.581 1.37855 123.539 80.8574 1.00463 1.05745 0.3 0.6 0.9 1.4 1.6 2 2.4 3 3.6 4.1 4.5 5.1 0.095715 0.10902 0.251206 0.194976 0.100082 0.0869251 0.0970268 0.0382837 0.0232755 2.16493e-15 0.00811491 6.77236e-14 0.154134 0.0369781 0.277807 0.15185 0.109811 0.117581 0.0847231 0.0742045 0.0251666 0.0224514 0.00274227 2.93826e-12
327.198 1.39828 127.22 84.5382 1.0041 1.06823 0.3 0.7 0.8 1 1.4 1.6 2.1 2.7 3.3 3.9 4.4 4.8 0.105105 0.0590057 0.255717 1.63524e-09 0.294127 0.0263874 0.154016 0.063968 0.0304609 0.00701711 0.00829992 3.3453e-10 0.15527 0.0686701 0.0712736 0.203765 0.0815925 0.169031 0.141797 0.0887681 0.0484292 0.0262037 0.0134322 2.74962e-10
428.426 1.83088 197.034 154.352 1.00836 1.11126 0.1 0.5 0.8 1.2 1.4 2.1 2.2 2.9 3.3 3.8 4.6 5 0.0553842 0.0813159 0.230095 0.213363 0.118261 0.185803 0.0469429 0.00102216 0.0627536 4.56857e-14 0.013415 1.63203e-14 0.0684416 0.12903 0.179834 0.0791574 0.283154 3.85054e-11 0.205748 0.0776759 0.0127724 0.0612088 1.35597e-12 0.014241
320.586 1.37003 121.933 79.2507 1.00455 1.05867 0.0001 0.4 0.6 1 1.4 1.6 2.2 2.6 3.3 4 4.5 6.1 0.0181309 0.0939417 0.125743 0.277707 0.0419805 0.22721 0.104625 0.0628589 0.0389648 0.00516498 0.00822087 7.14586e-10 0.0425512 0.13315 0.0416678 0.313713 0.00420388 0.239921 0.100654 0.0942111 0.0476198 0.030487 0.00248894 0.00799792
321.121 1.37231 122.364 79.6822 1.00447 1.06338 0.0001 0.4 0.8 1.3 1.4 1.9 2.3 2.9 3.5 3.8 4.5 4.6 0.020311 0.110639 0.287911 0.0163931 0.282701 0.0950559 0.109386 0.0474666 0.0225543 0.00350671 0.00854559 1.05471e-15 0.0468963 0.120786 0.213961 0.273886 0.0290438 0.129585 0.110244 0.0841413 1.32083e-12 0.0499052 0.00492873 4.16683e-12
319.284 1.36446 120.879 78.1969 1.00458 1.06478 0.0001 0.5 0.8 1.2 1.4 2 2.5 2.9 3.5 3.8 4.5 5.9 0.0313581 0.139533 0.22364 0.0632201 0.259901 0.148237 0.0685636 0.032381 0.0286466 8.19202e-09 0.00909582 5.99633e-10 0.0593988 0.150128 0.142301 0.186258 0.156173 0.170134 0.0685052 0.0661264 0.008537 0.0421819 0.00903119 0.00600055
322.024 1.37617 123.092 80.4099 1.00425 1.05797 0.3 0.2 0.7 1.1 1.5 1.9 2.4 3 3.5 3.8 4.4 4.5 0.0920059 0.00480635 0.229606 0.197059 0.200351 0.105347 0.108032 0.0330706 0.0243986 3.21595e-08 0.00957239 9.10554e-11 0.0800676 0.0562684 0.164958 0.243394 0.158167 0.119368 0.121867 0.0638976 2.14627e-10 0.0445319 0.00545521 1.17965e-09
322.783 1.37942 123.702 81.0197 1.00424 1.05778 0.3 0.6 0.9 1.4 1.8 2.2 2.3 2.8 3.4 4.1 4.4 4.7 0.0947005 0.113723 0.242411 0.237898 0.119094 9.43491e-10 0.110916 0.0428566 0.0319974 0.000545972 0.010102 4.83785e-11 0.154059 0.0372932 0.275152 0.190154 0.148424 0.0437875 0.0608264 0.0758352 0.0435843 0.0268191 0.00184133 2.34006e-11
304.56 1.30154 108.65 65.9685 1.01831 1.04208 0.3 0.4 0.8 1 1.5 1.9 2.3 2.9 3.5 4.2 4.5 7.3 0.0582134 0.084781 0.193142 0.149413 0.264453 0.0526197 0.122956 0.0424313 0.0279196 6.19211e-11 0.00425607 0.0181208 0.146127 0.0192398 0.152733 0.178931 0.20972 0.107603 0.0987907 0.0721021 0.0331387 0.0236929 1.33694e-11 1.71352e-10
506.869 2.16611 240.581 197.899 1.01072 1.2712 0.0001 0.5 0.6 1.1 1.5 1.7 2.2 2.8 3.4 3.8 4.1 5.1 0.0503562 0.139113 0.0784523 0.223704 0.159156 0.209554 7.0368e-10 0.111399 0.00380376 0.0223401 3.43403e-12 0.0128448 0.0610116 0.0909686 0.136596 0.251182 0.2298 1.04559e-09 0.203258 0.100666 0.0669851 0.0438918 0.036121 0.0507153
322.551 1.37842 123.515 80.8333 1.00444 1.05954 0.3 0.7 0.9 1.3 1.6 2.1 2.5 2.9 3.4 4 4.5 4.4 0.10176 0.18056 0.137208 0.184688 0.158612 0.107947 0.0667727 0.0244661 0.0308899 0.00314952 0.00838323 1.11022e-16 0.155908 0.0645936 0.230746 0.122329 0.175017 0.135555 0.0427186 0.0669915 0.031717 0.0288872 0.0050791 5.18752e-12
375.783 1.60591 163.078 120.396 1.00937 1.07567 0.2 0.3 0.6 1 1.3 1.6 2.1 2.7 3.2 3.5 4.4 5.2 0.0361751 0.127115 0.0053906 0.348576 0.00148448 0.286699 0.0828584 0.0380343 0.0624017 0.00894474 3.69149e-14 0.0116858 0.0348382 0.0914564 0.120083 0.267759 0.0273105 0.216562 0.133723 0.0828275 0.0390622 0.0338036 0.0222158 0.00602689
5633.18 24.0734 864.299 821.617 1.02815 3.95089 0.3 0.7 0.9 1.3 1.6 2.1 2.4 3 3.6 4.2 4.7 5.9 0.10751 0.170994 0.145481 0.168975 0.162445 0.0738923 0.07221 0.0448464 0.0131339 2.38698e-15 3.55271e-15 0.0686643 0.114075 0.01542 0.354667 0.215835 0.538581 0.331686 0.252287 0.36856 0.6919 0.621786 0.44609 2.498e-15
430.175 1.83835 198.089 155.407 1.00832 1.15243 0.1 0.5 0.7 1.2 1.3 1.9 2.2 2.7 3.3 3.9 4.6 5 0.0591582 0.0287026 0.23238 0.330331 0.0194212 0.109923 0.152673 7.96781e-10 0.0621055 2.05391e-13 0.0136258 4.24327e-13 0.0721603 0.0814323 0.195937 3.25858e-10 0.360783 0.0764634 0.14505 0.0879919 0.0528634 0.0606869 2.74051e-11 0.0190581
322.194 1.3769 123.228 80.5465 1.00455 1.03755 0.0001 0.5 0.6 1 1.4 1.7 2.1 2.7 3.4 3.9 4.5 4 0.036012 0.00881631 0.242611 0.165483 0.248489 0.0468903 0.143374 0.0700037 0.0303996 0.00426427 0.00820173 2.48551e-10 0.0554751 0.182508 9.86924e-11 0.246325 0.187645 0.06514 0.142177 0.0971158 0.0290222 0.0223447 1.88936e-10 0.00979544
322.577 1.37853 123.536 80.8541 1.00455 1.07806 0.0001 0.5 0.8 1.3 1.7 2.1 2.5 3 3.6 4.3 4.6 4.5 0.0305688 0.144481 0.213662 0.264116 0.117447 0.100095 0.0676824 0.0345962 0.0244483 1.21774e-11 0.00744966 3.07502e-09 0.0556069 0.140181 0.200287 0.239372 0.125367 0.122902 0.0590726 0.0725326 0.036635 0.0261042 1.88295e-11 6.10456e-13
324.437 1.38648 125.025 82.343 1.0041 1.05175 0.0001 0.5 0.8 0.9 1.4 1.7 2.1 2.7 3.4 4.2 4.4 4.8 0.0301431 0.151592 0.126307 0.121304 0.284665 0.0313257 0.147312 0.0686315 0.0323932 0.00217267 0.00825648 6.0101e-10 0.0525603 0.167189 2.15571e-09 0.230775 0.212356 0.0852819 0.136251 0.0894842 0.0514469 0.0264047 1.10634e-13 5.0942e-11
321.141 1.3724 122.381 79.6988 1.00447 1.04023 0.0001 0.4 0.7 1.2 1.4 1.9 2.4 2.8 3.4 3.9 4.5 4.6 0.0283908 0.0651891 0.262208 0.167047 0.170296 0.148001 0.0828747 0.0374921 0.0306569 0.0042211 0.00808866 3.0173e-09 0.0521121 0.0908092 0.183754 0.265009 0.0752762 0.166705 0.0815302 0.066458 0.0242286 0.0341056 0.000242497 4.40113e-10
321.707 1.37482 122.837 80.1547 1.00433 1.04659 0.2 0.5 0.9 1.3 1.6 2.1 2.5 2.9 3.4 4 4.4 5 0.0429867 0.151453 0.252631 0.135687 0.1873 0.0949154 0.0768477 0.018283 0.0340587 4.12154e-12 0.0101667 1.03173e-12 0.0797362 0.131894 0.230095 0.143345 0.156156 0.144696 0.0330492 0.0705654 0.0264149 0.0287397 0.00189689 5.1803e-13
304.903 1.303 108.941 66.2595 1.01851 1.03418 0.2 0.4 0.8 1.2 1.5 1.9 2.3 2.9 3.5 4.1 4.5 7.4 0.0324998 0.100298 0.270036 0.115688 0.22161 0.0662321 0.118532 0.0437476 0.0278579 1.15463e-14 0.00375961 0.0182453 0.0661502 0.0980181 0.222332 0.162451 0.139692 0.130829 0.0897596 0.074462 0.026232 0.0242496 3.01394e-11 1.89848e-14
302.537 1.2929 106.925 64.2427 1.01854 1.03359 0.0001 0.6 1 1.2 1.6 2.1 2.5 2.7 3.4 4 4.4 7.3 0.0358341 0.261882 0.0793736 0.207698 0.177224 0.116435 0.032999 0.0476726 0.0355853 4.19668e-09 0.00530853 0.0185264 0.0677874 0.233257 0.0519583 0.243053 0.141843 0.133923 0.0193247 0.0795744 0.0349974 0.0278757 1.39627e-12 3.76099e-12
324.229 1.38559 124.859 82.1772 1.00438 1.04796 0.0001 0.6 0.9 1.3 1.7 1.9 2.4 2.9 3.4 4.1 4.5 4.9 0.0368085 0.247201 0.10093 0.281899 0.047799 0.121538 0.0952363 0.0327908 0.0284351 0.00420976 0.00753064 3.87468e-13 0.0614443 0.238319 0.0875739 0.266416 0.0259511 0.158706 0.0868934 0.0591126 0.0361135 0.0273338 9.18186e-05 1.38389e-13
319.425 1.36507 120.993 78.3112 1.00452 1.06519 0.3 0.1 0.6 1 1.4 1.6 2 2.5 3.1 3.5 4.1 4.5 0.0387763 0.0232553 0.202544 0.218746 0.152742 0.109788 0.10703 0.0950841 0.0217341 0.0256097 4.73055e-12 0.00921453 0.115872 0.0243595 0.0817793 0.309604 0.0138617 0.218831 0.0692783 0.138908 0.0265859 0.0396695 0.0264461 8.21709e-12
322.807 1.37952 123.721 81.0389 1.00439 1.04201 0.3 0.4 0.9 1 1.5 1.8 2.3 2.8 3.3 3.9 4.5 5 0.0341847 0.12859 0.302856 0.0207299 0.248529 0.0632144 0.125868 0.0325651 0.0325256 0.008104 0.00722512 4.03011e-14 0.164138 0.0125051 0.170812 0.160714 0.196173 0.0840584 0.128549 0.0607777 0.0278927 0.0363881 7.71139e-10 8.80962e-14
381.321 1.62958 166.867 124.185 1.00959 1.0705 0.0001 0.5 0.6 1.2 1.4 1.8 2.2 2.8 3.3 3.7 4.3 5.2 0.0736203 0.00862233 0.186192 0.367105 2.93429e-08 0.225602 0.0261237 0.0544471 0.055908 1.00345e-10 9.44689e-13 0.0119729 0.066459 1.01205e-07 0.244112 0.303836 0.0438389 0.125233 0.119429 0.0954217 0.00293577 0.0513955 0.00362124 0.014223
322.111 1.37654 123.162 80.48 1.00425 1.0488 0.0001 0.4 0.7 1.1 1.5 1.7 2.3 2.8 3.4 4 4.4 5.2 0.0189855 0.104121 0.186807 0.235894 0.103945 0.150824 0.120379 0.0399527 0.0327548 0.000897898 0.00968827 2.22045e-16 0.0502608 0.103518 0.143221 0.256869 0.0834216 0.149037 0.133522 0.0625066 0.0362665 0.0301735 1.95127e-12 4.996e-16
320.469 1.36953 121.838 79.1564 1.00429 1.07524 0.0001 0.5 0.7 1.3 1.2 1.8 2.1 2.6 3.2 3.5 4.2 4.5 0.0352879 0.0822733 0.23847 0.259285 0.0567309 0.114301 0.0890975 0.0795247 0.0165581 0.0237333 0.000328561 0.00870047 0.0578397 0.100929 0.191555 0.107451 0.176396 0.172752 0.0657985 0.101427 0.0441364 0.026452 0.0304971 1.594e-12
321.649 1.37457 122.79 80.1077 1.00448 1.04733 0.0001 0.6 0.7 1.1 1.4 1.5 2.1 2.7 3.4 4 4.5 4.3 0.0370961 0.227787 0.0494974 0.196188 0.0315792 0.201784 0.148422 0.0688871 0.0316881 0.00323747 0.0083119 1.27784e-11 0.0679107 0.231887 1.47215e-09 0.218314 0.0431579 0.166261 0.157088 0.0951215 0.0366478 0.0309416 1.83187e-15 3.23175e-12
319.975 1.36741 121.438 78.7563 1.00424 1.04153 0.0001 0.5 0.7 1.2 1.6 2.1 2.6 2.8 3.4 3.8 4.4 4.9 0.0335784 0.0988455 0.208741 0.251524 0.16555 0.12461 0.0594967 0.0178847 0.0329037 0.0017464 0.00936113 8.84848e-14 0.0614686 0.119165 0.139964 0.292969 0.114064 0.159774 0.0194865 0.079377 0.0118895 0.0393236 0.00405134 1.51656e-13
321.69 1.37474 122.823 80.1407 1.00423 1.04754 0.0001 0.4 0.8 1.2 1.5 2 2.5 3 3.4 3.8 4.4 4.5 0.0159128 0.125654 0.251788 0.139035 0.20249 0.122384 0.0877529 0.0187595 0.0282586 0.00286488 0.00932843 4.01496e-08 0.0448479 0.12838 0.18832 0.210192 0.136863 0.145145 0.0914389 0.0547919 3.51014e-08 0.0436524 0.0039088 5.75871e-07
323.903 1.3842 124.598 81.9162 1.00354 1.06323 0.0001 0.5 0.8 1.2 1.6 1.7 2.2 2.7 3.3 3.6 4.3 4.9 0.0291048 0.155133 0.18296 0.212337 0.164059 0.0367742 0.122101 0.0551603 0.0275445 0.00976966 0.00859464 4.57734e-12 0.0535894 0.154511 0.158769 0.221901 8.09023e-11 0.201467 0.104587 0.0787324 0.045709 0.0171754 0.0267925 1.6373e-12
322.752 1.37928 123.677 80.9948 1.00463 1.04809 0.0001 0.5 0.9 1.3 1.6 2.1 2.5 3 3.6 3.8 4.5 4.6 0.0266082 0.179031 0.230101 0.160253 0.168128 0.106292 0.0684408 0.0336222 0.0242084 1.4124e-11 0.00794345 4.60476e-11 0.0597486 0.15849 0.202364 0.194012 0.128648 0.121868 0.0792154 0.056446 4.00602e-12 0.0442922 0.00300596 2.08821e-11
324.765 1.38788 125.287 82.6046 1.00347 1.06016 0.0001 0.5 0.8 1 1.5 1.6 2.2 2.7 3.2 3.6 4.3 4.5 0.0261886 0.180574 0.0626548 0.233253 0.169182 0.101839 0.132203 0.0482036 0.0261415 0.0153771 0.0078588 7.14051e-10 0.0497414 0.187203 0.00978723 0.274155 9.92116e-10 0.25341 0.126775 0.064124 0.0450722 0.0245817 0.0253075 3.47333e-13
323.769 1.38363 124.492 81.8098 1.00446 1.05548 0.3 0.4 0.8 1 1.5 1.6 2.2 2.8 3.4 4.1 4.5 5 0.0626535 0.0771764 0.20703 0.135663 0.255189 0.0301539 0.143501 0.052068 0.0291629 0.00386105 0.00800251 2.07362e-12 0.131805 0.0443641 0.103083 0.242895 1.15643e-09 0.250197 0.134473 0.0781299 0.0421578 0.0278484 0.000525412 1.00747e-12
318.837 1.36255 120.515 77.8335 1.00431 1.05855 0.0001 0.6 1 1.3 1.7 2.1 2.5 2.9 3.4 3.8 4.4 4.5 0.0365581 0.255521 0.135775 0.207401 0.147791 0.0778289 0.0827618 0.0156494 0.0350089 1.10655e-08 0.0100113 8.58778e-10 0.0595297 0.258529 0.0761629 0.261357 0.0752 0.175078 0.00241706 0.0966476 0.00588005 0.037173 0.0105715 3.64591e-11
323.242 1.38138 124.07 81.3877 1.00484 1.05905 0.2 0.5 0.8 1.2 1.6 2 2.4 3 3.6 4.1 4.6 4.5 0.0478405 0.120813 0.206133 0.200131 0.189179 0.069087 0.102983 0.0360862 0.0248219 3.32557e-11 0.00776398 2.90371e-10 0.0832299 0.108759 0.179512 0.206979 0.151757 0.121241 0.0803144 0.077031 0.0235712 0.0244061 0.00224465 7.29033e-10
323.532 1.38262 124.302 81.62 1.00358 1.06365 0.2 0.6 0.8 1.1 1.5 1.7 2.3 2.6 3.2 3.6 4.3 4.4 0.0538939 0.218689 0.0239082 0.258297 0.0802844 0.169845 0.103842 0.0391344 0.0355894 0.0111635 0.00892857 1.47978e-08 0.0919109 0.17423 0.0416899 0.255607 3.26705e-09 0.247157 0.0840773 0.0656473 0.0544719 0.0219232 0.0269383 1.3794e-11
378.846 1.619 165.18 122.498 1.00955 1.20454 0.0001 0.3 0.9 1.1 1.5 1.7 2.2 2.8 3.3 3.8 4.5 5.2 0.0161234 0.147488 0.153832 0.22231 0.076118 0.217888 0.0586149 0.0459248 0.0589454 1.48825e-13 2.33147e-15 0.0123088 0.00109092 0.170839 0.272341 0.0664555 0.221069 0.0461477 0.165346 0.104295 0.0367306 0.0677597 0.0240346 0.0284309
321.357 1.37332 122.555 79.8727 1.00417 1.05447 0.0001 0.6 1.1 1.3 1.6 1.9 2.4 2.8 3.4 3.9 4.4 5 0.0354786 0.266334 0.194629 0.11447 0.111482 0.112801 0.09217 0.0328784 0.0336298 0.000686072 0.00961434 7.58837e-14 0.0676671 0.235524 0.165861 0.167805 0.0548318 0.136625 0.0975371 0.0587628 0.0340258 0.0289474 0.00688677 2.77556e-16
320.124 1.36805 121.559 78.8772 1.00463 1.05723 0.0001 0.6 1.1 1.4 1.6 2.1 2.6 3 3.5 3.9 4.5 6 0.0356908 0.264269 0.225763 0.0869531 0.144526 0.125112 0.0656433 0.0195434 0.0279223 2.31371e-09 0.00920419 1.17215e-11 0.0677594 0.233123 0.207497 0.140167 0.0845051 0.145902 0.0749689 0.0413293 0.0186668 0.0322319 0.00518613 0.00589568
320.45 1.36944 121.822 79.1403 1.00446 1.08479 0.1 0.5 0.8 1.2 1.6 2.1 2.4 2.9 3.5 4 4.5 5.8 0.0336213 0.144125 0.19487 0.200498 0.199126 0.0791088 0.0778163 0.0378973 0.0284488 2.59556e-08 0.00894879 3.59914e-11 0.0576398 0.153545 0.152622 0.217211 0.160292 0.152768 0.0235217 0.0904018 0.0296611 0.0266199 0.0130899 0.00741859
321.737 1.37494 122.86 80.1784 1.00455 1.05345 0.3 0.6 0.9 1.4 1.6 2.1 2.4 2.9 3.5 4.1 4.5 4.4 0.0958939 0.107741 0.254329 0.180193 0.12601 0.0931824 0.0703658 0.0398542 0.0279476 3.11819e-11 0.00903144 1.21231e-12 0.154232 0.0356166 0.2807 0.136306 0.138586 0.132595 0.039174 0.0786977 0.0310906 0.0254513 0.000997533 5.29007e-09
375.259 1.60367 162.716 120.034 1.00946 1.11387 0.2 0.4 0.8 1 1.5 1.8 2.2 2.8 3.3 3.4 4.3 5.2 0.0876111 0.0869285 9.38907e-11 0.329875 0.197269 0.141159 0.0484355 0.0484593 0.0578905 5.71577e-09 8.88178e-16 0.0118343 0.0712741 0.0907098 0.189671 0.135566 0.233862 0.0666842 0.132195 0.0834939 7.42154e-09 0.0662446 0.0308838 0.0132839
375.196 1.6034 162.673 119.991 1.00923 1.14392 0.2 0.4 0.7 1 1.5 1.7 2 2.6 3.2 3.5 4.3 5.2 0.0880237 0.0861248 7.35135e-06 0.332285 0.171909 0.117381 0.0807899 0.0463562 0.0684808 0.00560795 1.85685e-13 0.01226 0.0557025 0.125864 0.0638577 0.281036 0.131297 0.100099 0.123382 0.11411 0.0507058 0.0438408 0.0366865 0.0173357
321.861 1.37547 122.96 80.2785 1.00407 1.06621 0.3 0.5 0.9 1.3 1.6 2.2 2.3 2.9 3.4 4.1 4.4 6.1 0.0804538 0.0972309 0.28602 0.0941216 0.23124 0.0159398 0.12207 0.0377217 0.0285661 0.00187335 0.0088367 1.47317e-10 0.156808 0.0127988 0.319577 0.0232798 0.267395 0.0383443 0.0982241 0.0602488 0.0430218 0.00700778 0.0219746 0.0175275
322.455 1.37801 123.438 80.7558 1.00452 1.04391 0.1 0.6 1.1 1.2 1.6 1.7 2.3 2.8 3.5 4 4.5 5 0.0392571 0.258812 0.162742 0.131923 0.0398292 0.170735 0.115573 0.0452198 0.0321762 1.11022e-16 0.00824968 1.47998e-11 0.0748071 0.220356 0.145168 0.161085 3.69631e-10 0.187192 0.126867 0.0681965 0.0355527 0.0246812 3.90576e-13 5.12167e-11
324.168 1.38533 124.81 82.1284 1.00427 1.07284 0.0001 0.5 0.7 1.1 1.6 1.9 2.3 2.9 3.4 4.1 4.5 6.1 0.0294293 0.13868 0.132938 0.251276 0.225675 0.0205217 0.12738 0.0396539 0.027198 0.00406561 0.0074512 1.03906e-09 0.0544581 0.13489 0.122329 0.232605 0.197275 0.0629891 0.111483 0.0646052 0.0414383 0.0145781 0.0181898 0.018002
322.963 1.38018 123.846 81.164 1.00402 1.06901 0.2 0.4 0.7 1.1 1.3 1.7 2.3 2.4 3.1 3.6 4.3 4.5 0.0385917 0.0718725 0.211249 0.179789 0.104335 0.204509 0.0364832 0.0933461 0.0381785 0.0176698 0.00124727 0.00675029 0.0777719 0.0621288 0.173863 0.24773 4.7258e-07 0.254294 7.52218e-08 0.132691 0.065689 0.027622 0.0272195 6.44904e-10
303.096 1.29528 107.402 64.72 1.0189 1.02319 0.3 0.7 1 1.2 1.6 1.9 2.4 3 3.5 3.9 4.5 7.3 0.0992929 0.221653 0.0683494 0.190263 0.167687 0.0782737 0.113352 0.0302806 0.0266874 1.51273e-12 0.00425326 0.0188077 0.169309 0.0494287 0.309226 0.0113235 0.212418 0.0485742 0.13481 0.0440731 0.0139696 0.0300553 4.97014e-11 2.32925e-13
321.983 1.376 123.059 80.3768 1.0045 1.05619 0.3 0.6 0.9 1.4 1.7 2 2.4 3 3.5 4 4.5 4.4 0.0953924 0.110491 0.24806 0.221087 0.0930744 0.0644045 0.104445 0.032948 0.0251133 0.000432576 0.00904971 2.94175e-10 0.1536 0.0391519 0.272959 0.183664 0.0968867 0.0968111 0.0902024 0.07177 0.0180515 0.02926 0.00383548 2.67957e-11
455.73 1.94756 213.035 170.354 1.00545 1.11295 0.2 0.6 0.7 1.1 1.4 1.9 2.2 2.8 3.3 3.5 4.4 4.6 0.0828958 1.79251e-08 0.211948 0.262213 0.127457 0.0907848 0.158592 6.21725e-15 0.0640304 1.36557e-14 0.0075248 1.31206e-12 0.100698 0.0148287 0.23837 0.140353 0.171078 0.20276 0.0378343 0.115602 7.43849e-15 0.0558016 0.0356235 2.48135e-14
322.228 1.37704 123.256 80.5739 1.00412 1.06327 0.3 0.7 0.9 1.4 1.6 2.1 2.6 3 3.5 3.8 4.4 4.5 0.102626 0.167512 0.167919 0.244075 0.0667657 0.136861 0.060794 0.0214373 0.0275239 6.91114e-14 0.00860435 8.49321e-15 0.156721 0.0551508 0.252486 0.157273 0.119275 0.15193 0.0483758 0.0656587 0.0133107 0.0275829 0.015509 4.20219e-14
376.446 1.60874 163.534 120.852 1.00915 1.10319 0.2 0.4 0.7 1 1.5 1.7 2.1 2.6 3.2 3.6 4.4 5.2 0.0882729 0.0855181 2.07171e-09 0.334564 0.153463 0.155626 0.0646023 0.0392919 0.0725002 0.00343178 4.3715e-13 0.0118779 0.0562345 0.123703 0.0657495 0.279744 0.108699 0.14903 0.0996119 0.0914841 0.0648274 0.0272583 0.0276339 0.00921274
377.159 1.61179 164.024 121.342 1.00954 1.13269 0.1 0.5 0.8 1.2 1.5 1.9 2.2 2.9 3.4 3.8 4.5 5.2 0.0779723 0.101345 0.129271 0.269197 0.127575 0.167477 0.0178643 0.0672955 0.0398646 1.45439e-14 1.38778e-15 0.0116801 0.0590564 0.148224 0.166525 0.183839 0.151665 0.101739 0.119882 0.101539 0.0340869 0.0306216 0.0244716 0.0110371
322.22 1.37701 123.249 80.5674 1.00441 1.03855 0.3 0.7 0.9 1.1 1.5 1.8 2.3 2.8 3.4 3.9 4.5 4 0.0995507 0.220332 0.00811532 0.199131 0.181678 0.0962809 0.114609 0.041933 0.0306435 0.00425877 0.00788004 5.43272e-10 0.171161 0.00619088 0.239951 0.100947 0.178325 0.0933447 0.123021 0.0658751 0.0268201 0.0315369 0.00138281 3.53586e-09
323.648 1.38311 124.395 81.7127 1.00435 1.06832 0.3 0.4 0.8 1.1 1.6 2.1 2.3 2.8 3.3 4 4.5 5.8 0.0542459 0.0906461 0.211327 0.180277 0.256059 0.00225659 0.130281 0.0305613 0.0345644 0.00686633 0.00726815 7.26635e-12 0.149263 0.0121984 0.19511 0.180993 0.223383 0.0893049 0.0599549 0.0696659 0.0433762 0.0308523 0.00800717 0.00621395
511.565 2.18617 242.969 200.287 1.01067 1.2654 0.0001 0.4 0.8 1.2 1.6 1.8 2.3 2.8 3.4 3.8 4 5.1 0.0335571 0.146014 0.156923 0.186265 0.275505 0.0626529 2.60844e-09 0.11064 0.00455314 0.0218318 1.39216e-12 0.0127276 0.0417744 0.142008 0.169756 0.255154 0.149283 0.0478956 0.17825 0.0746572 0.0841811 9.49106e-07 0.0692635 0.053176
