Chi2   rChi2   BIC   AIC    Qichtot    Qimtot  R[0]  R[1]  R[2]  R[3]  R[4]  R[5]  R[6]  R[7]  R[8]  R[9]  R[10]  R[11]  Q0ch    Q1ch    Q2ch    Q3ch    Q4ch    Q5ch    Q6ch    Q7ch    Q8ch    Q9ch    Q10ch    Q11ch    Q0m    Q1m    Q2m    Q3m    Q4m    Q5m    Q6m    Q7m    Q8m    Q9m    Q10m    Q11m
507.331 2.16808 240.817 198.135 1.01219 1.07641 0.2 0.3 0.9 1.2 1.7 2.1 2.5 3.1 3.6 3.8 4.5 5.1 0.0362146 0.125139 0.19934 0.228786 0.234201 0.0559953 0.0313766 0.0867227 0.0104536 2.7478e-14 2.29483e-13 0.00396588 0.00146341 0.173338 0.255775 0.16227 0.227372 0.0157291 0.147329 0.0110344 0.0361204 0.0149705 7.06089e-10 0.0310067
437.113 1.868 202.233 159.551 1.00976 1.01044 0.0001 0.3 0.7 1.1 1.4 1.6 2.2 2.6 3.3 3.8 4.3 5.2 0.0259555 0.0448668 0.28885 0.112116 0.153096 0.148325 0.118419 0.0643857 0.0445575 0.0058646 0.00331957 1.05843e-10 0.0309144 0.102223 0.172647 0.251934 5.4758e-11 0.217998 0.101667 0.088881 0.0104357 0.0305271 1.75028e-10 0.00321318
433.072 1.85073 199.828 157.146 1.01022 1.02324 0.1 0.3 0.7 0.9 1.4 1.5 2.2 2.7 3.3 3.7 4.4 6.1 0.0234243 0.0573902 0.223581 0.132578 0.1206 0.204736 0.143479 0.0532039 0.0389694 0.00740843 0.00484997 1.83187e-15 0.0154557 0.14612 0.0104537 0.311072 9.98173e-11 0.282298 0.138599 0.0735082 0.00371503 0.0257531 2.93249e-12 0.0162678
1942.44 8.30103 588.534 545.852 0.986633 4.24247 0.1 0.5 0.7 0.8 1.4 1.7 2.1 2.6 3.2 3.8 4.3 4.8 0.039645 0.111134 3.91099e-06 0.271388 0.289085 0.0444584 0.123787 0.0660065 0.041125 1.76815e-11 1.43363e-12 4.67459e-12 0.0372032 0.0242824 0.0135462 0.22181 0.399786 0.144658 0.263962 0.259421 0.660116 1 0.655294 0.562392
1824.05 7.7951 572.247 529.565 1.00476 4.44571 0.0001 0.6 0.7 1.3 1.8 2.2 2.5 3.1 3.7 4.3 4.9 5.9 0.0421977 0.121489 0.203167 0.304889 0.132118 0.0573953 0.0711834 0.0393882 2.3305e-10 6.77236e-15 5.32907e-15 0.0329303 0.0284975 0.0442673 0.174348 0.39942 0.316421 0.198801 0.157602 0.649821 1 0.989789 0.486741 1.11022e-16
1951.57 8.34004 589.748 547.066 0.978436 5.13931 0.3 0.7 1.1 1.2 1.7 2 2.3 2.9 3.4 3.9 4.4 5 0.121982 0.140164 0.259318 0.135264 2.42889e-09 0.245485 0.00152758 0.0558058 0.0188897 1.30395e-11 1.74078e-11 1.23079e-12 0.0610898 0.125099 0.180198 0.134319 0.420051 0.0654053 0.298681 0.500324 0.861328 0.988214 1 0.504606
446.185 1.90677 207.554 164.872 1.00929 1.05876 0.3 0.4 0.8 1.2 1.5 1.7 2.1 2.7 3.3 3.5 4.3 4.9 0.0778033 0.0500173 0.275515 0.11149 0.231597 1.45016e-09 0.141574 0.0811853 0.00364107 0.0345415 0.00192964 2.28967e-11 0.152332 0.0065948 0.22695 0.198183 0.0313497 0.156814 0.122669 0.0765561 0.0534887 1.47499e-12 0.0338244 5.69023e-12
440.504 1.88249 204.234 161.553 1.00997 1.00011 0.2 0.4 0.8 1.3 1.5 1.8 2.3 2.7 3.4 3.7 4.4 5.3 0.0406056 0.0819406 0.297088 0.137601 0.15737 0.0859025 0.111597 0.0500568 0.0438357 3.13528e-10 0.0039701 5.21133e-12 0.0825763 0.0792829 0.223777 0.289188 3.52864e-09 0.123702 0.113487 0.0568628 0.00441332 0.0268252 3.33067e-12 1.20448e-12
511.515 2.18596 242.944 200.262 1.01273 1.0637 0.0001 0.5 0.9 1.3 1.4 1.7 2 2.5 3.1 3.5 3.6 5.2 0.0684476 0.125917 0.178933 0.272751 0.00102132 0.12652 0.107569 0.0285954 0.0864663 0.0111741 2.8574e-08 0.00533607 0.0596079 0.165969 0.193977 0.208229 0.0318351 0.121881 0.0611085 0.147707 9.22139e-10 0.0257161 0.0242902 0.0233761
503.514 2.15177 238.861 196.179 1.01248 1.09734 0.1 0.3 0.8 1.1 1.4 1.8 2.4 2.8 3.3 3.8 4.7 5.1 0.0145371 0.149714 0.0829584 0.302165 0.079368 0.240814 0.0211157 0.0571369 0.060633 1.601e-12 3.12339e-12 0.00403674 0.0254738 0.125367 0.222045 0.120469 0.188613 0.141868 0.133332 0.0386482 0.0222456 0.0439761 1.94893e-11 0.0353034
509.764 2.17848 242.056 199.374 1.01307 1.01514 0.0001 0.5 0.8 1.2 1.6 2 2.4 3 3.4 4.3 3.2 5.2 0.0687487 0.117659 0.11782 0.286985 0.164172 0.129722 0.0147382 0.0788634 0.0290506 7.99361e-15 2.15836e-06 0.00530969 0.0567149 0.143139 0.184062 0.196738 0.154903 0.144467 0.0455115 0.0739953 8.24029e-08 0.00545526 0.00395232 0.006203
514.542 2.1989 244.472 201.79 1.01254 1.0797 0.2 0.7 1.1 1.3 1.6 2 2.5 3.1 3.4 4.2 4.1 5.2 0.116717 0.158214 0.210057 0.0946863 0.186403 0.114043 0.0316498 0.0802424 0.0148911 3.09197e-14 1.70752e-13 0.00563375 0.101971 0.260147 0.103729 0.140321 0.119327 0.165555 0.0554098 0.0882602 1.03806e-14 0.024086 0.0041623 0.0167319
440.341 1.8818 204.139 161.457 1.00999 1.00116 0.3 0.2 0.7 1 1.4 1.9 2.4 2.6 3.4 3.8 4.4 4.9 0.0572656 0.028738 0.242197 0.116859 0.257035 0.135998 0.0554436 0.067314 0.0453256 1.654e-10 0.00381733 4.39301e-10 0.114689 0.0344295 0.126254 0.196494 0.230407 0.123138 0.0828636 0.0561083 0.0177218 0.0190518 9.37802e-11 2.74447e-13
440.335 1.88178 204.135 161.454 1.01004 1.01005 0.3 0.7 1 1.2 1.6 2 2.4 3 3.5 3.8 4.5 5 0.101658 0.199945 0.143906 0.100976 0.235066 0.0355707 0.125256 0.0318726 0.0326591 8.7208e-14 0.00312899 1.73905e-12 0.168406 0.0702156 0.257748 0.0583073 0.224839 0.0261532 0.148242 0.023676 0.00900891 0.0234552 2.35811e-13 1.43602e-12
432.399 1.84786 199.425 156.743 1.01044 1.02472 0.1 0.4 0.9 1 1.5 1.7 2.4 2.7 3.4 3.7 4.4 6.1 0.00272054 0.177163 0.112012 0.237008 0.0912876 0.194963 0.113329 0.0322429 0.044564 5.59317e-10 0.00515106 5.37292e-13 0.0422117 0.160481 0.00866974 0.335196 0.079327 0.188239 0.123619 0.0391261 0.0113515 0.0210835 1.1548e-12 0.0154132
511.61 2.18637 242.992 200.31 1.01127 1.112 0.1 0.5 0.9 1.3 1.5 2.1 2.3 2.9 3.2 3.8 4.5 4.9 0.0514676 0.112402 0.283703 0.183566 0.0752499 0.191331 0.0327152 5.73909e-10 0.0731278 1.07381e-12 0.00770357 1.72039e-11 0.0672691 0.149968 0.212018 0.12416 0.210723 0.00851257 0.185114 0.0489712 0.0091225 0.069929 2.93951e-10 0.0262108
437.049 1.86773 202.195 159.513 1.01032 1.00684 0.3 0.5 0.9 1.3 1.6 1.7 2.3 2.6 3.4 3.8 4.4 6.1 0.0790732 0.101691 0.268948 0.154145 2.84431e-05 0.206131 0.077614 0.0730309 0.0452474 1.25485e-10 0.00441017 1.62648e-14 0.167852 0.0134129 0.262181 0.182886 0.0155029 0.15379 0.10694 0.0613161 0.0198941 0.00976658 1.22684e-11 0.0133016
440.575 1.8828 204.276 161.594 1.01001 1.00297 0.3 0.7 0.9 1.3 1.5 1.6 2.2 2.6 3.4 3.8 4.4 5.2 0.104623 0.151399 0.183698 0.130743 1.48365e-08 0.211187 0.101665 0.0772208 0.0456232 1.34586e-10 0.00385195 2.18808e-10 0.171007 0.0149845 0.261388 0.149159 0.000321827 0.172225 0.116183 0.0803863 0.0168636 0.0204535 2.27235e-10 1.25049e-10
615.93 2.63218 291.055 248.373 1.01401 1.12838 0.0001 0.6 0.8 1.2 1.5 1.7 2.2 2.7 3.1 3.7 4.2 5.1 0.0603089 0.245536 3.2215e-08 0.217012 0.130178 0.198666 0.00778117 0.0890638 0.0370633 0.0228816 9.15934e-15 0.00552335 0.0681977 0.243597 0.00922795 0.279052 0.122421 0.0439556 0.157922 0.0833323 0.00672276 0.0703954 1.56322e-11 0.0435525
508.987 2.17516 241.661 198.979 1.01308 1.03977 0.1 0.3 0.7 1.1 1.4 1.8 2.1 2.8 3.3 3.7 4.4 5.2 0.0242732 0.128089 0.0804136 0.315287 0.0892082 0.215741 0.0310514 0.0661378 0.0574942 1.0068e-10 1.38334e-13 0.00538383 0.0437529 0.0687764 0.239067 0.151199 0.159803 0.131539 0.112904 0.0781507 0.0355077 2.84367e-10 0.0117711 0.00730211
442.494 1.891 205.402 162.72 1.00943 1.03694 0.1 0.5 0.7 1.1 1.4 1.9 2.3 2.8 3.4 4.3 3.5 4.4 0.0474692 0.0243997 0.303749 0.0490829 0.296381 0.0870625 0.110868 0.0484713 0.0252174 0.00291555 0.0138111 5.25552e-12 0.0659609 0.0909786 0.180079 0.168483 0.159961 0.194899 0.0397255 0.0803959 0.0301088 0.0263434 1.65188e-10 9.20969e-11
437.992 1.87176 202.753 160.071 1.00998 1.01705 0.0001 0.4 0.8 1.1 1.5 1.6 2.3 2.8 3.4 3.7 4.3 4.6 0.0171637 0.124025 0.232044 0.141707 0.0766302 0.196958 0.135747 0.040026 0.0405163 3.02591e-10 0.0051604 4.26854e-11 0.0465726 0.129975 0.157244 0.217187 3.48887e-09 0.235654 0.142613 0.0538551 2.22306e-12 0.0339477 1.95544e-12 1.84186e-13
432.163 1.84685 199.283 156.601 1.01006 1.05684 0.1 0.5 0.8 1.3 1.5 2.1 2.4 3 3.4 4.2 4.3 6 0.0428755 0.0944973 0.290739 0.0639679 0.274477 0.0662481 0.108602 0.0274192 0.0350537 5.298e-06 0.00617779 3.33067e-16 0.0626021 0.129121 0.217988 0.172469 0.151492 0.189979 0.00269468 0.0880953 1.05471e-15 5.34463e-09 0.0185872 0.0238071
438.262 1.87291 202.913 160.231 1.00955 1.02956 0.0001 0.5 0.7 1.2 1.5 2 2.5 3 3.4 4.2 4.3 4.8 0.039786 0.054529 0.268768 0.173356 0.200728 0.112343 0.102318 0.0127915 0.0412912 1.753e-11 0.00364032 6.36674e-12 0.0557794 0.113507 0.180246 0.227413 0.124237 0.183523 0.04195 0.0667061 0.00990693 0.0147569 0.0115299 1.08047e-12
438.173 1.87253 202.86 160.178 1.00989 1.04961 0.2 0.5 0.7 1.2 1.5 1.9 2.3 2.9 3.4 4.2 4.3 5.8 0.0653749 8.7495e-12 0.304894 0.156468 0.213929 0.058036 0.127275 0.0454069 0.0312908 0.00721292 2.25413e-10 1.79494e-11 0.0911959 0.0447556 0.217837 0.239018 0.0907917 0.165088 0.0728163 0.0708968 0.0152178 6.33993e-13 0.0218645 0.0201258
518.221 2.21462 246.317 203.635 1.01127 1.06312 0.1 0.6 1 1.2 1.4 1.9 2.1 2.9 3.2 3.4 4.3 4.5 0.0558566 0.184566 0.220075 0.0829685 0.153434 5.30824e-11 0.227734 0.0103397 0.0687639 1.55947e-11 3.53384e-13 0.00753682 0.0685527 0.224981 0.179771 3.43166e-10 0.19591 0.151543 0.0762411 0.0977583 3.60409e-11 0.0241914 0.0441727 4.58633e-13
440.452 1.88227 204.204 161.522 1.00982 1.01467 0.1 0.4 0.8 1.2 1.5 2.2 2.3 2.8 3.3 3.8 4.3 5.1 0.0322314 0.0822494 0.321535 0.0236181 0.316562 0.0182728 0.13552 0.0276248 0.0428462 0.00550834 0.00385027 3.68202e-11 0.0542092 0.113013 0.212987 0.158345 0.214473 0.138888 0.0280615 0.0573255 0.00546258 0.0305736 1.91133e-10 0.00133286
440.073 1.88065 203.981 161.299 1.00955 1.01868 0.0001 0.5 0.7 1.2 1.5 1.9 2.3 3 3.5 4.2 4.3 4.9 0.0434291 0.0269113 0.308099 0.127056 0.252054 0.0291221 0.146648 0.0457348 0.0271107 3.06975e-09 0.00338204 5.97222e-12 0.0553649 0.117347 0.173708 0.241766 0.0942528 0.154557 0.0826976 0.0733448 0.00258934 0.0230548 5.44625e-10 7.25531e-13
441.328 1.88602 204.718 162.036 1.00927 1.07171 0.3 0.7 0.9 1.4 1.6 2.1 2.3 2.8 3.3 3.5 4.3 4.4 0.104428 0.149054 0.19575 0.185085 0.136106 0.0490127 0.0994565 0.047776 0.0149839 0.0244162 0.00320308 5.2005e-10 0.160187 0.0240564 0.30912 0.0448419 0.241546 0.0606653 0.0822173 0.0533153 0.0569505 2.09001e-08 0.0388139 1.31891e-09
504.321 2.15522 239.275 196.593 1.01227 1.10029 0.2 0.3 0.9 1.1 1.6 2 2.4 3 3.4 3.8 4.6 5.1 0.0318895 0.131927 0.1508 0.225085 0.239272 0.0964336 0.0273702 0.0738674 0.0316454 1.88449e-12 1.19127e-13 0.00397843 0.00988658 0.161545 0.257382 0.110121 0.25892 0.0151817 0.156982 0.0371876 0.0104302 0.0463104 1.03765e-09 0.03634
439.554 1.87844 203.675 160.993 1.00959 1.01494 0.2 0.5 0.8 1.3 1.5 2 2.3 3 3.4 4.2 4.5 5.1 0.0625573 0.0571222 0.319117 0.0254753 0.312857 2.19811e-11 0.159211 0.0360709 0.0319703 0.00521109 1.57185e-12 7.56345e-12 0.0883757 0.0851209 0.23685 0.17794 0.124312 0.144385 0.0600721 0.07503 0.000188505 0.0226638 4.01118e-12 1.48204e-12
435.919 1.8629 201.524 158.842 1.0101 1.02117 0.0001 0.4 0.7 1.1 1.5 2.1 2.2 2.7 3.4 3.7 4.3 6.1 0.0345266 0.0467303 0.272749 0.132848 0.275475 0.018742 0.120138 0.0620437 0.0417537 2.66126e-10 0.00509202 2.69562e-13 0.0485063 0.109792 0.149422 0.224191 0.219256 0.0606427 0.0932876 0.0729076 0.00738328 0.0205921 9.23467e-10 0.0151875
2273.97 9.71783 629.348 586.666 0.998293 3.48782 0.1 0.3 0.9 1.1 1.6 2 2.3 2.9 3.4 3.9 4.5 5.5 0.00704623 0.167259 0.110724 0.273267 0.203281 0.128718 2.49819e-08 0.080256 0.0214191 1.07137e-14 2.22045e-16 0.00632246 0.00632499 0.0881031 0.217298 0.111625 0.435439 0.0311756 0.31093 0.236738 0.449429 0.922493 0.678266 4.21069e-12
1938.99 8.2863 588.074 545.392 0.986638 4.24521 0.0001 0.6 0.8 0.9 1.4 1.6 2.1 2.6 3.2 3.8 4.3 4.8 0.0396797 0.222794 3.45752e-06 0.171695 0.250501 0.0677222 0.127821 0.065 0.0414224 6.17459e-09 1.9346e-08 2.27134e-10 0.0325724 0.10119 1.38055e-05 0.189795 0.289941 0.218743 0.275689 0.257382 0.661287 1 0.655561 0.563039
1815.84 7.75999 571.078 528.396 0.977978 5.08151 0.0001 0.6 0.8 1.4 1.9 2.2 2.3 2.9 3.5 4 4.5 5 0.0418597 0.177839 0.188491 0.325589 0.0438428 0.111474 0.0219189 0.0556896 0.0112738 1.24378e-12 7.17093e-13 4.11071e-12 0.0349075 0.0426819 0.197055 0.456722 0.174243 0.306171 0.0321927 0.580553 1 0.985857 0.839267 0.43186
1897.71 8.10989 582.5 539.818 0.988619 4.10723 0.0001 0.6 0.7 1 1.4 1.5 2.1 2.6 3.2 3.8 4.4 4.9 0.0418934 0.135366 0.164427 0.0923128 0.224824 0.0870256 0.135968 0.0632601 0.0435412 3.60696e-09 2.5926e-09 4.88251e-10 0.0323292 0.121785 0.00372504 0.212568 0.0648495 0.368787 0.316165 0.203242 0.632993 1 0.776588 0.374201
1875.54 8.01515 579.457 536.775 0.984937 4.45178 0.3 0.7 0.9 0.8 1.4 1.7 2.1 2.7 3.3 3.9 4.4 4.9 0.106885 0.052404 3.70951e-09 0.263462 0.293132 0.0336906 0.136582 0.0701713 0.0286103 1.79029e-12 7.77561e-12 3.58835e-12 0.0728605 0.03562 0.22888 6.57063e-08 0.304723 0.202892 0.299236 0.313865 0.822412 1 0.716157 0.45514
507.623 2.16933 240.966 198.284 1.01228 1.11282 0.1 0.4 0.7 1.1 1.4 1.8 2.4 2.8 3.3 3.9 4.6 5.1 0.0508675 0.13463 0.0272823 0.360449 0.0466361 0.252637 0.0154803 0.0612825 0.0589969 2.66454e-15 4.2355e-14 0.00401943 0.0527975 0.111329 0.134555 0.232503 0.144513 0.145835 0.143026 0.0265706 0.0398252 0.0425238 3.04779e-10 0.0393386
507.027 2.16678 240.662 197.98 1.01216 1.07903 0.2 0.3 0.9 1.2 1.7 2.2 2.5 3.1 3.6 3.8 4.4 5.1 0.0394536 0.120643 0.204929 0.220562 0.246831 0.0570251 0.0203202 0.0886466 0.00970386 6.35603e-14 6.99441e-15 0.00404748 0.00181009 0.172838 0.256511 0.161036 0.230091 0.0173413 0.143295 0.0131587 0.0329512 0.0183831 4.03689e-10 0.0316182
439.341 1.87753 203.55 160.868 1.00997 0.999556 0.2 0.5 0.7 1.2 1.4 1.6 2.1 2.6 3.4 3.7 4.4 5.1 0.0656573 2.79566e-09 0.303992 0.14345 0.121761 0.121756 0.117366 0.0874577 0.0446507 2.8938e-13 0.00387873 2.61569e-12 0.101492 0.0390782 0.192921 0.265612 0.0246281 0.123174 0.12594 0.0945446 0.00649232 0.0256739 1.11022e-15 3.39651e-12
438.405 1.87353 202.998 160.316 1.00963 1.05397 0.1 0.3 0.7 1.3 1.5 2 2.4 2.8 3.4 3.8 4.3 4.9 0.0389229 0.0225539 0.319336 0.219425 0.130891 0.113114 0.0808054 0.040626 0.037954 0.00185837 0.00414289 0 0.0550324 0.0566527 0.246372 0.345551 1.99663e-12 0.160846 0.0592576 0.073202 5.40233e-10 0.0475608 3.0808e-11 0.00949205
1921.97 8.21353 585.789 543.107 0.989234 4.32596 0.1 0.3 0.8 1.3 1.5 1.9 2.4 2.8 3.3 3.8 4.4 4.9 0.0460131 0.0919623 0.21055 0.332373 0.00279805 0.199542 1.95624e-10 0.0632496 0.0427462 2.45365e-12 9.67376e-12 2.24426e-12 0.0134922 0.0523926 0.199616 0.326373 0.0920906 0.342362 0.18489 0.299862 0.582639 1 0.870742 0.361496
1810.76 7.73829 570.353 527.671 0.977112 5.18228 0.2 0.6 0.8 1.1 1.5 1.9 2.3 2.9 3.4 3.9 4.4 5 0.0603219 0.159186 0.141805 0.138704 0.248633 0.0493621 0.119667 0.0429801 0.0164536 4.05514e-11 3.92052e-11 1.32389e-11 0.0411317 0.0656983 0.118375 0.171626 0.342679 0.254406 0.294806 0.495566 0.869394 1 1 0.528596
2078.27 8.8815 606.04 563.358 0.988752 4.25307 0.0001 0.6 1 1.2 1.5 1.9 1.7 2.6 3.2 3.7 4.3 4.9 0.0638056 0.229577 0.0905362 0.0738738 0.273552 1.3119e-05 0.114885 0.0958172 0.0466918 1.56254e-09 9.29645e-13 4.02812e-09 0.0294448 0.14669 6.13512e-09 0.36487 0.130184 0.338863 2.02947e-09 0.356144 0.48158 0.958827 0.971547 0.474919
2020.32 8.63386 598.716 556.034 0.985891 4.46127 0.0001 0.6 1 1.2 1.6 1.9 2.5 2.8 3.4 4 4.5 5 0.0609084 0.247854 1.78745e-08 0.226851 0.279898 0.0416177 0.0197243 0.0884723 0.0205656 3.55558e-11 2.21323e-13 5.03669e-12 0.0230272 0.160278 0.036313 0.342867 0.0873459 0.440566 0.105803 0.368962 0.880176 1 0.703754 0.312174
2050.84 8.76428 602.599 559.917 0.98792 4.22778 0.0001 0.2 0.7 1 1.4 1.6 2.1 2.6 3.1 3.7 4.3 4.9 8.2332e-08 0.102184 0.233404 0.0633322 0.186943 0.250471 0.0154762 0.0804189 0.0540937 0.00159641 1.47432e-12 1.06498e-12 0.0233534 0.0194929 0.172708 0.0745319 0.458056 0.0398986 0.328475 0.200135 0.511234 1 0.938475 0.461423
1896.67 8.10542 582.358 539.676 0.984379 4.54349 0.3 0.7 1 1.1 1.5 1.9 2.3 2.8 3.4 3.9 4.5 5 0.103793 0.192358 0.195001 1.17179e-09 0.254685 0.0617689 0.10438 0.0478782 0.0245155 3.1869e-13 1.44329e-15 6.25611e-14 0.0770762 0.0681106 0.123138 0.166275 0.284857 0.292109 0.166818 0.424625 0.777363 1 0.872529 0.29059
440.542 1.88266 204.257 161.575 1.00963 1.05489 0.3 0.7 0.8 1.2 1.5 1.8 2.3 2.9 3.3 3.5 4.2 4.4 0.107332 0.0344092 0.27437 0.0811596 0.245246 0.0471413 0.138744 0.0434641 0.00514497 0.0292301 1.84852e-13 0.00339429 0.156015 0.00688133 0.2248 0.191393 0.0688481 0.176339 0.102691 0.0596057 0.0358477 3.92688e-11 0.0291258 0.00334459
509.936 2.17922 242.144 199.462 1.01306 1.01689 0.2 0.6 0.8 1.3 1.7 2 2.4 3 3.4 4.3 4.6 5.2 0.117517 0.0289268 0.203393 0.311396 0.0986536 0.125637 0.0141038 0.0792825 0.0288141 1.25344e-13 6.63469e-13 0.00533534 0.100103 0.0961707 0.213425 0.22982 0.103509 0.13695 0.0454018 0.0767385 0.00233915 0.00593671 7.5453e-12 0.00649361
437.771 1.87082 202.623 159.941 1.0096 1.09454 0.3 0.7 0.9 1.4 1.6 2.1 2.3 2.8 3.3 3.5 4.3 5.7 0.104499 0.148469 0.196626 0.183306 0.137913 0.0457728 0.102631 0.0472906 0.0146426 0.0240523 0.00439751 5.90411e-12 0.160171 0.0246299 0.311374 0.0467623 0.240159 0.0628397 0.0818542 0.0572011 0.0528546 2.68784e-08 0.0399194 0.0167764
513.707 2.19533 244.052 201.37 1.01278 1.01984 0.1 0.5 0.9 1.1 1.4 1.8 2.1 2.9 3.4 3.3 4.4 5.2 0.0746294 0.123489 0.122952 0.152143 0.208751 0.133676 0.0789263 0.063475 1.33081e-11 0.0498805 9.9365e-15 0.00485602 0.0611635 0.152196 0.248439 1.02033e-10 0.207754 0.104042 0.124182 0.0788956 0.0170442 1.16785e-09 0.014478 0.0116442
512.24 2.18906 243.311 200.629 1.0128 1.0175 0.2 0.6 0.8 1.2 1.4 1.9 2.2 3 3.4 4.3 4.2 5.2 0.118008 0.025185 0.206424 0.115621 0.2425 0.145857 0.0455165 0.0805464 0.0283371 5.55112e-17 8.32667e-16 0.00480043 0.101062 0.084508 0.231454 0.0492379 0.222374 0.136625 0.0874353 0.084219 7.39908e-13 0.00923679 0.00140201 0.00994778
436.365 1.86481 201.79 159.108 1.01034 1.01575 0.3 0.4 0.9 1.2 1.6 2.2 2.4 2.7 3.4 3.8 4.4 6.1 0.0352668 0.127336 0.300968 0.0674247 0.260777 0.0599703 0.0663105 0.0435599 0.043908 3.04756e-14 0.00481712 2.77556e-16 0.159979 0.0207267 0.251328 0.134217 0.216277 0.075258 0.0720915 0.0408226 0.0192794 0.0114425 3.74367e-13 0.0143318
620.14 2.65017 292.819 250.137 1.01402 1.11293 0.2 0.6 0.7 1.1 1.5 2 2.7 3 3.6 3.1 4.3 5.3 0.10045 2.13866e-06 0.23995 0.0756554 0.384827 0.0626248 0.0777749 0.0379348 0.029306 5.66948e-09 2.04287e-12 0.00549183 0.0992275 0.0374979 0.211483 0.177887 0.18796 0.197247 0.0485867 0.0144239 0.00799275 0.0660544 0.0374259 0.0271431
510.215 2.1804 242.285 199.603 1.01293 1.04397 0.2 0.5 0.9 1.3 1.7 2.1 2.4 3.1 3.5 4.3 4.4 5.2 0.109562 0.0587768 0.22818 0.22634 0.189084 0.0642154 0.032713 0.0875479 0.0107528 2.74665e-10 1.63874e-10 0.00575531 0.0798191 0.13596 0.229502 0.16898 0.172546 0.0900413 0.0624536 0.0809641 3.20957e-09 0.0132718 0.00284353 0.00759294
509.119 2.17572 241.728 199.046 1.01229 1.08638 0.2 0.4 0.9 1.3 1.7 1.9 2.4 3 3.4 3.8 4.5 5.1 0.0926635 0.0708114 0.225566 0.256385 0.0871092 0.139751 0.029801 0.0757574 0.0302697 2.6592e-11 1.08469e-13 0.00417128 0.0681011 0.121518 0.24554 0.204824 0.147939 0.0273123 0.152837 0.031701 0.0160885 0.0377218 5.76966e-12 0.032798
507.666 2.16951 240.988 198.306 1.01221 1.07587 0.2 0.3 0.9 1.3 1.7 1.9 2.5 3.1 3.6 3.7 5.1 5.2 0.0461946 0.110554 0.237966 0.245637 0.0977879 0.135376 0.0383609 0.0855218 0.0108846 3.28676e-11 0.00392794 8.0879e-09 0.00973048 0.161339 0.285393 0.16813 0.153825 0.058048 0.14601 0.013729 0.0147229 0.0340783 0.0308585 2.39407e-07
442.768 1.89217 205.562 162.881 1.00933 1.07087 0.0001 0.5 0.8 1.3 1.6 1.8 2.2 2.7 3.3 3.4 4.3 4.8 0.0328318 0.132156 0.233387 0.22002 0.126344 0.0343597 0.120282 0.0649261 5.58431e-12 0.0408966 0.0041283 7.04758e-12 0.0560231 0.138708 0.205216 0.244635 1.18661e-12 0.170505 0.0856249 0.0735336 0.0570135 0.00146341 0.038151 2.75135e-12
504.655 2.15665 239.447 196.765 1.01228 1.10048 0.0001 0.3 0.9 1.2 1.6 1.9 2.4 3 3.4 3.8 4.6 5.1 0.0160723 0.145682 0.203018 0.211892 0.159239 0.133008 0.0347296 0.0725165 0.0321826 1.79139e-11 4.49041e-12 0.00394354 0.00612383 0.163504 0.286761 0.0965433 0.233461 0.0266969 0.156693 0.0377373 0.0100096 0.0465084 4.32729e-09 0.0364459
441.918 1.88854 205.065 162.383 1.00956 1.02502 0.0001 0.6 0.8 1.2 1.4 1.9 2.3 2.9 3.4 4.2 4.6 5.2 0.0419533 0.170675 0.194753 6.23319e-11 0.319859 0.0740173 0.125268 0.0443481 0.0329778 0.00570586 3.4151e-12 6.75177e-12 0.0595662 0.258913 0.0193141 0.241198 0.0864955 0.181941 0.065863 0.0714912 0.0168873 0.0233477 4.60271e-12 1.05593e-10
