Chi2   rChi2   BIC   AIC    Qichtot    Qimtot  R[0]  R[1]  R[2]  R[3]  R[4]  R[5]  R[6]  R[7]  R[8]  R[9]  R[10]  R[11]  Q0ch    Q1ch    Q2ch    Q3ch    Q4ch    Q5ch    Q6ch    Q7ch    Q8ch    Q9ch    Q10ch    Q11ch    Q0m    Q1m    Q2m    Q3m    Q4m    Q5m    Q6m    Q7m    Q8m    Q9m    Q10m    Q11m
561.605 2.58804 248.504 220.862 1.0316 1.03314 0.0001 0.6 0.4 1.4 1.5 2.2 2.3 3.1 3.5 4 4.5 5 0.0534028 0.339248 0.0142752 0.332078 0.136783 0.0561184 6.87304e-05 0.0996306 0 0 0 0 0.063416 0.356718 5.98361e-06 0.408829 1.47504e-12 9.1607e-10 0.175346 0.0288239 0 0 0 0
526.974 2.42845 233.611 205.968 1.08467 1.01149 0.4 0.6 0.8 1.3 1.6 1.7 2.4 3.9 3.2 3.7 4.3 4.8 0.182879 0.181204 1.8276e-05 0.454894 0.0106217 1.48227e-06 0.18479 0.0702615 0 0 0 0 0.226681 0.152909 2.47169e-09 0.324523 0.143912 4.41482e-10 0.151728 0.0117386 0 0 0 0
550.04 2.53475 243.635 215.993 1.04181 1.05774 0.2 0.7 0.8 1.3 1.6 2.3 2.4 3.3 3.6 4.1 4.6 5.1 0.121533 0.283138 0.0133382 0.247681 0.225855 1.07731e-07 0.064994 0.0852716 0 0 0 0 0.120426 0.329586 6.45405e-06 0.195058 0.218685 4.67092e-06 0.164445 0.0295269 0 0 0 0
557.045 2.56703 246.597 218.954 1.03555 1.05325 0.0001 0.5 1.6 1.1 1.5 2.3 2.3 3.2 3.5 4 4.5 5 0.0412857 0.283914 0.060781 0.221285 0.276828 0.036996 0.0232465 0.0912173 0 0 0 0 0.0455503 0.291025 6.08414e-05 0.238571 0.257482 0.17325 0.00967049 0.0376449 0 0 0 0
524.596 2.41749 232.553 204.91 1.07673 1.03035 0.2 0.5 0.6 1.3 1.4 1.5 2.4 3.8 3.1 3.6 4.2 4.7 0.0461809 0.110622 0.230367 0.342101 0.0336213 0.0746466 0.171156 0.0680343 0 0 0 0 0.0224124 0.368339 0.000450188 0.00398993 0.450184 0.000225851 0.167221 0.0175291 0 0 0 0
569.841 2.626 251.911 224.269 1.03012 1.03431 0.3 0.5 0.4 1.3 1.5 2.2 2 3.1 3.5 4.1 4.6 5.1 0.0579029 0.274285 0.0185325 0.353892 0.157076 0.0750156 0.000345602 0.0930699 0 0 0 0 0.0789651 0.279174 5.99088e-06 0.437447 2.22286e-08 0.197839 3.38352e-08 0.0408835 0 0 0 0
570.483 2.62895 252.174 224.532 1.02593 1.02711 0.4 0.5 0.5 1.3 1.5 2.2 1.7 3 3.4 4 4.6 5.1 0.110092 0.174115 0.0726305 0.38383 9.89543e-07 0.00826463 0.166593 0.110401 0 0 0 0 0.181813 0.0867455 0.0850547 0.442374 1.31146e-10 0.192707 9.82214e-11 0.0384119 0 0 0 0
524.366 2.41643 232.45 204.807 1.08242 1.02526 0.6 0.4 0.5 1.3 1.4 1.5 2.4 3.9 3.2 3.8 4.4 5 0.178368 0.181588 0.00367013 0.452384 0.0011623 0.0116304 0.184746 0.0688698 0 0 0 0 3.26823e-09 0.0867891 0.299147 0.0287939 0.428859 4.69865e-11 0.164735 0.016935 0 0 0 0
563.275 2.59574 249.199 221.557 1.03043 1.04441 0.3 0.5 1.2 1.4 1.5 2.1 2.2 3.1 3.3 3.8 4.3 4.9 0.067814 0.276625 0.2376 0.00538835 0.278866 0.0632114 0.000277307 0.100648 0 0 0 0 0.103809 0.23446 0.292001 0.163703 5.76698e-06 1.34383e-06 0.206857 0.0435686 0 0 0 0
518.597 2.38985 229.861 202.219 1.08056 1.04475 0.0001 0.4 0.8 1.4 1.8 1.9 2.5 3.9 3.5 4.1 4.6 5.1 3.49089e-07 0.220721 0.238219 0.371671 0.0135812 0.019519 0.150653 0.0661989 0 0 0 0 1.11554e-07 0.269121 0.171755 0.347693 0.095194 3.08564e-06 0.141879 0.0191039 0 0 0 0
526.723 2.42729 233.499 205.857 1.07796 1.02188 0.0001 0.4 0.7 1.3 1.5 1.6 2.4 3.8 3.3 3.9 4.5 5 0.0751488 0.00097163 0.371513 0.27092 2.54581e-05 0.126171 0.163872 0.0693384 0 0 0 0 8.63175e-10 0.254007 0.151116 0.196974 0.246001 3.53853e-07 0.158393 0.0153883 0 0 0 0
540.747 2.49192 239.648 212.006 1.04923 1.05142 0.3 0.6 0.8 1.4 1.5 2.2 2.4 3.4 3.4 3.9 4.5 5.1 0.142032 0.201396 0.0476951 0.478938 1.48893e-06 0.0137099 0.0850666 0.0803861 0 0 0 0 0.121501 0.290299 1.1972e-06 0.384727 0.0529579 5.33404e-09 0.179991 0.0219389 0 0 0 0
563.413 2.59637 249.256 221.614 1.03034 1.0448 0.3 0.5 0.4 1.2 1.5 2.2 2.1 3.1 3.4 3.9 4.5 5 0.0674045 0.273739 0.00265364 0.241047 0.281324 2.24019e-06 0.063605 0.100565 0 0 0 0 1.75665e-06 0.0596828 0.262912 0.376391 0.0966074 0.205216 3.55894e-07 0.0439903 0 0 0 0
565.367 2.60538 250.067 222.424 1.03022 1.03763 0.0001 0.5 0.5 1.3 1.5 2.1 2.2 3.1 3.4 3.9 4.4 4.9 0.0305265 0.309835 0.0113489 0.377855 0.116959 0.0873251 3.10677e-07 0.0963688 0 0 0 0 0.0348287 0.0886587 0.238893 0.432209 1.10815e-09 2.83665e-10 0.20159 0.041446 0 0 0 0
524.368 2.41644 232.451 204.808 1.08242 1.02523 0.5 0.4 0.6 1.3 1.4 1.5 2.4 3.9 3.2 3.7 4.3 4.8 0.00021628 0.18306 0.180429 0.452841 2.79382e-06 0.0122679 0.184741 0.0688668 0 0 0 0 0.299102 0.0868202 2.45801e-06 0.0288874 0.428756 2.07969e-07 0.164729 0.0169321 0 0 0 0
525.852 2.42328 233.112 205.469 1.07704 1.02788 0.2 0.5 0.8 1.3 1.5 1.7 2.4 3.8 3.3 3.9 4.4 5 0.122599 0.00038459 0.366023 0.239541 0.00108674 0.121476 0.156499 0.06943 0 0 0 0 0.0291675 0.353118 5.08631e-09 0.253031 0.211986 1.14663e-10 0.162476 0.0181053 0 0 0 0
563.165 2.59523 249.154 221.511 1.03049 1.04417 0.1 0.6 0.4 1.3 1.5 2.2 2.1 3.1 3.4 4 4.6 5.1 0.0580645 0.307903 0.0265526 0.221709 0.252812 0.000149873 0.062585 0.100712 0 0 0 0 0.0355087 0.189179 0.145756 0.422912 2.9472e-07 0.207324 9.60865e-07 0.0434875 0 0 0 0
563.347 2.59607 249.229 221.587 1.0306 1.04495 0.3 0.5 1.4 1.2 1.5 2.1 2.2 3.1 3.3 3.8 4.3 4.9 0.0659532 0.279852 0.0119233 0.230258 0.280116 0.0549817 0.00691727 0.1006 0 0 0 0 0.103982 0.23418 0.161302 0.293163 0.00148809 3.92766e-06 0.207059 0.0437679 0 0 0 0
554.002 2.553 245.315 217.672 1.03694 1.0499 0.2 0.5 0.8 1.3 1.6 2.2 2.3 3.2 3.5 4.1 4.7 5.2 0.0834967 0.176989 0.14246 0.296612 0.174884 0.0668622 0.00105116 0.094585 0 0 0 0 0.0450984 0.32174 2.70897e-05 0.39699 0.0625871 1.07025e-08 0.189447 0.0340122 0 0 0 0
568.874 2.62154 251.514 223.871 1.03048 1.03509 0.6 0.4 0.4 1.3 1.5 2.1 2.2 3.1 3.3 3.9 4.5 5 0.1022 0.173878 0.0693562 0.406858 0.0895371 0.0933918 2.04538e-07 0.0952617 0 0 0 0 0.10668 0.218469 0.0344872 0.43582 2.08298e-09 4.49289e-10 0.198338 0.0412988 0 0 0 0
497.159 2.29106 219.983 192.34 1.0631 1.22119 0.0001 0.6 0.4 1.3 1.6 2.3 4.1 3.1 3.6 4.1 4.6 5.1 0.000490248 0.114343 0.240915 0.369768 0.144241 0.0868459 0.0489084 0.0575887 0 0 0 0 6.60708e-08 0.157142 0.229124 0.355369 0.12889 0.199685 0.0496347 0.101343 0 0 0 0
526.178 2.42478 233.257 205.615 1.07752 1.02453 0.0001 0.4 0.7 1.3 1.6 1.4 2.4 3.8 3.3 3.8 4.3 4.9 0.0747819 0.00200162 0.370383 0.270231 0.12405 0.00312409 0.163888 0.0690596 0 0 0 0 2.42619e-06 0.250546 0.16254 4.00227e-05 0.0418331 0.392338 0.160824 0.0164059 0 0 0 0
564.086 2.59948 249.536 221.893 1.03012 1.0463 0.0001 0.6 0.4 1.3 1.5 2.2 2.1 3.1 3.4 3.9 4.4 4.9 0.00707069 0.170516 0.191284 0.287695 0.207192 7.50893e-05 0.0658385 0.100445 0 0 0 0 0.0567238 0.268803 0.0598168 0.380136 0.0305055 0.205235 2.50813e-06 0.0450791 0 0 0 0
519.078 2.39207 230.078 202.436 1.07247 1.06126 0.0001 0.4 0.8 1.4 1.8 1.9 2.5 3.8 3.5 4.1 4.6 5.1 0.0921542 0.000553461 0.439368 0.23838 1.79368e-05 0.122403 0.112315 0.0672819 0 0 0 0 1.91747e-10 0.270141 0.170345 0.352341 0.093694 3.25757e-09 0.148368 0.0263711 0 0 0 0
524.864 2.41873 232.672 205.029 1.08296 1.02189 0.6 0.4 0.6 1.3 1.4 1.5 2.4 3.9 3.2 3.8 4.3 4.8 0.00100568 0.181589 0.182552 0.431465 0.0323901 3.20746e-05 0.184722 0.0692043 0 0 0 0 0.0786242 0.208304 0.111297 2.47795e-08 0.421781 0.0241021 0.162079 0.0157034 0 0 0 0
526.973 2.42845 233.61 205.968 1.08467 1.01103 0.0001 0.5 0.8 1.3 1.6 1.7 2.4 3.9 3.3 3.8 4.4 5 0.0114023 0.345947 5.52271e-07 0.466569 0.00543518 5.45931e-06 0.185066 0.0702473 0 0 0 0 0.0231472 0.354543 1.50993e-08 0.326587 0.143806 7.0538e-10 0.151364 0.0115783 0 0 0 0
540.255 2.48965 239.435 211.792 1.08356 0.976268 0.6 0.4 0.6 0.5 1.3 1.4 2.3 3.8 3 3.6 4.2 4.8 0.183194 0.185416 5.44932e-07 6.76776e-07 0.44516 5.02913e-07 0.194193 0.075598 0 0 0 0 5.89942e-05 0.136836 1.78208e-05 0.229739 0.231392 0.214755 0.158161 0.00530683 0 0 0 0
571.024 2.63145 252.396 224.754 1.02564 1.02474 0.5 0.4 0.5 1.3 1.5 2.1 2.2 3 3.4 3.9 4.4 4.9 0.194249 0.0876571 0.0839883 0.263832 0.246794 0.0413057 2.48402e-07 0.107809 0 0 0 0 0.0926899 0.181874 0.0788793 0.442113 3.36927e-09 3.17995e-08 0.191959 0.0372215 0 0 0 0
571.024 2.63145 252.396 224.754 1.02561 1.02466 0.4 0.5 0.5 1.3 1.5 2.1 2.2 3 3.4 3.9 4.5 5 0.0882415 0.277231 0.000248862 0.264829 0.245773 0.0415098 3.28594e-05 0.107749 0 0 0 0 0.181873 0.0892501 0.0823146 0.442106 1.81407e-07 1.56975e-09 0.191933 0.0371815 0 0 0 0
563.697 2.59768 249.374 221.732 1.03022 1.04562 0.0001 0.5 0.3 1.2 1.5 2.2 2.1 3.1 3.5 4 4.6 5.2 0.0265359 0.317719 0.00498812 0.230142 0.287519 2.36304e-06 0.0627787 0.100535 0 0 0 0 1.73848e-07 0.22072 0.111032 0.358128 0.10701 0.203994 4.85249e-09 0.0447404 0 0 0 0
524.365 2.41643 232.449 204.807 1.08243 1.02522 0.4 0.5 0.6 1.3 1.4 1.5 2.4 3.9 3.1 3.7 4.2 4.8 0.180001 0.00765714 0.175752 0.453555 2.40747e-07 0.0118347 0.184755 0.0688717 0 0 0 0 0.0868648 0.299025 3.28413e-05 0.0289638 0.428671 1.64524e-07 0.164732 0.0169304 0 0 0 0
563.805 2.59818 249.419 221.777 1.03022 1.04597 0.2 0.6 0.4 1.3 1.5 2.1 2.2 3.1 3.3 3.8 4.3 4.9 0.0592371 0.261338 0.0627784 0.246508 0.23636 0.0629652 0.000388677 0.10064 0 0 0 0 0.0952268 0.273311 0.0147606 0.386958 0.0252257 2.74225e-06 0.205674 0.0448066 0 0 0 0
571.024 2.63145 252.396 224.754 1.02564 1.02474 0.4 0.5 0.4 1.3 1.5 2.2 2.1 3 3.5 4 4.5 5.1 0.0106414 0.278328 0.0769461 0.263717 0.246899 6.99448e-09 0.0412924 0.107814 0 0 0 0 0.179948 0.171569 0.00192627 0.442114 1.05951e-08 0.191959 6.16199e-09 0.0372238 0 0 0 0
546.169 2.51691 241.983 214.34 1.04344 1.05371 0.0001 0.5 1 1.5 1.6 2.3 2.4 3.3 3.5 4.1 4.6 5.1 0.0582851 0.229908 0.233125 0.354312 0.000716859 0.0782438 4.06242e-07 0.0888454 0 0 0 0 0.0415846 0.293281 0.179146 0.343448 7.95235e-08 4.11832e-09 0.171234 0.0250183 0 0 0 0
524.19 2.41562 232.371 204.729 1.07646 1.03243 0.3 0.5 0.6 1.3 1.4 2.4 2.3 3.8 3 3.5 4.1 4.6 0.0760122 0.108532 0.188845 0.397322 0.0544131 0.11094 0.0713793 0.0690169 0 0 0 0 0.0385813 0.345533 0.00549514 0.0125035 0.443442 0.167576 1.12442e-08 0.0192983 0 0 0 0
524.998 2.41934 232.732 205.089 1.07696 1.02864 0.0001 0.6 0.4 1.3 1.4 1.5 2.4 3.8 3.1 3.6 4.1 4.7 0.0400459 0.334661 0.023792 0.315337 0.028735 0.0958562 0.170337 0.0681985 0 0 0 0 1.98193e-09 0.1901 0.208654 6.31074e-07 0.42153 0.0256205 0.165623 0.0171094 0 0 0 0
555.877 2.56164 246.105 218.463 1.03617 1.0513 0.0001 0.6 0.7 1.4 1.6 2.3 2.2 3.2 3.5 4.1 4.6 5.1 0.0632265 0.334355 2.83794e-06 0.460135 0.00428208 1.99823e-06 0.0815631 0.0925982 0 0 0 0 0.07126 0.270874 0.0874349 0.399084 1.47715e-08 0.186836 6.7958e-10 0.0358143 0 0 0 0
524.368 2.41644 232.451 204.808 1.08243 1.02524 0.4 0.5 0.6 1.3 1.4 1.5 2.4 3.9 3.2 3.7 4.2 4.8 0.183193 7.16221e-06 0.180469 0.452609 0.000957801 0.0115461 0.184778 0.0688708 0 0 0 0 0.0870887 0.298465 0.000391088 0.0288395 0.428788 2.02969e-07 0.164747 0.0169217 0 0 0 0
565.449 2.60576 250.1 222.458 1.03018 1.0376 0.0001 0.5 0.4 1.3 1.5 2.1 2.2 3.1 3.3 3.8 4.3 4.9 0.0256425 0.298444 0.0262089 0.380636 0.116154 0.0833071 0.00356305 0.096222 0 0 0 0 0.0345673 0.326429 0.00132936 0.432276 4.18695e-08 6.59561e-07 0.201562 0.04144 0 0 0 0
563.328 2.59598 249.221 221.579 1.03038 1.04423 0.4 0.5 1.1 1.4 1.5 2.2 2 3.1 3.5 4 4.5 5 0.214356 0.102633 0.183596 0.273032 0.0614122 0.00019122 0.0945319 0.100624 0 0 0 0 0.288121 0.020229 0.25217 0.235417 1.93699e-06 0.204205 2.69027e-06 0.0440797 0 0 0 0
554.161 2.55374 245.382 217.739 1.03691 1.05085 0.0001 0.5 0.7 1.3 1.6 2.2 2.3 3.2 3.6 4.2 4.8 5.4 0.0691859 0.115574 0.218413 0.288506 0.184539 0.0654179 0.000396263 0.0948785 0 0 0 0 0.0310045 0.338283 3.04047e-05 0.391308 0.0665024 7.38681e-09 0.189041 0.034677 0 0 0 0
563.303 2.59587 249.211 221.568 1.03038 1.04286 0.4 0.5 1.4 1.2 1.5 2.1 2.2 3.1 3.3 3.9 4.5 5.1 0.119915 0.235979 0.411136 0.0864228 0.00310869 0.074092 4.42232e-06 0.0997214 0 0 0 0 0.24709 0.0820167 0.149172 0.314671 1.2121e-08 1.01445e-07 0.207383 0.0425265 0 0 0 0
19643.8 90.5244 1080.31 1052.67 1.48721 1.64167 0.4 0.5 1.5 1.3 1.4 1.9 2.6 2.7 3.6 4.2 4.7 5.3 4.21885e-14 1.38278e-13 7.87703e-12 3.7062e-12 3.24074e-12 0.570695 0.805496 0.111023 0 0 0 0 0.111177 0.373369 4.07846e-09 0.581717 2.6298e-10 0.344799 0.0476927 0.182917 0 0 0 0
505.848 2.3311 224.037 196.394 1.06358 1.15656 0.3 0.5 0.6 1.3 1.4 2.3 3.8 2.9 3 3.5 4 4.5 0.0998996 0.00438906 0.275485 0.379298 0.0584191 0.174301 0.0717854 1.29747e-08 0 0 0 0 0.0389874 0.352842 0.000915143 0.0536308 0.413439 0.179699 0.0451536 0.0718894 0 0 0 0
525.592 2.42208 232.996 205.354 1.07721 1.02664 0.3 0.5 0.8 1.3 1.6 1.5 2.4 3.8 3.2 3.8 4.4 5 0.13888 0.048785 0.271469 0.228766 0.0590095 0.0956944 0.165859 0.0687447 0 0 0 0 0.0471312 0.333433 2.0423e-06 0.257341 3.29336e-07 0.209211 0.162597 0.0169206 0 0 0 0
524.368 2.41644 232.451 204.808 1.08242 1.02523 0.4 0.5 0.6 1.3 1.4 1.5 2.4 3.9 3.2 3.7 4.3 4.8 0.183036 0.000243537 0.180435 0.452186 0.00136877 0.0115272 0.184757 0.0688675 0 0 0 0 0.0870303 0.298596 0.000316756 0.0288292 0.428798 2.3319e-07 0.164737 0.0169267 0 0 0 0
524.357 2.41639 232.446 204.803 1.08238 1.02516 0.4 0.5 0.6 1.3 1.4 1.5 2.4 3.9 3.2 3.8 4.4 4.9 0.18141 0.00118153 0.182257 0.433688 0.0303049 6.93345e-06 0.184681 0.0688525 0 0 0 0 0.0870379 0.298391 0.000574723 0.0283202 0.429241 2.75537e-08 0.16464 0.0169578 0 0 0 0
528.219 2.43419 234.163 206.52 1.07911 1.01443 0.2 0.4 0.7 1.3 1.6 1.6 2.4 3.8 3.3 3.9 4.5 5.1 0.098046 0.00283728 0.332728 0.301108 0.0584774 0.0498668 0.166396 0.0696499 0 0 0 0 2.95351e-08 0.259499 0.13444 0.297454 0.0817923 0.0771998 0.151505 0.0125438 0 0 0 0
554.633 2.55591 245.581 217.939 1.03661 1.05043 0.0001 0.6 0.4 1.2 1.5 2.2 2.3 3.2 3.5 4.1 4.6 5.1 0.0506584 0.249957 0.0660301 0.207655 0.29417 0.0743291 7.29535e-05 0.0937407 0 0 0 0 1.58203e-07 0.086442 0.262304 0.285501 0.193727 3.2536e-09 0.187695 0.0347609 0 0 0 0
592.318 2.72958 260.964 233.321 1.01676 1.02651 0.4 0.5 1.1 1.2 1.4 1.5 2 2.9 3.2 3.7 4.3 4.9 0.0108705 0.378985 0.000266037 0.000654385 0.262903 0.248679 4.03322e-08 0.1144 0 0 0 0 0.301029 4.53687e-12 0.130893 0.295221 1.14707e-09 2.32488e-11 0.230398 0.0689747 0 0 0 0
571.289 2.63267 252.505 224.862 1.02549 1.02374 0.5 0.4 0.4 1.3 1.4 2.1 2.2 3 3.3 3.9 4.4 4.9 0.300182 0.0722117 0.000126375 0.0203974 0.475929 0.0497334 0.000209541 0.106704 0 0 0 0 0.171465 0.152782 0.0291235 0.442001 1.04608e-07 7.213e-08 0.191657 0.0367075 0 0 0 0
526.711 2.42724 233.494 205.851 1.07825 1.02045 0.0001 0.4 0.7 1.3 1.6 1.5 2.4 3.8 3.3 3.8 4.3 4.8 0.022386 0.149813 0.236688 0.346707 0.0755518 0.00947879 0.168589 0.0690409 0 0 0 0 2.51369e-07 0.253737 0.151776 0.195401 2.50059e-06 0.247155 0.158088 0.0142941 0 0 0 0
528.101 2.43365 234.111 206.468 1.07904 1.0154 0.0001 0.4 0.7 1.3 1.6 2 2.4 3.8 3.2 3.8 4.4 5 0.0346936 0.126232 0.240865 0.398637 0.0061955 0.0498364 0.152317 0.0702615 0 0 0 0 3.80142e-10 0.259653 0.134048 0.298222 0.158448 1.16185e-13 0.15168 0.0133496 0 0 0 0
554.304 2.5544 245.442 217.8 1.03691 1.05116 0.0001 0.6 0.4 1.2 1.5 2.1 2.3 3.2 3.4 3.9 4.4 4.9 0.0157928 0.10119 0.210953 0.310297 0.205993 0.0974844 5.65085e-06 0.095192 0 0 0 0 9.26027e-09 0.0865861 0.262244 0.285466 0.193811 2.79554e-11 0.187883 0.0351669 0 0 0 0
524.481 2.41696 232.501 204.859 1.07646 1.03168 0.4 0.5 0.8 1.3 1.6 1.4 2.4 3.8 3.2 3.8 4.4 5 0.227049 0.012864 0.178197 0.320188 0.0719258 0.0296593 0.168568 0.0680131 0 0 0 0 0.0917724 0.292681 0.000972738 0.0510176 0.00933503 0.399613 0.167881 0.0184096 0 0 0 0
526.968 2.42842 233.608 205.966 1.07832 1.0196 0.3 0.5 0.8 1.3 1.6 1.2 2.4 3.8 3.3 3.8 4.3 4.9 0.0778879 0.21403 0.0660882 0.00172161 0.134824 0.348332 0.166235 0.0692006 0 0 0 0 0.0551909 0.318793 2.40778e-08 0.336842 0.138425 4.17142e-10 0.156019 0.0143295 0 0 0 0
524.356 2.41639 232.446 204.803 1.08239 1.02515 0.4 0.5 0.6 1.3 1.4 1.5 2.4 3.9 3.2 3.8 4.4 5 0.181713 0.000176292 0.183094 0.432752 0.0311514 1.07922e-05 0.184638 0.0688511 0 0 0 0 0.0866722 0.299291 2.51417e-09 0.0284801 0.429105 3.8399e-09 0.164627 0.0169706 0 0 0 0
525.851 2.42328 233.112 205.469 1.07706 1.02788 0.2 0.5 0.8 1.3 1.5 1.7 2.4 3.8 3.4 3.9 4.5 5.1 0.122279 0.00138103 0.365 0.240032 0.00125488 0.121126 0.156552 0.0694317 0 0 0 0 0.029171 0.353107 1.08905e-05 0.253024 0.211986 1.29806e-06 0.162479 0.0180994 0 0 0 0
565.425 2.60565 250.091 222.448 1.03017 1.0425 0.2 0.6 0.5 1.4 1.5 1.8 2.3 3.1 3.4 3.9 4.4 5 0.0744961 0.293104 0.0298319 0.445449 0.00017615 0.0491474 0.039462 0.0985028 0 0 0 0 0.0844828 0.332139 6.728e-09 0.416214 2.22065e-08 5.01444e-09 0.175779 0.0338815 0 0 0 0
553.978 2.55289 245.305 217.662 1.03722 1.05222 0.0001 0.5 0.8 1.3 1.6 2.2 2.3 3.2 3.5 4 4.5 5.1 0.0830976 0.0993622 0.277687 0.180005 0.244141 0.0567162 1.24298e-05 0.096195 0 0 0 0 0.0310196 0.338338 1.41644e-08 0.391684 0.0662239 1.88125e-07 0.189582 0.0353699 0 0 0 0
569.393 2.62393 251.727 224.085 1.03053 1.03473 0.3 0.5 0.4 1.3 1.5 2.1 2.2 3.1 3.4 4 4.6 5.2 0.0734551 0.261952 0.00794286 0.412545 0.0853757 0.0928963 0.00128773 0.0950746 0 0 0 0 0.078989 0.279154 2.83217e-06 0.437574 4.49857e-10 2.50415e-09 0.197828 0.0411824 0 0 0 0
563.187 2.59533 249.163 221.52 1.03052 1.04413 0.4 0.5 1.4 1.2 1.5 2.1 2.2 3.1 3.5 4 4.5 5 0.140652 0.205896 0.140009 0.188081 0.189384 0.0657483 5.89655e-06 0.100739 0 0 0 0 0.24975 0.0784017 0.131905 0.322822 0.0103385 1.94055e-07 0.207759 0.043149 0 0 0 0
525.841 2.42323 233.107 205.465 1.07705 1.02775 0.2 0.5 0.8 1.3 1.5 1.7 2.4 3.8 3.4 4 4.5 5 0.120949 0.00412952 0.365077 0.225728 0.0249498 0.109596 0.157242 0.069381 0 0 0 0 0.0291383 0.353174 9.84534e-08 0.252878 0.212107 1.39681e-09 0.162433 0.0180162 0 0 0 0
563.452 2.59655 249.273 221.63 1.03035 1.04388 0.0001 0.6 0.5 1.3 1.5 2.1 2.2 3.1 3.3 3.9 4.5 5 0.0251002 0.0209374 0.318051 0.303141 0.19453 0.0679121 0.000595929 0.100079 0 0 0 0 0.0468138 0.0866934 0.23581 0.423985 6.77632e-05 4.11626e-06 0.207173 0.0433336 0 0 0 0
562.769 2.59341 248.989 221.346 1.03115 1.03373 0.4 0.5 0.8 1.4 1.5 2.3 2.2 3.1 3.4 3.9 4.4 5 0.253986 0.010659 0.1495 0.349145 0.109104 1.44492e-05 0.0601672 0.0985706 0 0 0 0 0.274579 2.69009e-07 0.153734 0.400351 2.63534e-12 0.175839 7.63907e-11 0.0292243 0 0 0 0
540.258 2.48967 239.436 211.794 1.08355 0.976267 0.4 0.5 0.6 1.3 1.4 2.3 2.1 3.8 3 3.6 4.2 4.7 0.185416 9.74746e-07 0.183197 0.445152 1.18563e-08 0.194203 9.62242e-10 0.0755773 0 0 0 0 0.137471 0.228122 0.0011484 0.230974 0.215104 0.158139 9.25926e-14 0.00531062 0 0 0 0
524.995 2.41933 232.73 205.088 1.083 1.02218 0.7 0.4 0.6 1.3 1.4 1.5 2.4 3.9 3.2 3.7 4.2 4.7 0.158216 0.221972 1.97543e-05 0.413206 0.00510425 0.0310902 0.184104 0.0692891 0 0 0 0 1.16163e-06 0.208468 0.189656 1.82152e-08 0.422965 0.0230155 0.162302 0.0157761 0 0 0 0
524.429 2.41672 232.478 204.835 1.0764 1.03204 0.3 0.5 0.8 1.3 1.6 1.4 2.4 3.8 3.3 3.9 4.4 5 0.100825 0.140579 0.187706 0.284516 0.082155 0.0455864 0.166786 0.0682489 0 0 0 0 0.0370292 0.352179 2.83121e-08 0.0141661 1.79853e-07 0.442199 0.167802 0.0186641 0 0 0 0
524.368 2.41644 232.451 204.808 1.08246 1.02522 0.5 0.4 0.6 1.3 1.4 1.5 2.4 3.9 3.1 3.6 4.1 4.7 3.05087e-06 0.183391 0.180093 0.453889 1.59765e-09 0.0113531 0.18485 0.0688797 0 0 0 0 0.298788 0.0869928 0.000125382 0.0291299 0.428514 3.82889e-07 0.164772 0.0169008 0 0 0 0
19608 90.3593 1079.88 1052.24 1.49525 1.66752 0.0001 2.77556e-17 0.7 0.9 1.6 1.9 2 2.7 3.1 3.7 4.3 4.9 1.89376e-12 2.52109e-12 1.27992e-12 2.97108e-11 4.49994e-11 0.00506773 0.710094 0.780091 0 0 0 0 0.0971144 0.0095458 0.446778 0.159126 0.577269 4.91427e-06 0.122037 0.255641 0 0 0 0
19608.4 90.3612 1079.89 1052.24 1.49649 1.68236 0.4 0.5 1.5 1.3 2 1.9 2.7 2.8 3.6 4.1 4.7 5.3 8.89419e-10 4.30836e-10 3.84429e-09 9.08662e-13 0.709801 4.19899e-05 0.786644 8.46056e-07 0 0 0 0 0.141478 0.334013 8.25292e-06 0.62859 0.365592 1.30784e-06 0.008489 0.204187 0 0 0 0
19646.7 90.538 1080.34 1052.7 1.50201 1.67064 0.4 0.5 0.9 1.3 1.4 2 2.5 2.8 3.4 3.9 4.5 5 3.04201e-14 9.74665e-13 9.98202e-13 4.46626e-12 6.73639e-12 0.751232 0.243952 0.506822 0 0 0 0 0.00418415 0.510218 9.80936e-07 0.00668097 0.717083 0.0640894 0.368384 8.30966e-10 0 0 0 0
19645.3 90.5312 1080.33 1052.68 1.50459 1.66368 0.4 0.5 0.9 1.3 1.4 2 2.5 2.8 3.4 3.9 4.4 5 3.76156e-10 2.15639e-11 1.93183e-10 1.92835e-10 6.49699e-11 0.75877 0.225773 0.520048 0 0 0 0 0.052247 0.446209 0.000535673 0.189535 0.526054 0.0967367 0.352361 1.28431e-06 0 0 0 0
19602.7 90.3351 1079.82 1052.18 1.49561 1.67025 0.0001 0.7 0.8 1.1 1.7 2 2.2 2.7 3.2 3.8 4.3 4.8 4.16889e-14 7.43072e-13 8.50986e-14 1.79587e-11 6.14108e-10 0.71354 1.50101e-09 0.782067 0 0 0 0 0.125632 1.78753e-06 0.628511 0.0106273 0.640404 2.07084e-07 2.07721e-08 0.265069 0 0 0 0
528.209 2.43414 234.158 206.516 1.07879 1.01653 0.2 0.4 0.8 1.3 1.4 1.7 2.4 3.8 3.3 3.9 4.5 5.1 0.12048 0.00460916 0.361688 0.244208 0.00140227 0.118127 0.158147 0.0701289 0 0 0 0 9.91267e-08 0.271705 0.160745 1.14571e-06 0.363558 0.0540173 0.152514 0.0139908 0 0 0 0
526.977 2.42847 233.612 205.97 1.08468 1.01149 0.0001 0.4 0.6 0.7 1.3 1.6 2.4 3.9 3.2 3.8 4.3 4.9 1.76474e-08 0.183726 0.177157 0.00362449 0.454037 0.0111227 0.184731 0.070282 0 0 0 0 7.7419e-09 0.226676 0.152917 3.36696e-08 0.324507 0.143928 0.151713 0.0117532 0 0 0 0
524.397 2.41657 232.464 204.821 1.07656 1.03145 0.6 0.4 0.5 1.2 1.4 1.5 2.4 3.8 3.1 3.6 4.1 4.6 0.173513 0.173454 0.013625 0.247849 0.136672 0.0930904 0.170336 0.0680175 0 0 0 0 0.00781294 0.0926429 0.28613 0.0134136 0.445524 4.5685e-08 0.167932 0.0179969 0 0 0 0
568.901 2.62166 251.525 223.882 1.03047 1.035 0.4 0.5 0.6 1.3 1.5 2.1 2.2 3.1 3.4 3.9 4.4 5 0.188639 0.135483 0.0152782 0.423931 0.0773488 0.094662 1.52137e-09 0.0951248 0 0 0 0 0.252956 9.93207e-11 0.106674 0.435809 3.45809e-11 1.00102e-10 0.19832 0.0412441 0 0 0 0
19667.7 90.6348 1080.59 1052.95 1.50483 1.67492 0.4 0.5 0.8 1.3 1.9 2 2.6 2.8 3.5 4.1 4.6 5.2 2.33147e-15 6.32827e-14 1.79856e-14 9.71778e-13 2.77162e-11 0.783066 0.269072 0.452689 0 0 0 0 0.323879 0.0328637 0.15273 0.613502 1.3694e-09 0.282865 0.269078 1.34115e-13 0 0 0 0
524.363 2.41642 232.448 204.806 1.0765 1.03177 0.6 0.4 0.5 1.2 1.4 1.5 2.4 3.8 3.1 3.7 4.2 4.7 0.166913 0.181554 0.00687638 0.288747 0.0456699 0.149187 0.169491 0.0680652 0 0 0 0 0.000122846 0.0881052 0.297711 0.0149034 0.444691 1.12874e-05 0.168029 0.0181954 0 0 0 0
571.475 2.63353 252.581 224.939 1.02512 1.03447 0.5 0.4 0.5 1.2 1.4 1.5 2.1 3 3.4 3.9 4.4 5 0.128394 0.0696306 0.17116 0.123211 0.0805139 0.31696 0.025426 0.109824 0 0 0 0 4.69057e-05 0.305397 0.000698558 0.449067 4.31473e-06 1.43466e-07 0.228148 0.0511039 0 0 0 0
527.256 2.42975 233.736 206.093 1.07834 1.01917 0.5 0.2 0.7 1.3 1.6 0.9 2.4 3.8 3.2 3.7 4.2 4.7 0.0413888 0.0966966 0.221946 0.250298 0.129097 0.105096 0.164386 0.0694278 0 0 0 0 0.342287 0.0339065 2.5195e-07 0.33173 0.141559 7.00608e-08 0.155224 0.0144659 0 0 0 0
524.367 2.41644 232.45 204.808 1.08242 1.02522 0.6 0.4 0.5 1.3 1.4 1.5 2.4 3.9 3.1 3.6 4.2 4.7 0.178751 0.182032 0.00279266 0.453213 1.77762e-05 0.0119902 0.184761 0.0688674 0 0 0 0 6.06929e-06 0.0868392 0.299075 0.0289535 0.428675 1.00976e-05 0.164731 0.0169271 0 0 0 0
553.572 2.55102 245.133 217.49 1.03772 1.04087 0.0001 0.3 0.7 1.5 1.6 2.3 2.4 3.2 3.6 4.1 4.7 5.3 0.078024 0.0093301 0.373793 0.435171 1.25935e-07 4.64322e-07 0.0487333 0.0926721 0 0 0 0 0.0847479 0.00480742 0.392282 0.377523 5.37242e-07 5.99165e-07 0.159803 0.0217007 0 0 0 0
593.984 2.73726 261.621 233.978 1.01099 1.00205 0.5 0.4 0.8 1.2 1.4 1.5 2 2.8 3.2 3.8 4.3 4.8 0.320562 0.0583079 9.21002e-08 2.76478e-09 0.403381 0.108405 1.48575e-09 0.120334 0 0 0 0 2.03975e-08 0.296448 0.0297758 0.405083 1.72419e-09 1.4861e-10 0.212916 0.0578281 0 0 0 0
524.367 2.41644 232.451 204.808 1.08242 1.02524 0.4 0.5 0.6 1.3 1.4 1.5 2.4 3.9 3.2 3.8 4.3 4.8 0.183127 5.15635e-05 0.180529 0.452313 0.00121801 0.0115524 0.184762 0.0688634 0 0 0 0 0.0868601 0.299013 5.15724e-05 0.0288981 0.428746 1.83713e-06 0.164743 0.0169262 0 0 0 0
524.631 2.41766 232.568 204.926 1.07629 1.0326 0.0001 0.5 0.8 1.4 1.7 1.9 2.4 3.8 3.3 3.8 4.3 4.8 0.0636731 0.118021 0.303757 0.334034 1.08114e-05 0.0286865 0.159333 0.0687781 0 0 0 0 0.0155401 0.376577 3.32306e-07 0.453765 3.97352e-09 3.94293e-11 0.167298 0.0194206 0 0 0 0
554.222 2.55402 245.408 217.765 1.03686 1.05037 0.0001 0.5 1 1.3 1.6 2.2 2.3 3.2 3.6 4.2 4.8 5.4 0.0462052 0.268826 0.12293 0.251179 0.186018 0.0652565 0.00195531 0.0944873 0 0 0 0 0.0309962 0.338295 6.49057e-07 0.391217 0.0665627 2.31689e-09 0.188855 0.0344417 0 0 0 0
525.913 2.42356 233.139 205.497 1.07764 1.02426 0.5 2.77556e-17 0.7 1.3 1.5 1.6 2.4 3.8 3.3 3.9 4.5 5.1 0.16554 0.0423007 0.205507 0.305709 0.100025 0.0208618 0.16899 0.0687082 0 0 0 0 0.364735 0.0196316 4.28175e-05 0.245285 0.217666 2.54396e-06 0.161221 0.015672 0 0 0 0
527.218 2.42958 233.719 206.077 1.07848 1.01857 0.2 0.5 0.8 1.3 1.6 1.7 2.4 3.8 3.3 3.8 4.4 5 0.0609684 0.192619 0.166441 0.351535 0.0083434 0.0637583 0.165471 0.0693443 0 0 0 0 0.0338096 0.342473 1.07316e-06 0.331364 0.141828 1.04727e-06 0.15508 0.014015 0 0 0 0
561.078 2.58561 248.285 220.642 1.03187 1.03117 0.0001 0.6 0.4 1.4 1.5 2.3 2.1 3.1 3.4 3.9 4.5 5 0.0580751 0.331664 0.0103203 0.454654 5.10799e-08 1.72198e-05 0.077191 0.0999473 0 0 0 0 0.0633823 0.356618 1.69829e-05 0.408478 1.05315e-05 0.17457 8.32455e-07 0.0280919 0 0 0 0
540.254 2.48965 239.435 211.792 1.08355 0.976258 0.4 0.5 0.6 1.3 1.4 2 2.3 3.8 3.1 3.7 4.3 4.8 0.185412 1.23847e-05 0.183191 0.445141 1.24901e-08 8.33528e-12 0.194208 0.0755829 0 0 0 0 0.136705 0.229966 2.49381e-06 0.231183 0.214967 4.39015e-12 0.158134 0.00530084 0 0 0 0
524.555 2.4173 232.534 204.892 1.07637 1.03243 0.2 0.5 0.9 1.4 1.8 1.9 2.4 3.8 3.4 4 4.5 5 0.0702605 0.179422 0.25301 0.310891 0.0210261 0.0120174 0.161012 0.0687279 0 0 0 0 0.0230605 0.366831 0.00251699 0.453551 4.27365e-09 1.0757e-09 0.167314 0.0191576 0 0 0 0
593.984 2.73726 261.621 233.978 1.01098 1.00204 0.4 0.5 0.8 1.2 1.4 1.5 2 2.8 3.2 3.8 4.4 5 0.058309 0.320559 1.38597e-07 2.67973e-07 0.403388 0.108391 2.71254e-09 0.120337 0 0 0 0 0.296448 9.16988e-08 0.0297763 0.405082 6.31948e-09 7.19584e-11 0.212915 0.057824 0 0 0 0
19656.5 90.5829 1080.46 1052.82 1.47963 1.62606 0.0001 0.5 0.7 0.8 1.6 1.9 1.8 2.6 3.1 3.7 4.2 4.7 2.30647e-11 3.28335e-10 1.43359e-10 4.26098e-09 5.26946e-08 0.513612 0.0452801 0.920739 0 0 0 0 0.079234 0.174204 0.0403069 0.394541 0.634508 0.0348659 1.33716e-05 0.268384 0 0 0 0
563.449 2.59654 249.272 221.629 1.03035 1.0448 0.4 0.4 0.5 1.2 1.5 2.2 2.1 3.1 3.5 4 4.6 5.2 0.0273688 0.133488 0.177824 0.250895 0.276047 5.96264e-05 0.0641283 0.100536 0 0 0 0 0.165306 0.0977367 0.0595162 0.376515 0.096496 0.20525 3.6051e-07 0.0439776 0 0 0 0
555.895 2.56173 246.113 218.47 1.03607 1.0506 0.2 0.5 0.7 1.4 1.5 2.2 2.3 3.2 3.4 3.9 4.5 5.1 0.0616537 0.21197 0.117591 0.4742 8.72242e-06 0.0575623 0.0211825 0.0918994 0 0 0 0 0.0973121 0.0940021 0.241587 0.395178 5.91633e-07 9.28338e-08 0.187306 0.0352132 0 0 0 0
571.283 2.63264 252.502 224.86 1.02553 1.02411 0.5 0.4 0.5 1.3 1.4 2.1 2.2 3 3.2 3.8 4.3 4.8 0.182047 0.0689592 0.122563 0.00977988 0.486331 0.048863 2.7714e-09 0.106987 0 0 0 0 0.0688795 0.1819 0.102619 0.442045 5.09209e-12 4.28542e-09 0.191775 0.0368952 0 0 0 0
527.379 2.43032 233.791 206.148 1.07865 1.01751 0.0001 0.4 0.6 0.7 1.3 1.6 2.4 3.8 3.2 3.7 4.2 4.7 0.0251669 0.142409 8.57469e-06 0.242575 0.347782 0.0828694 0.168652 0.0691883 0 0 0 0 7.15192e-09 0.226976 0.153054 2.52146e-07 0.3246 0.144954 0.154541 0.0133863 0 0 0 0
565.085 2.60408 249.95 222.307 1.02958 1.04762 0.3 0.5 0.6 1.4 1.5 0.9 2.2 3.1 3.3 3.9 4.5 5 0.129887 0.12404 0.0134504 0.0592648 0.348024 0.208882 0.0469222 0.0991098 0 0 0 0 0.172919 0.0690714 0.00588276 0.307746 3.73101e-05 0.244958 0.200151 0.0468553 0 0 0 0
