Chi2   rChi2   BIC   AIC    Qichtot    Qimtot  R[0]  R[1]  R[2]  R[3]  R[4]  R[5]  R[6]  R[7]  R[8]  R[9]  R[10]  R[11]  Q0ch    Q1ch    Q2ch    Q3ch    Q4ch    Q5ch    Q6ch    Q7ch    Q8ch    Q9ch    Q10ch    Q11ch    Q0m    Q1m    Q2m    Q3m    Q4m    Q5m    Q6m    Q7m    Q8m    Q9m    Q10m    Q11m
668.649 3.08133 289.328 261.686 1.07788 0.942318 0.3 0.6 0.6 1.1 1.4 1.5 2.1 3.3 3.1 3.6 4.1 4.6 0.168625 0.0781758 0.00693603 0.49885 6.27254e-08 3.7284e-09 0.250726 0.0745628 0 0 0 0 0.176414 0.068616 0.0618512 0.2885 0.151287 3.66535e-06 0.181992 0.0136532 0 0 0 0
646.712 2.98024 281.522 253.88 1.07272 1.03401 0.3 0.5 0.9 1.4 1.5 1.6 2.3 3.2 3.4 3.9 4.4 5 0.186639 0.0252472 0.288427 0.212728 0.00162625 0.175881 0.0808408 0.101332 0 0 0 0 0.138042 0.139294 0.210705 0.17206 0.17311 0.000399301 0.168456 0.0319497 0 0 0 0
656.945 3.0274 285.196 257.553 1.06331 1.01321 0.2 0.4 0.6 0.8 1.4 1.5 2.2 3 3.2 3.8 4.3 4.8 0.0804246 0.0429266 0.154522 0.182848 0.00415764 0.443962 0.0276453 0.126827 0 0 0 0 0.0748306 0.109391 0.064026 0.207207 0.350781 3.48082e-05 0.170545 0.0363935 0 0 0 0
640.736 2.9527 279.35 251.708 1.07876 1.04328 0.3 0.5 0.9 1.4 1.5 1.8 2.4 3.3 3.3 3.8 4.3 4.9 0.200732 0.00310124 0.288841 0.306213 0.000107237 0.108269 0.0768371 0.0946626 0 0 0 0 0.160703 0.0870115 0.27791 5.5955e-06 0.298049 0.0437366 0.148761 0.0270996 0 0 0 0
646.299 2.97834 281.373 253.73 1.07297 1.03409 0.2 0.4 0.7 1.3 1.5 1.7 2.3 3.2 3.5 4 4.5 5.1 0.124674 0.00149062 0.275871 0.343005 0.000206542 0.151677 0.0737968 0.102248 0 0 0 0 0.0792835 0.0904864 0.260567 0.19299 0.209836 9.34762e-06 0.169047 0.031874 0 0 0 0
694.669 3.20124 298.261 270.619 1.04666 0.996312 0.3 0.5 0.6 1.1 1.4 1.5 2.1 2.9 3.2 3.7 4.3 4.9 0.0851408 0.00066587 0.28557 0.206434 2.13531e-06 0.268747 0.0950668 0.10503 0 0 0 0 0.119138 0.198044 3.44939e-07 0.249632 0.204378 1.06563e-07 0.18144 0.0436781 0 0 0 0
652.911 3.00881 283.755 256.112 1.0675 1.02562 0.2 0.4 0.6 1.2 1.5 1.7 2.2 3.1 3.3 3.9 4.5 5.1 0.105799 8.21922e-05 0.236703 0.355219 7.10361e-07 0.209416 0.0471175 0.113162 0 0 0 0 3.03073e-09 0.272519 0.0648377 0.334889 0.128536 2.21668e-09 0.185534 0.0393055 0 0 0 0
639.136 2.94533 278.765 251.122 1.0799 1.04713 0.0001 0.6 0.8 1.5 1.4 1.9 2.4 3.3 3.4 3.9 4.4 5 0.111412 0.00235879 0.377089 0.0302548 0.285355 0.119331 0.05475 0.0993456 0 0 0 0 0.0815563 0.199349 0.211427 0.364527 7.45755e-07 0.0072453 0.155748 0.0272768 0 0 0 0
646.659 2.98 281.503 253.861 1.0728 1.03468 0.3 0.5 0.9 1.4 1.5 1.6 2.3 3.2 3.4 4 4.6 5.2 0.193507 0.0102942 0.304143 0.191683 0.000796181 0.191603 0.0790073 0.101767 0 0 0 0 0.137021 0.141752 0.207349 0.189483 0.148816 0.0092903 0.168824 0.0321453 0 0 0 0
646.568 2.97958 281.47 253.828 1.07282 1.03572 0.3 0.5 0.8 1.4 1.5 2 2.3 3.2 3.3 3.8 4.3 4.9 0.169299 0.0405181 0.220597 0.423903 5.98512e-05 0.0501462 0.0658659 0.102433 0 0 0 0 0.158388 0.069976 0.234695 0.251522 0.118248 6.46786e-06 0.170634 0.0322525 0 0 0 0
635.708 2.92953 277.507 249.864 1.10607 0.971496 0.2 0.7 0.8 0.5 1.5 1.7 2.4 3.7 3.4 3.9 4.4 4.9 0.114987 5.02186e-07 0.420393 1.87131e-09 0.324539 1.05855e-08 0.174268 0.0718877 0 0 0 0 0.127482 0.134082 0.239497 3.91706e-06 0.287813 0.061355 0.115441 0.00582252 0 0 0 0
694.668 3.20124 298.261 270.619 1.04666 0.996311 0.3 0.5 0.6 1.1 1.4 1.5 2.1 2.9 3.1 3.6 4.2 4.7 0.0852085 0.000325694 0.285884 0.206365 1.6875e-07 0.268782 0.0950589 0.105032 0 0 0 0 0.11914 0.198037 6.02687e-06 0.249633 0.204376 6.63466e-08 0.18144 0.0436784 0 0 0 0
640.315 2.95076 279.196 251.553 1.07882 1.04433 0.2 0.5 0.7 1.3 1.5 1.8 2.4 3.3 3.4 3.9 4.5 5 0.125142 0.0144097 0.252471 0.372026 0.0179917 0.126885 0.0747188 0.0951741 0 0 0 0 0.11868 0.000393754 0.337119 0.127934 0.234165 0.0487246 0.150276 0.0270399 0 0 0 0
646.316 2.97842 281.379 253.736 1.073 1.03521 0.3 0.5 0.8 1.4 1.5 2 2.3 3.2 3.4 4 4.5 5 0.187087 2.01445e-05 0.252171 0.408948 0.000245889 0.0622845 0.0592787 0.102968 0 0 0 0 0.159517 0.0671334 0.237317 0.24641 0.122556 3.4502e-09 0.170079 0.0321975 0 0 0 0
664.432 3.0619 287.848 260.205 1.06198 1.0115 0.5 0.4 1.1 1.4 1.5 2 2.1 3 3.3 3.9 4.4 4.9 0.166146 0.16541 0.187363 0.068297 0.286637 0.0650917 5.48661e-05 0.122983 0 0 0 0 1.85138e-09 0.300016 0.292375 0.174644 4.02301e-10 2.03884e-10 0.196861 0.0476092 0 0 0 0
649.613 2.99361 282.569 254.927 1.10015 0.942793 0.0001 0.5 0.7 1.4 1.5 1.7 2.3 3.6 3.1 3.7 4.3 4.9 0.072539 3.60284e-12 0.396433 0.365071 7.70879e-11 9.24234e-10 0.192557 0.0735522 0 0 0 0 0.0764441 0.0599028 0.318321 0.173578 0.18738 2.04222e-08 0.12361 0.00355643 0 0 0 0
654.204 3.01476 284.217 256.575 1.06907 1.0159 0.2 0.4 0.5 1.2 1.4 1.9 2.1 3.1 3.2 3.7 4.2 4.8 0.0390524 0.157465 0.100681 0.455409 0.00413486 0.198093 0.000327793 0.113903 0 0 0 0 0.0616412 0.07481 0.179403 0.435499 2.14842e-08 5.87097e-07 0.222562 0.0419848 0 0 0 0
657.104 3.02813 285.253 257.61 1.06329 1.01413 0.0001 0.5 0.8 0.8 1.4 1.5 2.2 3 3.3 3.9 4.4 5 0.0472713 0.213317 0.143649 0.0538666 0.0144456 0.436482 0.0272343 0.127022 0 0 0 0 0.0601651 0.203523 0.157084 0.032046 0.354106 6.10978e-08 0.170092 0.0371118 0 0 0 0
645.57 2.97498 281.109 253.466 1.10362 0.945315 0.2 0.5 0.6 1.2 1.4 1.8 2.3 3.6 3.1 3.7 4.2 4.8 0.0923764 0.00120378 0.243758 0.436519 0.00174337 0.0546397 0.198578 0.0747974 0 0 0 0 0.0944597 0.00216626 0.288226 0.158467 0.215705 0.0674584 0.118828 5.71737e-06 0 0 0 0
646.495 2.97924 281.444 253.801 1.07287 1.03463 0.3 0.4 0.8 1.4 1.5 1.9 2.3 3.2 3.5 4.1 4.7 5.3 0.186551 3.75705e-05 0.254365 0.401584 1.70498e-05 0.0568799 0.0712829 0.10215 0 0 0 0 0.128106 0.0872428 0.251006 0.236497 0.130182 1.17299e-06 0.169566 0.0320273 0 0 0 0
647.101 2.98203 281.663 254.02 1.07258 1.03662 0.3 0.5 0.8 1.4 1.5 1.9 2.3 3.2 3.5 4.1 4.6 5.2 0.180471 0.0138445 0.243441 0.407206 1.33881e-06 0.0533948 0.072126 0.102094 0 0 0 0 0.145838 0.10303 0.199555 0.368249 3.03336e-08 0.0205867 0.166296 0.0330652 0 0 0 0
639.415 2.94661 278.867 251.225 1.07935 1.04258 0.2 0.6 0.9 0.8 1.5 1.6 2.4 3.3 3.5 4.1 4.6 5.1 0.151049 0.00708211 0.392916 0.0130849 0.0545793 0.286378 0.0785412 0.0957187 0 0 0 0 0.121679 0.0970367 0.0018266 0.282709 0.295213 0.0649166 0.153445 0.0257491 0 0 0 0
656.931 3.02733 285.191 257.548 1.06337 1.01276 0.2 0.4 0.5 0.8 1.4 1.5 2.2 3 3.3 3.8 4.4 5 0.0764973 8.71131e-06 0.164126 0.222463 4.37663e-06 0.445543 0.0279288 0.1268 0 0 0 0 0.0646771 0.131452 0.0304394 0.230426 0.348925 5.83875e-08 0.170801 0.0360427 0 0 0 0
657.507 3.02999 285.396 257.754 1.06318 1.01548 0.0001 0.4 0.5 0.7 1.4 1.5 2.2 3 3.2 3.7 4.2 4.8 0.0493138 0.0516953 0.0635156 0.280511 0.0557532 0.408118 0.0271451 0.127123 0 0 0 0 0.0632828 0.0792548 2.8517e-05 0.304203 0.361278 4.64667e-07 0.169208 0.0382261 0 0 0 0
646.277 2.97823 281.365 253.722 1.07296 1.03426 0.2 0.5 0.7 1.3 1.5 1.7 2.3 3.2 3.5 4 4.5 5 0.124128 0.0047343 0.272599 0.343648 0.000855162 0.150878 0.0738354 0.10228 0 0 0 0 0.0954904 0.101843 0.230358 0.19862 0.206686 8.46285e-05 0.169304 0.0318724 0 0 0 0
633.364 2.91873 276.642 249 1.0846 1.04647 0.2 0.6 0.8 1.5 1.7 2 2.5 3.4 3.6 4.2 4.8 5.3 0.132621 0.0294398 0.323733 0.408217 0.00455242 0.00629725 0.0938975 0.0858471 0 0 0 0 0.133152 0.0235475 0.370503 0.21221 0.152172 4.95403e-06 0.136339 0.0185402 0 0 0 0
694.042 3.19835 298.05 270.408 1.05196 0.987811 0.0001 0.5 0.6 1.2 1.4 1.5 2.1 3 3.2 3.7 4.3 4.8 0.044924 0.00377732 0.340164 0.270297 5.36316e-05 0.15832 0.145342 0.0890784 0 0 0 0 0.0430925 0.299937 6.84435e-07 0.304421 0.115093 5.1269e-07 0.187194 0.0380727 0 0 0 0
646.132 2.97757 281.312 253.67 1.07292 1.03369 0.0001 0.5 0.7 1.4 1.5 1.7 2.3 3.2 3.5 4.1 4.7 5.3 0.0905476 0.00116827 0.348001 0.370388 3.10078e-06 0.0812145 0.0798576 0.101744 0 0 0 0 0.0648369 0.133204 0.243601 0.321124 0.0690359 7.86936e-06 0.170537 0.0313423 0 0 0 0
694.671 3.20125 298.262 270.619 1.04666 0.99634 0.3 0.5 0.6 1.1 1.4 1.5 2.1 2.9 3.2 3.8 4.4 4.9 0.0847659 0.0023135 0.284156 0.206609 1.23302e-05 0.268712 0.0950422 0.105046 0 0 0 0 0.119151 0.198003 3.23187e-05 0.249639 0.204369 3.39746e-06 0.181452 0.0436905 0 0 0 0
677.895 3.12394 292.542 264.899 1.0496 0.968894 0.3 0.5 0.8 1.4 1.5 2 2.1 2.8 3.2 3.7 4.3 4.9 0.0329759 0.335156 0.0305167 0.265663 0.244435 9.44928e-06 5.67587e-07 0.140844 0 0 0 0 0.186923 9.35176e-05 0.282969 0.305028 0.00530152 3.10855e-05 0.15232 0.0362294 0 0 0 0
639.655 2.94772 278.955 251.312 1.07882 1.03936 0.2 0.4 0.7 0.8 1.5 1.6 2.4 3.3 3.4 3.9 4.4 5 0.137787 9.90035e-06 6.00134e-05 0.353516 0.403583 5.08165e-09 0.0909803 0.0928827 0 0 0 0 0.125889 9.98612e-08 0.183572 0.190291 0.303799 0.0592256 0.152068 0.024514 0 0 0 0
639.85 2.94862 279.026 251.384 1.07882 1.03933 0.2 0.5 0.8 1.5 1.7 1.6 2.4 3.3 3.5 4 4.5 5 0.137655 0.000487164 0.353143 0.403687 4.97367e-07 3.62366e-05 0.0910229 0.0927879 0 0 0 0 0.11438 0.0741105 0.317344 0.284788 0.00467297 0.067958 0.151373 0.0247002 0 0 0 0
632.878 2.91649 276.462 248.82 1.08502 1.04933 0.2 0.7 0.8 1.2 1.6 1.7 2.5 3.4 3.5 4 4.5 5.1 0.132474 0.196577 0.0743905 0.230301 0.219184 0.0569618 0.0872208 0.0879137 0 0 0 0 0.136597 0.00155228 0.397415 0.00869912 0.346001 0.000379091 0.139752 0.0189335 0 0 0 0
678.35 3.12604 292.699 265.056 1.04948 0.966445 0.3 0.5 0.8 1.4 1.5 2 2.1 2.8 3.2 3.8 4.4 4.9 0.0564302 0.279803 0.0793474 0.18434 0.310199 1.04457e-05 6.80839e-08 0.139348 0 0 0 0 0.18554 0.0031436 0.279934 0.310842 1.49325e-05 1.77984e-05 0.151681 0.0352709 0 0 0 0
643.474 2.96532 280.348 252.705 1.10297 0.94577 0.2 0.5 0.6 0.8 1.4 1.5 2.3 3.6 3.2 3.8 4.4 4.9 0.121056 2.87877e-09 3.084e-10 0.385868 0.318934 8.9699e-08 0.202442 0.0746701 0 0 0 0 0.113304 9.6541e-07 0.143784 0.215132 0.116967 0.229764 0.126595 0.000222247 0 0 0 0
695.122 3.20333 298.414 270.771 1.04672 0.997526 0.0001 0.5 0.6 1.3 1.5 1.6 2.1 2.9 3.2 3.8 4.4 5 0.0346238 0.000103167 0.380524 0.315579 6.78744e-05 0.117005 0.093222 0.10559 0 0 0 0 0.0607595 0.0960641 0.22831 0.384705 2.41518e-07 1.96562e-08 0.18341 0.0442772 0 0 0 0
639.228 2.94575 278.799 251.156 1.0793 1.0415 0.0001 0.6 0.8 1.4 1.5 1.6 2.4 3.3 3.4 4 4.6 5.1 0.107065 0.011593 0.387183 0.145816 0.00745657 0.243145 0.0819673 0.0950719 0 0 0 0 0.0824191 0.190863 0.22213 0.00505008 0.316513 0.0457368 0.153637 0.0251546 0 0 0 0
657.536 3.03012 285.406 257.764 1.06314 1.01589 0.0001 0.5 0.7 1.4 1.5 1.5 2.2 3 3.4 4 4.6 5.1 0.0628447 0.0870973 0.303303 0.00893655 0.246206 0.202262 0.0251539 0.127342 0 0 0 0 0.0730672 0.0938606 0.278775 0.362644 1.7626e-07 4.5541e-08 0.168958 0.0385878 0 0 0 0
691.948 3.1887 297.343 269.7 1.05196 0.986855 0.2 0.5 0.6 1.2 1.4 1.3 2.1 3 3.1 3.7 4.2 4.7 0.0588122 0.00911158 0.320444 0.207505 0.213847 0.000135339 0.153795 0.0883045 0 0 0 0 0.0613237 0.280911 1.0789e-06 0.203215 7.2222e-05 0.214056 0.190761 0.0365157 0 0 0 0
660.518 3.04386 286.465 258.822 1.06227 1.01859 0.0001 0.6 0.8 1.1 1.5 1.7 2.2 3 3.3 3.8 4.4 4.9 0.075596 0.187723 0.216773 1.72113e-05 0.370548 0.0692481 0.0158563 0.126505 0 0 0 0 0.0746815 0.30316 6.98115e-07 0.184327 0.25404 1.21723e-08 0.159482 0.0428945 0 0 0 0
677.514 3.12219 292.41 264.768 1.05001 0.96749 0.3 0.5 0.8 1.4 1.5 2 2.1 2.8 3.3 3.9 4.5 5.1 0.0176994 0.370819 0.0018532 0.293135 0.225469 1.98601e-07 1.26272e-09 0.141031 0 0 0 0 0.186956 5.07561e-06 0.282545 0.309324 0.0005854 1.10965e-05 0.152647 0.0354166 0 0 0 0
668.276 3.07961 289.198 261.555 1.07541 0.966098 0.0001 0.5 0.6 1.3 1.5 1.7 2.2 3.3 3.1 3.6 4.1 4.7 0.0480748 0.0016465 0.345316 0.414197 1.35074e-11 5.00087e-11 0.192316 0.0738583 0 0 0 0 0.0331302 0.328082 2.45035e-06 0.406842 0.0149711 4.45736e-08 0.167324 0.0157451 0 0 0 0
646.268 2.97819 281.362 253.719 1.07296 1.03412 0.2 0.5 0.7 1.3 1.5 1.7 2.3 3.2 3.5 4 4.5 5.1 0.125343 0.000125683 0.276833 0.342578 0.000196969 0.151854 0.0737727 0.102255 0 0 0 0 0.0957175 0.100876 0.231312 0.198156 0.206711 0.000391459 0.169121 0.0318343 0 0 0 0
632.935 2.91675 276.483 248.841 1.08471 1.04948 0.2 0.5 0.8 1.5 1.6 2 2.5 3.4 3.5 4.1 4.7 5.2 0.1347 0.0097637 0.345282 0.398402 0.00531558 0.0147075 0.0893448 0.0871914 0 0 0 0 0.136449 7.96769e-05 0.401264 0.0236636 0.327891 0.00114663 0.140099 0.018887 0 0 0 0
678.059 3.1247 292.598 264.956 1.0498 0.967089 0.3 0.5 0.8 1.4 1.5 2 2.1 2.8 3.3 3.9 4.4 5 0.0412059 0.315241 0.0497008 0.224381 0.279396 1.17768e-06 2.39443e-06 0.139873 0 0 0 0 0.186126 0.00175399 0.281264 0.308429 0.00207245 0.000712826 0.151117 0.0356131 0 0 0 0
634.708 2.92492 277.138 249.495 1.10784 0.970472 0.2 0.6 0.8 1.2 1.6 1.3 2.4 3.7 3.2 3.8 4.4 5 0.0648065 0.331281 3.81796e-09 0.000573293 0.0781176 0.375924 0.185046 0.0720969 0 0 0 0 0.121716 0.0956588 0.268595 5.30653e-07 0.259016 0.107467 0.115694 0.00232531 0 0 0 0
646.584 2.97965 281.476 253.834 1.07282 1.03375 0.3 0.4 0.8 1.4 1.5 1.9 2.3 3.2 3.4 4 4.6 5.1 0.171995 0.0211041 0.244671 0.405376 0.00291573 0.0509999 0.0741004 0.101656 0 0 0 0 0.130841 0.0830905 0.253376 0.230639 0.13508 7.83366e-06 0.168882 0.0318322 0 0 0 0
657.004 3.02767 285.217 257.574 1.06327 1.01342 0.2 0.5 0.8 0.7 1.4 1.5 2.2 3 3.2 3.7 4.2 4.8 0.0785971 0.150911 0.202142 0.0307793 5.96418e-05 0.446337 0.0276886 0.126755 0 0 0 0 0.0954181 0.138773 0.184181 0.0356575 0.352506 8.30917e-08 0.170228 0.0366564 0 0 0 0
639.713 2.94799 278.976 251.334 1.07892 1.04003 0.2 0.5 0.8 1.4 1.5 1.6 2.4 3.3 3.3 3.9 4.5 5 0.139187 0.000525547 0.342762 0.222301 1.83114e-05 0.193158 0.0874614 0.0935098 0 0 0 0 0.114509 0.0737446 0.317818 0.000126779 0.280003 0.0770699 0.151829 0.0249256 0 0 0 0
634.939 2.92599 277.223 249.581 1.08384 1.04683 0.2 0.6 1 1.5 1.6 2 2.5 3.4 3.5 4 4.6 5.2 0.109059 0.216794 0.179543 0.386851 0.00301544 0.00837151 0.0958481 0.084356 0 0 0 0 0.112859 0.211911 0.249056 1.25214e-05 0.294243 0.0280785 0.130383 0.0202831 0 0 0 0
646.724 2.9803 281.527 253.884 1.07266 1.03561 0.3 0.5 0.8 1.4 1.5 1.9 2.3 3.2 3.4 3.9 4.4 4.9 0.184657 5.08686e-07 0.263453 0.299788 0.116238 0.0279726 0.0788784 0.101675 0 0 0 0 0.158006 0.0708912 0.233911 0.252403 0.117682 2.30146e-06 0.170642 0.0320744 0 0 0 0
632.878 2.91649 276.462 248.82 1.08469 1.04558 0.3 2.77556e-17 0.8 1.5 1.6 1.7 2.5 3.4 3.5 4 4.6 5.1 0.118734 0.0374172 0.327741 0.403891 0.01476 1.47224e-05 0.0965456 0.0855866 0 0 0 0 0.0778599 0.0607301 0.399873 0.0121148 0.339136 0.000215429 0.138163 0.0174843 0 0 0 0
632.657 2.91547 276.381 248.738 1.08514 1.04863 0.0001 0.5 0.8 1.5 1.6 2.1 2.5 3.4 3.5 4 4.5 5 0.0911693 0.0677216 0.331059 0.401637 0.000665155 0.0205333 0.0843393 0.0880158 0 0 0 0 0.0882536 0.0729917 0.373281 0.0312188 0.324459 5.75603e-08 0.139942 0.0184864 0 0 0 0
634.757 2.92515 277.156 249.514 1.0844 1.04767 0.2 0.5 0.9 1.4 1.5 1.8 2.5 3.4 3.4 3.9 4.4 5 0.0991694 0.155724 0.209925 0.344402 0.00562066 0.0952378 0.0882075 0.0861144 0 0 0 0 0.1021 0.144769 0.293316 6.38609e-06 0.241406 0.113891 0.131544 0.0206387 0 0 0 0
662.125 3.05127 287.034 259.391 1.08418 0.956137 0.2 0.5 0.7 1.3 1.5 1.5 2.2 3.4 3.1 3.6 4.2 4.8 0.102177 9.23578e-09 0.322589 0.376128 7.1489e-10 5.11355e-10 0.209809 0.0734769 0 0 0 0 0.0481092 0.309568 9.90693e-05 0.413856 0.000642745 0.00798385 0.163934 0.0119433 0 0 0 0
646.849 2.98087 281.572 253.929 1.07265 1.03508 0.3 0.5 0.9 1.4 1.5 1.6 2.3 3.2 3.3 3.8 4.4 5 0.188416 0.0210622 0.293763 0.192608 0.0254353 0.169651 0.0801749 0.101537 0 0 0 0 0.133395 0.150599 0.193893 0.281981 0.00438999 0.0701392 0.168333 0.0323536 0 0 0 0
640.599 2.95207 279.3 251.657 1.0787 1.04179 0.3 0.5 0.9 1.4 1.5 2.4 1.7 3.3 3.3 3.9 4.4 4.9 0.201052 2.8098e-07 0.300131 0.261917 9.89096e-06 0.0830812 0.138726 0.0937863 0 0 0 0 0.16392 0.0795461 0.286705 4.638e-08 0.266036 0.149396 0.0698302 0.0263552 0 0 0 0
652.268 3.00584 283.524 255.881 1.06754 1.02915 0.2 0.5 0.7 1.3 1.5 1.7 2.2 3.1 3.2 3.8 4.4 5 0.120481 0.00137507 0.289228 0.316571 0.00107315 0.17575 0.0487146 0.114348 0 0 0 0 0.0562325 0.282294 0.0314029 0.409551 0.0177353 8.18305e-06 0.193013 0.0389082 0 0 0 0
639.673 2.9478 278.962 251.319 1.07881 1.03939 0.2 0.4 0.7 0.8 1.5 1.6 2.4 3.3 3.5 4 4.6 5.1 0.137614 0.000251628 0.000585338 0.352824 0.403706 3.07296e-07 0.0909362 0.0928969 0 0 0 0 0.12397 0.00536664 0.170776 0.200205 0.301647 0.0608547 0.152036 0.0245361 0 0 0 0
713.445 3.28777 304.502 276.86 1.04 0.977829 0.0001 0.5 0.4 1.1 1.3 1.4 1.9 2.8 2.9 3.4 4 4.6 0.000257928 0.284774 0.0509838 0.244944 0.00116292 0.193443 0.152862 0.111576 0 0 0 0 0.0653112 0.227708 1.6094e-06 0.385607 3.44378e-07 9.05674e-06 0.243134 0.0560582 0 0 0 0
649.863 2.99476 282.66 255.017 1.06871 1.02287 0.3 0.4 0.7 0.9 1.5 1.6 2.3 3.1 3.5 4 4.6 5.2 0.183651 0.00092837 0.0550346 0.279727 0.23057 0.15789 0.0467799 0.114124 0 0 0 0 0.129113 0.0952073 0.0329064 0.26315 0.317193 0.0010086 0.15471 0.0295795 0 0 0 0
659.906 3.04104 286.248 258.605 1.0942 0.928708 0.3 0.5 0.6 0.8 1.3 1.5 2.2 3.5 3.1 3.6 4.2 4.8 0.167194 1.4198e-09 1.02941e-07 0.282061 0.346716 4.96658e-10 0.223093 0.0751369 0 0 0 0 0.142803 1.26977e-05 0.216602 0.0238148 0.328354 0.0688127 0.144624 0.00368621 0 0 0 0
653.873 3.01324 284.099 256.457 1.10327 0.923456 0.3 0.5 0.6 1 1.4 1.5 2.2 3.6 3.2 3.8 4.4 5 0.194844 5.39481e-09 6.77503e-10 0.449126 0.140099 9.49307e-12 0.242137 0.0770643 0 0 0 0 0.119014 0.161245 0.0376758 0.157553 0.306312 8.50841e-07 0.141656 1.16665e-07 0 0 0 0
640.038 2.94948 279.095 251.452 1.07853 1.0439 0.3 0.4 0.6 1.2 1.5 1.9 2.5 3.3 3.4 3.9 4.5 5.1 0.153649 0.0151111 0.156352 0.351096 0.140877 0.108062 0.0601113 0.0932732 0 0 0 0 0.148802 0.00652124 0.204242 0.320101 0.0788529 0.151536 0.110561 0.0232832 0 0 0 0
634.298 2.92303 276.987 249.344 1.0846 1.04759 0.2 0.7 0.9 1.3 1.7 1.8 2.5 3.4 3.7 4.3 4.9 5.4 0.126533 0.277283 6.27816e-05 0.330547 0.175053 1.11083e-07 0.0886436 0.0864766 0 0 0 0 0.124904 0.280451 0.0718798 0.186366 0.230509 5.34645e-06 0.13336 0.0201184 0 0 0 0
646.119 2.97751 281.308 253.665 1.07299 1.03509 0.2 0.5 0.8 1.4 1.5 1.7 2.3 3.2 3.3 3.9 4.4 4.9 0.137021 0.00694581 0.33226 0.287807 0.0149678 0.118039 0.0731909 0.10276 0 0 0 0 0.0874495 0.16936 0.199964 0.27793 0.0954717 0.00247014 0.170418 0.0320246 0 0 0 0
712.426 3.28307 304.168 276.525 1.03591 0.975006 0.6 0.4 0.5 1.1 1.4 1.5 2 2.7 3.1 3.6 4.2 4.8 0.248821 0.122307 0.01447 0.154554 3.92742e-05 0.330844 0.0298748 0.135004 0 0 0 0 1.13892e-09 0.297785 3.96027e-10 0.298525 0.149648 9.24811e-10 0.173826 0.0552212 0 0 0 0
649.256 2.99196 282.441 254.798 1.06905 1.02249 0.2 0.5 0.7 1.3 1.5 1.7 2.3 3.1 3.5 4.1 4.6 5.1 0.115678 0.0127222 0.285542 0.302493 0.00184441 0.198341 0.0369157 0.11551 0 0 0 0 0.118788 8.88818e-05 0.336034 0.114577 0.26732 3.53932e-05 0.156704 0.0289437 0 0 0 0
712.423 3.28306 304.167 276.524 1.03591 0.975016 0.5 0.4 0.6 1.1 1.4 1.5 2 2.7 3.2 3.7 4.2 4.8 0.0116744 0.123369 0.250756 0.154208 2.66053e-07 0.331084 0.029794 0.13502 0 0 0 0 1.63758e-14 0.297784 5.23846e-11 0.298521 0.149654 4.11021e-08 0.173826 0.0552306 0 0 0 0
657.509 3.03 285.397 257.754 1.06335 1.01724 0.0001 0.5 0.7 1.4 1.5 1.6 2.2 3 3.4 4 4.6 5.1 0.0531307 0.142701 0.239393 0.274701 0.000259416 0.2054 0.0191177 0.128652 0 0 0 0 0.0732857 0.0928959 0.279846 0.362475 2.71403e-08 7.02443e-05 0.169612 0.0390575 0 0 0 0
633.011 2.9171 276.512 248.869 1.08462 1.04682 0.2 0.7 0.8 1.5 1.7 1.6 2.5 3.4 3.5 4.1 4.7 5.3 0.13357 0.0555043 0.297074 0.385468 5.51298e-06 0.0317486 0.0953776 0.0858749 0 0 0 0 0.136467 0.000946536 0.399494 0.0514842 0.0313678 0.270647 0.138332 0.0180768 0 0 0 0
652.233 3.00568 283.512 255.869 1.10461 0.926254 0.2 0.4 0.6 0.9 1.3 1.5 2.2 3.6 3.2 3.8 4.3 4.8 0.144454 1.17036e-10 3.85952e-08 0.403574 0.231171 6.8717e-10 0.24831 0.0771039 0 0 0 0 0.0929237 0.000326029 0.295328 0.000448134 0.307301 0.086926 0.143002 1.77886e-09 0 0 0 0
657.061 3.02793 285.237 257.595 1.06334 1.01396 0.0001 0.6 1 1.4 1.5 1.5 2.2 3 3.4 4 4.6 5.2 0.0584925 0.33474 0.072709 3.50237e-05 0.44177 0.00130266 0.0272367 0.127055 0 0 0 0 0.0706218 0.320892 0.0670257 0.348059 4.82408e-09 5.87368e-08 0.17041 0.0369547 0 0 0 0
651.935 3.00431 283.405 255.762 1.06778 1.03049 0.0001 0.5 0.6 1.3 1.5 1.9 2.2 3.1 3.4 4 4.5 5.1 0.0690824 0.0224353 0.279497 0.418842 3.76687e-07 0.148389 0.0133408 0.116191 0 0 0 0 0.0335442 0.330711 0.00101054 0.421819 0.00973201 4.56886e-05 0.194388 0.0392428 0 0 0 0
630.716 2.90652 275.661 248.019 1.0935 1.04433 0.2 0.5 0.8 1.4 1.5 2.2 2.7 3.6 3.4 4 4.6 5.1 0.0652585 0.228613 0.124707 0.265205 0.211502 0.0337641 0.0977597 0.0666865 0 0 0 0 0.116308 0.0686325 0.320546 1.8065e-05 0.338567 0.114541 0.0717574 0.0139602 0 0 0 0
639.384 2.94647 278.855 251.213 1.07928 1.04185 0.0001 0.5 0.8 1.4 1.5 1.6 2.4 3.3 3.4 3.9 4.4 4.9 0.108557 0.000277261 0.40056 0.139177 0.000856059 0.253367 0.0813178 0.0951634 0 0 0 0 0.0731671 0.139006 0.289466 5.3222e-05 0.30158 0.0598664 0.153287 0.0254197 0 0 0 0
640.907 2.95349 279.412 251.77 1.07882 1.04479 0.3 0.5 0.9 1.4 1.5 1.9 2.4 3.3 3.3 3.8 4.4 4.9 0.198973 0.0085477 0.278388 0.324295 0.0112626 0.092881 0.0689088 0.0955655 0 0 0 0 0.157961 0.0932708 0.270998 2.74086e-08 0.314066 0.032957 0.147664 0.0278756 0 0 0 0
661.175 3.04689 286.698 259.055 1.06246 1.02045 0.0001 0.4 0.5 1.2 1.4 1.8 2.1 3 3.3 3.8 4.3 4.9 0.0056939 0.0895442 0.257789 0.172801 0.271739 0.136697 5.23771e-05 0.128148 0 0 0 0 0.00073649 0.256873 0.0644026 0.381268 0.0597765 2.85579e-07 0.208626 0.0487633 0 0 0 0
639.834 2.94854 279.02 251.378 1.07879 1.03924 0.2 0.5 0.8 0.8 1.5 1.6 2.4 3.3 3.5 4 4.6 5.1 0.137579 0.000639044 0.353065 1.57142e-05 0.403007 0.000751545 0.090898 0.0928355 0 0 0 0 0.114552 0.0735129 0.291145 0.0269391 0.279002 0.0779737 0.151452 0.024667 0 0 0 0
634.327 2.92316 276.997 249.355 1.0845 1.04881 0.2 0.7 0.9 1.3 1.7 1.8 2.5 3.4 3.7 4.2 4.7 5.3 0.126476 0.277414 6.72945e-06 0.330437 0.175255 4.07989e-05 0.0882846 0.0865859 0 0 0 0 0.12463 0.28367 0.067084 0.189846 0.227016 0.00208179 0.134007 0.020476 0 0 0 0
686.043 3.16149 295.338 267.695 1.05974 0.97473 0.2 0.4 0.6 0.7 1.4 1.5 2.2 3.1 3.1 3.7 4.2 4.7 0.0868712 0.000160062 8.14912e-08 0.377893 0.366895 8.94834e-08 0.149319 0.0785978 0 0 0 0 0.114729 0.0109545 2.31157e-06 0.31843 0.353343 1.63523e-08 0.154189 0.0230823 0 0 0 0
633.391 2.91885 276.652 249.01 1.08451 1.0461 0.2 0.7 0.8 1.5 1.7 1 2.5 3.4 3.6 4.1 4.7 5.3 0.132663 0.0722572 0.277287 0.409841 0.00957019 0.00133403 0.0961635 0.0853907 0 0 0 0 0.133967 0.0524209 0.335225 0.211534 0.152577 0.00584294 0.136152 0.0183788 0 0 0 0
634.059 2.92193 276.899 249.256 1.10726 0.975169 0.0001 0.7 0.4 1.2 1.6 1.4 2.4 3.7 3.3 3.9 4.5 5.1 0.017413 0.248092 0.155512 0.0712408 0.000273167 0.356264 0.186728 0.0717339 0 0 0 0 0.0878526 0.383369 9.65854e-08 0.0235728 0.211879 0.144829 0.119954 0.00371259 0 0 0 0
652.545 3.00712 283.623 255.981 1.06726 1.0275 0.2 0.4 0.6 0.8 1.5 1.3 2.2 3.1 3.4 4 4.6 5.2 0.129159 0.000682036 0.0273304 0.333899 0.398526 7.5261e-06 0.065148 0.112503 0 0 0 0 0.0322848 0.17159 0.16156 0.00760706 0.0230563 0.401284 0.191786 0.0383285 0 0 0 0
652.543 3.00711 283.623 255.98 1.06723 1.02751 0.2 0.5 0.8 1.4 1.5 1.3 2.2 3.1 3.4 3.9 4.5 5.1 0.126643 0.0236465 0.340846 0.00149939 0.396763 5.06696e-05 0.0653005 0.11248 0 0 0 0 0.0551551 0.29159 0.0261128 3.49456e-07 0.0220588 0.402379 0.191911 0.0382987 0 0 0 0
635.116 2.9268 277.289 249.646 1.08428 1.04742 0.3 0.5 0.9 1.4 1.5 1.8 2.5 3.4 3.4 4 4.6 5.2 0.171443 0.0650254 0.234132 0.323517 0.0232201 0.0922534 0.0889299 0.0857593 0 0 0 0 0.178625 0.0473859 0.319883 7.84475e-10 0.230476 0.119633 0.130562 0.02085 0 0 0 0
662.101 3.05115 287.025 259.383 1.08411 0.9567 0.2 0.5 0.6 0.7 1.3 1.4 2.2 3.4 3.1 3.7 4.3 4.8 0.102167 2.2599e-08 2.11825e-08 0.322591 0.376133 2.15967e-09 0.209746 0.0734758 0 0 0 0 0.0479817 0.309824 0.000199232 6.3747e-07 0.405427 0.0167115 0.164445 0.0121112 0 0 0 0
657.501 3.02996 285.394 257.751 1.06337 1.01322 0.2 0.5 0.8 0.7 1.4 1.5 2.2 3 3.3 3.9 4.4 4.9 0.0397291 0.280424 0.0916398 0.00596846 0.217735 0.267105 0.0344587 0.126309 0 0 0 0 0.0936326 0.151061 0.206652 0.00384411 0.351029 4.9877e-07 0.170737 0.0362637 0 0 0 0
644.368 2.96944 280.673 253.03 1.07483 1.04173 0.0001 0.6 0.9 1.4 1.5 1.9 2.3 3.2 3.3 3.9 4.5 5.1 0.122396 0.0105852 0.442733 0.168272 0.00180445 0.215632 0.00139616 0.112007 0 0 0 0 0.0688404 0.326823 0.0473539 0.335254 0.0541644 1.67344e-06 0.175142 0.0341504 0 0 0 0
712.412 3.283 304.163 276.52 1.0359 0.975004 0.6 0.4 0.6 1.1 1.4 1.5 2 2.7 3.2 3.8 4.4 4.9 0.202398 0.127916 0.0562041 0.153163 2.45309e-09 0.331461 0.0297449 0.135016 0 0 0 0 3.44561e-10 0.297784 2.05936e-10 0.298524 0.149649 1.79348e-09 0.173825 0.0552218 0 0 0 0
677.908 3.124 292.546 264.903 1.04949 0.968578 0.3 0.5 0.8 1.4 1.5 2 2.1 2.8 3.2 3.8 4.4 4.9 0.0340074 0.332691 0.0334694 0.254575 0.254267 7.24918e-06 3.50799e-06 0.14047 0 0 0 0 0.186923 1.29992e-05 0.283027 0.305761 0.00430044 0.00132682 0.151057 0.0361698 0 0 0 0
636.71 2.93415 277.875 250.232 1.10771 0.968145 0.2 0.4 0.7 1.3 1.5 1.9 2.4 3.7 3.2 3.8 4.3 4.9 0.027352 0.149321 0.23789 0.304138 0.129019 0.00231059 0.186088 0.0715876 0 0 0 0 0.11822 1.21107e-06 0.329406 0.143964 0.206929 0.0595622 0.107631 0.00243071 0 0 0 0
647.894 2.98568 281.949 254.307 1.07244 1.03953 0.4 0.5 1.1 1.3 1.5 1.9 2.3 3.2 3.4 4 4.5 5 0.281274 0.018632 0.125649 0.376053 3.50632e-08 0.11152 0.0560926 0.10322 0 0 0 0 0.255369 0.0642289 0.238776 0.0706351 0.184276 0.0285235 0.162928 0.0347973 0 0 0 0
652.42 3.00654 283.579 255.936 1.06767 1.02746 0.0001 0.4 0.5 1.2 1.5 1.8 2.2 3.1 3.4 4 4.5 5 0.0509174 0.000121474 0.263141 0.419507 5.04293e-08 0.19265 0.0265306 0.114805 0 0 0 0 5.05354e-08 0.234514 0.0974541 0.345999 0.122467 2.40545e-10 0.187423 0.0396068 0 0 0 0
643.488 2.96538 280.353 252.71 1.07853 1.05111 0.0001 0.4 0.5 1.2 1.5 1.9 2.4 3.3 3.3 3.9 4.5 5.1 0.0530827 0.0637799 0.177249 0.466433 0.00934951 0.160541 0.0504925 0.0976073 0 0 0 0 0.0315925 0.0406 0.278199 0.312029 0.128527 0.0893739 0.138565 0.0322282 0 0 0 0
657.072 3.02798 285.241 257.599 1.06324 1.01395 0.0001 0.5 0.8 0.8 1.4 1.5 2.2 3 3.3 3.8 4.3 4.8 0.0493777 0.205007 0.0669581 0.140098 0.000374283 0.44733 0.0272291 0.126863 0 0 0 0 0.0601197 0.203685 0.095626 0.0933108 0.354173 1.02577e-06 0.169973 0.0370664 0 0 0 0
633.889 2.92115 276.836 249.193 1.10714 0.976318 0.0001 0.5 0.7 1.1 1.5 1.6 2.4 3.7 3.2 3.7 4.2 4.7 0.0253152 0.296226 0.00355716 0.284521 0.242632 4.13864e-08 0.182808 0.0720775 0 0 0 0 0.0883172 1.07366e-09 0.377598 0.0427435 0.220769 0.121401 0.121053 0.00443637 0 0 0 0
657.074 3.02799 285.242 257.599 1.0632 1.01391 0.0001 0.5 0.8 0.7 1.4 1.5 2.2 3 3.3 3.9 4.4 5 0.0523591 0.182916 0.175961 0.0496869 0.000200592 0.447981 0.02735 0.126744 0 0 0 0 0.0606584 0.198975 0.180524 0.0122316 0.354583 2.60104e-07 0.169836 0.0370988 0 0 0 0
632.718 2.91575 276.403 248.761 1.08482 1.04736 0.0001 0.7 0.8 1.5 1.6 1.7 2.5 3.4 3.5 4.1 4.6 5.2 0.0967523 0.203888 0.182361 0.40054 0.00230265 0.0187546 0.0936973 0.0865272 0 0 0 0 0.0955094 0.215273 0.212305 0.123641 0.194481 0.0488556 0.13933 0.0179599 0 0 0 0
647.076 2.98192 281.654 254.011 1.07266 1.03767 0.3 0.5 0.8 1.4 1.5 2 2.3 3.2 3.3 3.9 4.5 5.1 0.183795 0.0073767 0.246376 0.411996 1.35542e-05 0.0605509 0.0595943 0.102958 0 0 0 0 0.143419 0.109151 0.193873 0.37357 0.000160011 0.0197733 0.164167 0.0335573 0 0 0 0
