13
25
141
52
119
142
83
94
117
66
89
106
111
128
110
41
141
110
16
39
51
141
108
132
14
60
12
143
20
32
56
68
80
92
117
129
141
84
85
98
111
125
97
109
121
65
83
3
119
3
3
23
3
3
9
21
110
131
143
109
71
132
18
31
110
98
74
141
53
71
76
89
101
113
125
137
110
119
110
10
21
44
56
78
101
113
9
21
34
83
70
82
93
142
34
45
85
10
23
3
3
139
142
3
38
3
131
3
3
27
39
51
74
87
99
111
128
97
108
39
75
101
113
126
141
23
66
13
14
15
80
34
12
111
68
3
15
26
15
84
109
110
122
128
62
2
101
68
141
3
80
119
80
3
3
82
82
3
3
141
129
6
85
110
111
128
137
39
86
12
15
38
93
3
132
141
3
10
22
34
41
38
